6950.0	20956.50804397
6950.5	20955.93652451
6951.0	20958.43113011
6951.5	20963.54081561
6952.0	20968.35064242
6952.5	20973.89810846
6953.0	20979.67279963
6953.5	20984.94997999
6954.0	20989.11323835
6954.5	20992.92693015
6955.0	20995.16683976
6955.5	20996.8400976
6956.0	20999.47017123
6956.5	21002.67432259
6957.0	21007.764773
6957.5	21012.6817202
6958.0	21016.47080475
6958.5	21020.20308535
6959.0	21023.14518818
6959.5	21026.83743791
6960.0	21031.64915879
6960.5	21038.09174466
6961.0	21044.09511169
6961.5	21048.7768573
6962.0	21052.9327333
6962.5	21056.61147678
6963.0	21060.47512206
6963.5	21064.26123121
6964.0	21068.27793189
6964.5	21072.28199905
6965.0	21076.36163551
6965.5	21080.73497235
6966.0	21084.84997407
6966.5	21088.65526145
6967.0	21093.26202748
6967.5	21099.8913224
6968.0	21106.14207878
6968.5	21111.14058789
6969.0	21114.95707591
6969.5	21119.11673037
6970.0	21123.93019997
6970.5	21128.59082404
6971.0	21131.38619433
6971.5	21133.21423284
6972.0	21135.96237187
6972.5	21140.04818785
6973.0	21145.63798678
6973.5	21152.23675077
6974.0	21158.88926414
6974.5	21165.44669574
6975.0	21171.68461
6975.5	21176.46171427
6976.0	21180.72092745
6976.5	21183.48757902
6977.0	21185.59989401
6977.5	21185.83061944
6978.0	21187.88590231
6978.5	21191.97328198
6979.0	21195.554813
6979.5	21199.7846458
6980.0	21204.73715053
6980.5	21211.52913985
6981.0	21220.42164189
6981.5	21228.98410518
6982.0	21236.06966582
6982.5	21241.53014846
6983.0	21246.23091164
6983.5	21250.0477648
6984.0	21254.33983878
6984.5	21259.76553228
6985.0	21266.50226244
6985.5	21272.8162973
6986.0	21278.39700799
6986.5	21282.98835176
6987.0	21288.49223541
6987.5	21293.249444
6988.0	21297.02379174
6988.5	21299.17628549
6989.0	21300.52357006
6989.5	21303.18610039
6990.0	21306.33377156
6990.5	21309.68005306
6991.0	21312.93710382
6991.5	21316.41908065
6992.0	21320.22921153
6992.5	21323.99875736
6993.0	21327.8258113
6993.5	21330.92748755
6994.0	21333.7017154
6994.5	21338.73891353
6995.0	21344.23286586
6995.5	21349.4274516
6996.0	21355.01964022
6996.5	21361.88961858
6997.0	21367.60936292
6997.5	21371.7990355
6998.0	21375.14045206
6998.5	21380.13448544
6999.0	21384.18895621
6999.5	21387.86144648
7000.0	21390.92048602
7000.5	21394.66257679
7001.0	21398.39480944
7001.5	21402.67805924
7002.0	21406.51097328
7002.5	21410.64552741
7003.0	21415.97039701
7003.5	21421.33328378
7004.0	21425.57039382
7004.5	21428.67919345
7005.0	21429.90134819
7005.5	21431.21671174
7006.0	21433.03067744
7006.5	21435.9719511
7007.0	21440.76256926
7007.5	21444.57227
7008.0	21447.84834108
7008.5	21451.89039989
7009.0	21456.29337715
7009.5	21461.07290195
7010.0	21466.1826865
7010.5	21471.5933595
7011.0	21476.80447132
7011.5	21481.83554758
7012.0	21487.60664646
7012.5	21494.05882928
7013.0	21500.65542975
7013.5	21507.7862007
7014.0	21513.68530441
7014.5	21518.88887633
7015.0	21523.10816113
7015.5	21528.0379104
7016.0	21533.12637236
7016.5	21538.12063555
7017.0	21542.96462365
7017.5	21548.71055587
7018.0	21554.50454766
7018.5	21559.9587734
7019.0	21564.3671421
7019.5	21568.61810833
7020.0	21572.28220369
7020.5	21575.50816456
7021.0	21577.58346303
7021.5	21579.57000349
7022.0	21583.55190012
7022.5	21588.645654
7023.0	21593.88056929
7023.5	21601.06270772
7024.0	21607.78222861
7024.5	21612.85613467
7025.0	21616.44631426
7025.5	21618.79450754
7026.0	21623.33724042
7026.5	21628.9519924
7027.0	21634.55814749
7027.5	21640.0624309
7028.0	21644.24987332
7028.5	21648.03574238
7029.0	21651.22697711
7029.5	21653.32823196
7030.0	21657.12446223
7030.5	21663.80043694
7031.0	21670.03033592
7031.5	21674.8631357
7032.0	21677.81564481
7032.5	21680.51331446
7033.0	21684.16223209
7033.5	21690.13703578
7034.0	21697.72643856
7034.5	21704.24293156
7035.0	21711.05255998
7035.5	21717.20116232
7036.0	21721.95948483
7036.5	21725.79724257
7037.0	21729.13056374
7037.5	21732.46472974
7038.0	21735.77907487
7038.5	21740.44156939
7039.0	21745.74899075
7039.5	21751.29268018
7040.0	21756.15196861
7040.5	21760.40486173
7041.0	21764.61906224
7041.5	21768.290449
7042.0	21773.38731198
7042.5	21779.99859511
7043.0	21785.30561137
7043.5	21789.11943873
7044.0	21792.73629172
7044.5	21797.0042961
7045.0	21801.36140597
7045.5	21804.67582841
7046.0	21809.6378242
7046.5	21814.79036971
7047.0	21819.72901352
7047.5	21824.190313
7048.0	21828.62832644
7048.5	21832.0084768
7049.0	21834.76539324
7049.5	21838.59767599
7050.0	21842.57489586
7050.5	21846.69234357
7051.0	21850.75001894
7051.5	21855.93277298
7052.0	21861.10833745
7052.5	21866.4125193
7053.0	21871.35762614
7053.5	21876.47760969
7054.0	21880.32337651
7054.5	21884.36145511
7055.0	21887.31079315
7055.5	21891.43207216
7056.0	21896.88094613
7056.5	21902.21698653
7057.0	21906.40320486
7057.5	21910.51992518
7058.0	21914.62002991
7058.5	21919.29209316
7059.0	21925.60251099
7059.5	21932.43740705
7060.0	21939.498083
7060.5	21945.17087414
7061.0	21948.76481406
7061.5	21951.05634206
7062.0	21953.36983257
7062.5	21956.69371292
7063.0	21960.78236575
7063.5	21964.16869952
7064.0	21967.54166465
7064.5	21971.08702975
7065.0	21974.74380854
7065.5	21978.48499649
7066.0	21983.74596946
7066.5	21991.12010249
7067.0	21998.72543039
7067.5	22005.7647849
7068.0	22011.70661543
7068.5	22015.55014693
7069.0	22017.82335672
7069.5	22020.1148351
7070.0	22023.62042041
7070.5	22030.89028191
7071.0	22038.40217917
7071.5	22046.11958731
7072.0	22053.79642055
7072.5	22061.04118694
7073.0	22065.42535666
7073.5	22067.99041175
7074.0	22069.81563401
7074.5	22072.61379701
7075.0	22077.77293814
7075.5	22082.78384047
7076.0	22087.54194909
7076.5	22091.0821114
7077.0	22094.48384667
7077.5	22099.32420027
7078.0	22103.16605316
7078.5	22107.37193503
7079.0	22112.11322496
7079.5	22115.6291698
7080.0	22118.40159116
7080.5	22121.21424227
7081.0	22124.06168369
7081.5	22126.20961909
7082.0	22128.27536443
7082.5	22130.67254382
7083.0	22134.09819195
7083.5	22137.76374907
7084.0	22142.73643774
7084.5	22147.87759149
7085.0	22153.64314684
7085.5	22159.01041469
7086.0	22164.57610686
7086.5	22170.61570428
7087.0	22175.60567755
7087.5	22180.05266279
7088.0	22184.3790196
7088.5	22189.53424763
7089.0	22196.00983015
7089.5	22202.90404166
7090.0	22209.76761371
7090.5	22215.70572982
7091.0	22222.18956565
7091.5	22227.7395502
7092.0	22232.91227866
7092.5	22237.65097818
7093.0	22240.95914463
7093.5	22243.80771457
7094.0	22246.25366282
7094.5	22250.05393582
7095.0	22253.86437176
7095.5	22258.78245575
7096.0	22265.02420076
7096.5	22272.75967341
7097.0	22279.58069394
7097.5	22283.09425931
7098.0	22285.18863914
7098.5	22288.73027208
7099.0	22294.3220916
7099.5	22300.14707656
7100.0	22306.10143596
7100.5	22311.30512031
7101.0	22314.92675669
7101.5	22318.49171215
7102.0	22322.4520889
7102.5	22326.96430762
7103.0	22332.17353996
7103.5	22337.74303408
7104.0	22342.39843377
7104.5	22347.4823395
7105.0	22351.70658501
7105.5	22356.92520014
7106.0	22363.28151011
7106.5	22369.39698558
7107.0	22373.61103283
7107.5	22376.68569392
7108.0	22378.52890916
7108.5	22381.23656957
7109.0	22385.29989799
7109.5	22388.70438041
7110.0	22389.74618264
7110.5	22387.78376017
7111.0	22384.98644083
7111.5	22382.46889387
7112.0	22380.60246335
7112.5	22378.88436708
7113.0	22377.11637498
7113.5	22376.66002489
7114.0	22377.06089638
7114.5	22378.21781226
7115.0	22381.15105115
7115.5	22386.33522012
7116.0	22390.66733092
7116.5	22394.72097582
7117.0	22396.45928555
7117.5	22398.86725933
7118.0	22400.62017812
7118.5	22401.39742975
7119.0	22402.28481424
7119.5	22402.91815738
7120.0	22404.85298238
7120.5	22407.41876478
7121.0	22412.1314684
7121.5	22415.32525861
7122.0	22417.27505901
7122.5	22417.45975522
7123.0	22417.80474768
7123.5	22419.21262852
7124.0	22420.16609931
7124.5	22420.16498341
7125.0	22418.40175729
7125.5	22417.04977882
7126.0	22416.19754754
7126.5	22415.46654906
7127.0	22415.08930291
7127.5	22416.17796061
7128.0	22417.2073485
7128.5	22418.96015974
7129.0	22420.41743365
7129.5	22421.18072332
7130.0	22419.98846753
7130.5	22417.07962107
7131.0	22414.24454169
7131.5	22411.75697668
7132.0	22411.53168223
7132.5	22414.05051592
7133.0	22418.24771266
7133.5	22423.48657144
7134.0	22427.71755467
7134.5	22433.13670444
7135.0	22439.95305016
7135.5	22446.64676621
7136.0	22450.40146067
7136.5	22443.80871164
7137.0	22378.64912552
7137.5	22209.27191926
7138.0	22123.57264068
7138.5	22219.03530901
7139.0	22318.62433906
7139.5	22405.62333131
7140.0	22445.90155386
7140.5	22464.35578121
7141.0	22473.61401791
7141.5	22461.25060307
7142.0	22359.94252016
7142.5	22200.41692813
7143.0	22177.19859848
7143.5	22292.43365375
7144.0	22397.50112741
7144.5	22474.07060672
7145.0	22503.35149078
7145.5	22518.3398221
7146.0	22529.14450038
7146.5	22538.64081137
7147.0	22547.8014814
7147.5	22557.46542765
7148.0	22566.14867686
7148.5	22573.89798943
7149.0	22580.87869275
7149.5	22588.08515622
7150.0	22595.12790532
7150.5	22601.97747132
7151.0	22608.80416914
7151.5	22614.42905504
7152.0	22619.65813103
7152.5	22625.40218435
7153.0	22630.80867703
7153.5	22635.2970047
7154.0	22639.75417733
7154.5	22643.62275426
7155.0	22648.2915345
7155.5	22653.28782179
7156.0	22658.61826878
7156.5	22662.67489136
7157.0	22667.12702204
7157.5	22671.18524162
7158.0	22674.65872076
7158.5	22679.85467535
7159.0	22684.76713759
7159.5	22689.6339238
7160.0	22693.69762588
7160.5	22696.79560837
7161.0	22700.04737716
7161.5	22702.64958553
7162.0	22705.29176971
7162.5	22708.22484845
7163.0	22710.91143287
7163.5	22713.36666501
7164.0	22717.07187747
7164.5	22721.25796705
7165.0	22726.10297149
7165.5	22730.38713639
7166.0	22733.45115638
7166.5	22735.96573205
7167.0	22738.11182188
7167.5	22740.70175021
7168.0	22743.57546073
7168.5	22747.28850553
7169.0	22752.51988054
7169.5	22756.52738388
7170.0	22758.55356827
7170.5	22759.88402638
7171.0	22760.49546629
7171.5	22761.15129158
7172.0	22762.68107151
7172.5	22765.87297853
7173.0	22769.68909084
7173.5	22774.94522919
7174.0	22781.1979694
7174.5	22788.00503932
7175.0	22794.2729103
7175.5	22799.24044119
7176.0	22803.7609234
7176.5	22808.07492565
7177.0	22812.09678106
7177.5	22816.73826802
7178.0	22821.16851325
7178.5	22825.43986923
7179.0	22829.52694512
7179.5	22833.28379716
7180.0	22837.35880768
7180.5	22841.12959683
7181.0	22845.33851871
7181.5	22850.52737557
7182.0	22857.67525959
7182.5	22865.0433054
7183.0	22871.88048902
7183.5	22877.01838376
7184.0	22880.50336101
7184.5	22883.61696653
7185.0	22886.84062313
7185.5	22891.19759311
7186.0	22896.22662084
7186.5	22902.52929716
7187.0	22909.73119581
7187.5	22916.66403778
7188.0	22921.30679881
7188.5	22925.42971815
7189.0	22929.08110684
7189.5	22932.15420678
7190.0	22935.36643577
7190.5	22939.52758854
7191.0	22944.08982759
7191.5	22949.41359489
7192.0	22953.9750588
7192.5	22957.7775893
7193.0	22961.79660574
7193.5	22967.36092747
7194.0	22973.05715862
7194.5	22978.00243038
7195.0	22982.02120946
7195.5	22987.05451504
7196.0	22992.36081512
7196.5	22996.37741633
7197.0	22999.46451526
7197.5	23001.80929293
7198.0	23004.24793324
7198.5	23006.64782387
7199.0	23011.29632032
7199.5	23016.71747389
7200.0	23022.08917931
7200.5	23026.35156291
7201.0	23029.48224375
7201.5	23033.71989522
7202.0	23037.49512081
7202.5	23040.77306087
7203.0	23044.83280672
7203.5	23048.95854321
7204.0	23052.21833709
7204.5	23054.65398479
7205.0	23057.94006543
7205.5	23063.43709449
7206.0	23070.24954367
7206.5	23076.71637405
7207.0	23082.036301
7207.5	23087.75746287
7208.0	23094.43099577
7208.5	23100.98384414
7209.0	23106.89026018
7209.5	23112.29087424
7210.0	23117.90689522
7210.5	23123.77326409
7211.0	23128.57394564
7211.5	23132.86242879
7212.0	23135.90236302
7212.5	23138.52652707
7213.0	23141.10290204
7213.5	23144.9983585
7214.0	23148.70571037
7214.5	23153.24448521
7215.0	23157.39421071
7215.5	23161.49224363
7216.0	23164.6077916
7216.5	23167.36584012
7217.0	23170.11278815
7217.5	23172.91820957
7218.0	23176.62815174
7218.5	23181.2536438
7219.0	23186.54054572
7219.5	23192.71429816
7220.0	23198.75858538
7220.5	23204.14474279
7221.0	23208.60860273
7221.5	23212.97372596
7222.0	23216.03155947
7222.5	23218.97512281
7223.0	23221.41837858
7223.5	23224.18074092
7224.0	23227.31611011
7224.5	23231.05970504
7225.0	23235.062483
7225.5	23238.59047986
7226.0	23242.24275086
7226.5	23246.65887816
7227.0	23251.84644088
7227.5	23256.90490256
7228.0	23261.3946214
7228.5	23266.16444822
7229.0	23270.8472218
7229.5	23275.08507847
7230.0	23279.32338525
7230.5	23282.48206043
7231.0	23285.74262825
7231.5	23289.39415956
7232.0	23291.89513067
7232.5	23294.59415228
7233.0	23297.06926672
7233.5	23299.78229907
7234.0	23301.81057743
7234.5	23306.93534942
7235.0	23311.8025528
7235.5	23317.42115408
7236.0	23322.6300416
7236.5	23327.60501164
7237.0	23333.14802719
7237.5	23340.00929864
7238.0	23346.15566891
7238.5	23351.08824956
7239.0	23355.37684607
7239.5	23359.11916453
7240.0	23362.65488065
7240.5	23365.49312465
7241.0	23367.80148381
7241.5	23370.72602951
7242.0	23373.84593284
7242.5	23377.9247953
7243.0	23381.69238694
7243.5	23385.57445816
7244.0	23388.77725705
7244.5	23392.65611352
7245.0	23397.67961725
7245.5	23404.37593961
7246.0	23412.10334363
7246.5	23418.79476466
7247.0	23423.55580115
7247.5	23428.15400739
7248.0	23432.92922543
7248.5	23436.96324571
7249.0	23441.40915806
7249.5	23445.01429402
7250.0	23447.52077127
7250.5	23449.61289166
7251.0	23452.37404385
7251.5	23456.0322447
7252.0	23460.27661373
7252.5	23463.93615287
7253.0	23466.65566849
7253.5	23468.37673629
7254.0	23470.82981251
7254.5	23475.39961788
7255.0	23481.68563974
7255.5	23489.17989596
7256.0	23495.11775977
7256.5	23500.17257291
7257.0	23505.67068758
7257.5	23512.48040749
7258.0	23519.69311047
7258.5	23525.31854311
7259.0	23528.92656973
7259.5	23531.24808358
7260.0	23533.44601714
7260.5	23535.88015719
7261.0	23539.86727513
7261.5	23543.4135951
7262.0	23544.22833975
7262.5	23545.42062741
7263.0	23547.91170555
7263.5	23551.58488774
7264.0	23555.72002723
7264.5	23559.86072037
7265.0	23563.74277294
7265.5	23568.11959138
7266.0	23573.25838341
7266.5	23578.98000878
7267.0	23583.99907951
7267.5	23589.43405037
7268.0	23594.25284103
7268.5	23599.41721271
7269.0	23604.75143584
7269.5	23610.83094938
7270.0	23617.05284619
7270.5	23622.33150349
7271.0	23627.20383949
7271.5	23631.42413574
7272.0	23636.27474977
7272.5	23640.16799397
7273.0	23643.52244729
7273.5	23647.7451224
7274.0	23650.9061798
7274.5	23653.7392712
7275.0	23657.10806085
7275.5	23661.1886846
7276.0	23666.35628386
7276.5	23671.51535699
7277.0	23676.83009549
7277.5	23682.54563291
7278.0	23688.19639984
7278.5	23693.79878965
7279.0	23699.0868878
7279.5	23704.39511616
7280.0	23708.07141414
7280.5	23710.39427908
7281.0	23711.44618127
7281.5	23712.15865051
7282.0	23713.13655112
7282.5	23716.59946879
7283.0	23720.96534363
7283.5	23725.81068252
7284.0	23732.36802405
7284.5	23738.23481308
7285.0	23744.83947149
7285.5	23750.33611397
7286.0	23755.17614788
7286.5	23759.71927339
7287.0	23762.58613428
7287.5	23765.45573432
7288.0	23769.13292924
7288.5	23773.28138514
7289.0	23776.94576277
7289.5	23780.79268814
7290.0	23783.9775648
7290.5	23787.84017028
7291.0	23792.00137524
7291.5	23797.0600796
7292.0	23802.16011045
7292.5	23806.16895788
7293.0	23808.78281725
7293.5	23812.77187657
7294.0	23818.49246139
7294.5	23823.53214415
7295.0	23828.11060344
7295.5	23833.26710441
7296.0	23838.59421199
7296.5	23844.8867774
7297.0	23851.09242622
7297.5	23856.43075406
7298.0	23862.05446448
7298.5	23866.7848415
7299.0	23870.34673246
7299.5	23873.94139241
7300.0	23878.24616979
7300.5	23882.27284677
7301.0	23885.94284077
7301.5	23889.33056755
7302.0	23892.78570073
7302.5	23895.95944549
7303.0	23900.40608095
7303.5	23905.30635915
7304.0	23910.72873014
7304.5	23915.75389277
7305.0	23921.19310246
7305.5	23926.39341854
7306.0	23931.40560983
7306.5	23936.99420462
7307.0	23941.84905012
7307.5	23946.02542436
7308.0	23948.05565993
7308.5	23949.85282395
7309.0	23951.07919798
7309.5	23952.43817001
7310.0	23954.03343379
7310.5	23956.0138414
7311.0	23960.11421224
7311.5	23964.25528305
7312.0	23968.33669875
7312.5	23972.67757493
7313.0	23978.37868915
7313.5	23984.62214369
7314.0	23989.77741764
7314.5	23995.0201318
7315.0	24000.46827483
7315.5	24005.08276381
7316.0	24007.68783282
7316.5	24009.30397065
7317.0	24011.70054389
7317.5	24014.49456816
7318.0	24017.20885369
7318.5	24020.07790082
7319.0	24022.9870771
7319.5	24025.02033945
7320.0	24026.86746384
7320.5	24029.85583266
7321.0	24034.51924574
7321.5	24040.71945232
7322.0	24046.3650854
7322.5	24051.97386087
7323.0	24058.09160121
7323.5	24062.48049265
7324.0	24064.94391458
7324.5	24066.63836873
7325.0	24070.26147547
7325.5	24074.38790736
7326.0	24079.11128137
7326.5	24084.46094876
7327.0	24088.04796644
7327.5	24091.54137544
7328.0	24094.54232253
7328.5	24098.68050329
7329.0	24103.19097702
7329.5	24105.98808695
7330.0	24107.80637353
7330.5	24110.66151124
7331.0	24114.62072483
7331.5	24119.8393892
7332.0	24126.72048053
7332.5	24133.74090725
7333.0	24140.01699478
7333.5	24144.78653817
7334.0	24149.81277872
7334.5	24153.71909805
7335.0	24158.31943603
7335.5	24162.98270607
7336.0	24166.72441115
7336.5	24170.82147124
7337.0	24173.83773242
7337.5	24176.0598918
7338.0	24178.35864661
7338.5	24182.13502495
7339.0	24186.71354272
7339.5	24190.40953102
7340.0	24193.43877544
7340.5	24195.40489675
7341.0	24196.98765019
7341.5	24198.3127398
7342.0	24201.03147666
7342.5	24206.62336711
7343.0	24213.05361637
7343.5	24219.57962365
7344.0	24226.57474097
7344.5	24233.97885563
7345.0	24241.26235307
7345.5	24246.73432259
7346.0	24251.85478957
7346.5	24256.68200115
7347.0	24260.78711379
7347.5	24265.1889304
7348.0	24268.8550129
7348.5	24271.54434997
7349.0	24274.32136974
7349.5	24277.76509303
7350.0	24280.19188078
7350.5	24282.43835357
7351.0	24283.68589332
7351.5	24286.88650369
7352.0	24291.14526417
7352.5	24296.99181931
7353.0	24302.29857904
7353.5	24307.40185428
7354.0	24311.71173075
7354.5	24315.81081382
7355.0	24321.30274136
7355.5	24326.29701689
7356.0	24331.43622435
7356.5	24335.09060375
7357.0	24338.70849187
7357.5	24342.22830257
7358.0	24346.58194
7358.5	24350.27909625
7359.0	24354.17228742
7359.5	24358.87763966
7360.0	24362.7852515
7360.5	24366.12746156
7361.0	24369.00218763
7361.5	24371.99072418
7362.0	24376.54618709
7362.5	24381.22885183
7363.0	24386.40897613
7363.5	24391.22193823
7364.0	24396.54271034
7364.5	24401.79615595
7365.0	24406.95887759
7365.5	24411.91808064
7366.0	24416.81728219
7366.5	24421.34253805
7367.0	24425.64844016
7367.5	24428.91562439
7368.0	24432.8521503
7368.5	24437.5346865
7369.0	24442.25593329
7369.5	24446.29894731
7370.0	24450.20222462
7370.5	24454.89840086
7371.0	24460.40200147
7371.5	24465.93957301
7372.0	24471.86224527
7372.5	24475.95162295
7373.0	24479.33734436
7373.5	24482.01638083
7374.0	24484.97001779
7374.5	24486.83678376
7375.0	24489.26093431
7375.5	24492.74031863
7376.0	24497.14273705
7376.5	24502.53290402
7377.0	24507.59847108
7377.5	24511.97891285
7378.0	24514.47113334
7378.5	24516.28589013
7379.0	24519.1704468
7379.5	24522.59248374
7380.0	24526.64291838
7380.5	24532.85931459
7381.0	24539.1809371
7381.5	24544.29626226
7382.0	24547.8408241
7382.5	24550.91203057
7383.0	24554.99532266
7383.5	24559.55596925
7384.0	24565.45016723
7384.5	24571.03033559
7385.0	24576.53434186
7385.5	24581.27735534
7386.0	24586.37970164
7386.5	24590.17085167
7387.0	24594.49770168
7387.5	24598.44874516
7388.0	24602.90783726
7388.5	24608.18301084
7389.0	24613.09970966
7389.5	24618.20111396
7390.0	24623.72442675
7390.5	24628.14606198
7391.0	24631.67131153
7391.5	24634.88267411
7392.0	24637.89332709
7392.5	24641.88146671
7393.0	24646.46703986
7393.5	24649.99727383
7394.0	24652.85542293
7394.5	24655.92410936
7395.0	24660.8873522
7395.5	24666.38722815
7396.0	24670.96732301
7396.5	24675.57007265
7397.0	24679.39522776
7397.5	24684.23224606
7398.0	24688.6099428
7398.5	24691.90188729
7399.0	24693.50231147
7399.5	24693.00676318
7400.0	24692.32620154
7400.5	24692.17082914
7401.0	24693.47243585
7401.5	24696.3796072
7402.0	24700.19153239
7402.5	24703.76353095
7403.0	24706.84470067
7403.5	24709.23043162
7404.0	24711.12958092
7404.5	24712.51247198
7405.0	24715.16091019
7405.5	24718.6529926
7406.0	24724.49937923
7406.5	24730.64559086
7407.0	24737.44958937
7407.5	24745.32604993
7408.0	24752.3461385
7408.5	24759.41279139
7409.0	24765.0216478
7409.5	24768.78670797
7410.0	24771.51110011
7410.5	24773.84307586
7411.0	24775.92861794
7411.5	24778.07489681
7412.0	24780.79381794
7412.5	24784.47095595
7413.0	24790.67832474
7413.5	24797.96672755
7414.0	24805.00540369
7414.5	24810.84453793
7415.0	24815.50578195
7415.5	24818.27760302
7416.0	24821.06903355
7416.5	24824.5304588
7417.0	24828.87596242
7417.5	24833.37560613
7418.0	24836.84314644
7418.5	24841.09444834
7419.0	24846.51628292
7419.5	24851.57275706
7420.0	24854.34892065
7420.5	24856.34419301
7421.0	24858.74499467
7421.5	24861.73145767
7422.0	24863.88837886
7422.5	24866.56168491
7423.0	24869.88006613
7423.5	24873.38738943
7424.0	24877.72740364
7424.5	24882.89212173
7425.0	24888.13384557
7425.5	24893.79373524
7426.0	24899.79074113
7426.5	24904.8212648
7427.0	24909.70981393
7427.5	24914.49735283
7428.0	24919.20878199
7428.5	24922.72050998
7429.0	24927.13147188
7429.5	24930.52233652
7430.0	24933.17868746
7430.5	24935.5476929
7431.0	24938.78465745
7431.5	24943.3403811
7432.0	24948.86832845
7432.5	24953.93898116
7433.0	24959.5331726
7433.5	24964.25485386
7434.0	24967.03243189
7434.5	24968.62393984
7435.0	24969.73910289
7435.5	24971.81942055
7436.0	24977.26954816
7436.5	24984.54555751
7437.0	24992.84225823
7437.5	25000.71547103
7438.0	25008.33754211
7438.5	25015.09620021
7439.0	25019.49450465
7439.5	25022.37528897
7440.0	25024.29522337
7440.5	25025.74141328
7441.0	25028.01009208
7441.5	25029.62481012
7442.0	25031.85367025
7442.5	25035.19417015
7443.0	25039.05971749
7443.5	25042.76859073
7444.0	25046.63531576
7444.5	25049.77343717
7445.0	25053.19216037
7445.5	25057.103884
7446.0	25059.86597385
7446.5	25063.03511588
7447.0	25067.04205131
7447.5	25071.15281757
7448.0	25073.96051986
7448.5	25077.69496875
7449.0	25082.34188476
7449.5	25087.41671845
7450.0	25093.10197007
7450.5	25098.15994124
7451.0	25102.76201943
7451.5	25107.5488709
7452.0	25111.37208801
7452.5	25114.17279419
7453.0	25116.59733865
7453.5	25120.4808137
7454.0	25125.22551815
7454.5	25130.198411
7455.0	25135.1996827
7455.5	25138.95066141
7456.0	25142.25426194
7456.5	25145.35309833
7457.0	25149.46702359
7457.5	25152.56481402
7458.0	25155.80248948
7458.5	25159.39568343
7459.0	25162.8781889
7459.5	25165.50020043
7460.0	25168.14058974
7460.5	25171.04425236
7461.0	25173.79343591
7461.5	25176.73933037
7462.0	25180.29370107
7462.5	25184.98393966
7463.0	25189.58501239
7463.5	25194.53817657
7464.0	25200.84347978
7464.5	25206.14089835
7465.0	25210.23786571
7465.5	25211.73051301
7466.0	25212.11870351
7466.5	25212.81554112
7467.0	25215.36472274
7467.5	25219.83169097
7468.0	25225.06372133
7468.5	25231.20675469
7469.0	25236.75506305
7469.5	25241.25747541
7470.0	25245.20888114
7470.5	25249.74359489
7471.0	25255.19744762
7471.5	25260.97559951
7472.0	25266.3955831
7472.5	25270.37746702
7473.0	25273.19345443
7473.5	25276.16861039
7474.0	25279.17098732
7474.5	25282.4629607
7475.0	25286.53307613
7475.5	25290.64985327
7476.0	25294.38687341
7476.5	25297.55672504
7477.0	25301.25537849
7477.5	25305.29560596
7478.0	25308.73801896
7478.5	25312.85187817
7479.0	25317.90388265
7479.5	25322.81558744
7480.0	25327.94340099
7480.5	25332.45503401
7481.0	25336.03999801
7481.5	25339.62617353
7482.0	25341.97494093
7482.5	25343.9663988
7483.0	25347.08727655
7483.5	25351.71745063
7484.0	25356.02711245
7484.5	25360.57666272
7485.0	25363.0717081
7485.5	25365.8163071
7486.0	25369.21839817
7486.5	25373.29889847
7487.0	25376.0009603
7487.5	25379.2129695
7488.0	25381.81816008
7488.5	25384.46750784
7489.0	25387.8591256
7489.5	25392.78640827
7490.0	25397.00415567
7490.5	25401.60483023
7491.0	25405.49631964
7491.5	25408.76372973
7492.0	25412.16529486
7492.5	25414.75381112
7493.0	25417.72157321
7493.5	25419.8742737
7494.0	25421.04361125
7494.5	25420.80186271
7495.0	25421.1284632
7495.5	25422.96895329
7496.0	25426.09770194
7496.5	25429.52279311
7497.0	25433.84463476
7497.5	25437.31049302
7498.0	25440.25951235
7498.5	25442.55418559
7499.0	25444.71888666
7499.5	25448.1454926
7500.0	25453.35758551
7500.5	25459.86276681
7501.0	25467.53386532
7501.5	25475.68633552
7502.0	25481.44761305
7502.5	25485.59921866
7503.0	25488.55063143
7503.5	25490.40938318
7504.0	25492.48506108
7504.5	25494.61726022
7505.0	25497.03376948
7505.5	25500.17551469
7506.0	25502.939089
7506.5	25505.22364431
7507.0	25509.64224917
7507.5	25514.33916167
7508.0	25520.40644859
7508.5	25526.49268377
7509.0	25531.57668283
7509.5	25536.30363074
7510.0	25539.68200481
7510.5	25543.02857113
7511.0	25545.69425099
7511.5	25548.70761832
7512.0	25552.36172432
7512.5	25556.11410169
7513.0	25559.37841037
7513.5	25562.22404734
7514.0	25564.20869357
7514.5	25566.35304254
7515.0	25568.2661929
7515.5	25568.32885235
7516.0	25561.81498151
7516.5	25544.86135519
7517.0	25529.38792283
7517.5	25531.88691614
7518.0	25543.94256497
7518.5	25554.71033591
7519.0	25561.52669598
7519.5	25565.62222869
7520.0	25565.33157611
7520.5	25562.74091342
7521.0	25559.42377283
7521.5	25557.13853775
7522.0	25558.11309809
7522.5	25563.30374114
7523.0	25567.93633847
7523.5	25561.97054067
7524.0	25531.35098715
7524.5	25420.60632472
7525.0	25103.6320544
7525.5	24765.90394973
7526.0	24869.54532648
7526.5	25151.90705139
7527.0	25384.44863684
7527.5	25539.61842426
7528.0	25585.37807455
7528.5	25573.48979018
7529.0	25491.88786053
7529.5	25229.07682465
7530.0	24866.14583277
7530.5	24854.70380279
7531.0	25124.78092687
7531.5	25396.52078128
7532.0	25594.84918997
7532.5	25675.61738452
7533.0	25697.47128624
7533.5	25707.7432735
7534.0	25711.90967072
7534.5	25706.48016705
7535.0	25690.61691571
7535.5	25679.94389118
7536.0	25687.39830323
7536.5	25700.00971669
7537.0	25708.74954864
7537.5	25714.1242336
7538.0	25717.25986786
7538.5	25717.692176
7539.0	25718.21585889
7539.5	25718.01939157
7540.0	25720.09719915
7540.5	25726.43894305
7541.0	25740.64762637
7541.5	25754.9600809
7542.0	25764.02863337
7542.5	25768.40892965
7543.0	25771.91020371
7543.5	25774.82603792
7544.0	25777.73923921
7544.5	25781.25526516
7545.0	25785.98762851
7545.5	25790.70824743
7546.0	25795.39433246
7546.5	25801.21844402
7547.0	25807.85012055
7547.5	25814.88301309
7548.0	25820.2273424
7548.5	25825.1920248
7549.0	25829.70121553
7549.5	25834.35328888
7550.0	25839.1283554
7550.5	25843.98154736
7551.0	25848.07077083
7551.5	25852.45820751
7552.0	25857.10254455
7552.5	25861.91809013
7553.0	25865.50115253
7553.5	25867.54982294
7554.0	25869.12014262
7554.5	25870.86904825
7555.0	25873.30549735
7555.5	25875.65899808
7556.0	25878.49385817
7556.5	25882.0982067
7557.0	25886.49795462
7557.5	25892.03591822
7558.0	25897.77575998
7558.5	25902.53927549
7559.0	25905.71512215
7559.5	25907.91116888
7560.0	25909.24758249
7560.5	25910.70084006
7561.0	25912.78824739
7561.5	25916.19456337
7562.0	25920.57724429
7562.5	25925.36103227
7563.0	25930.96953069
7563.5	25936.4607344
7564.0	25940.30701029
7564.5	25942.60948619
7565.0	25944.52162134
7565.5	25946.92248759
7566.0	25949.94396766
7566.5	25953.98009008
7567.0	25958.20212189
7567.5	25962.2021178
7568.0	25965.88460258
7568.5	25969.59484337
7569.0	25972.86497588
7569.5	25978.63524621
7570.0	25984.22058155
7570.5	25989.79942616
7571.0	25993.72300834
7571.5	25996.95428329
7572.0	26000.11296381
7572.5	26003.66723114
7573.0	26007.80270387
7573.5	26011.35706142
7574.0	26013.3518614
7574.5	26012.34511825
7575.0	26007.84976609
7575.5	26001.52699937
7576.0	25998.00708469
7576.5	25996.63657621
7577.0	25995.37644536
7577.5	25994.63324516
7578.0	25995.37058938
7578.5	25998.44948122
7579.0	26004.60296604
7579.5	26011.10584638
7580.0	26014.0003445
7580.5	26015.97970069
7581.0	26016.85948743
7581.5	26016.81362487
7582.0	26017.79770761
7582.5	26019.69134671
7583.0	26022.04020893
7583.5	26022.60988334
7584.0	26023.89670378
7584.5	26028.50417198
7585.0	26035.62615198
7585.5	26041.98526035
7586.0	26045.55445726
7586.5	26046.70688514
7587.0	26048.37930827
7587.5	26049.17474318
7588.0	26046.72726622
7588.5	26042.97794459
7589.0	26043.01836502
7589.5	26047.21313939
7590.0	26051.36250767
7590.5	26055.02155853
7591.0	26060.2929488
7591.5	26066.5369946
7592.0	26071.81320063
7592.5	26075.80750055
7593.0	26080.18812343
7593.5	26084.96656714
7594.0	26086.90031271
7594.5	26089.80236619
7595.0	26095.71692825
7595.5	26102.34604387
7596.0	26107.9898734
7596.5	26112.32982033
7597.0	26118.18091046
7597.5	26125.45347257
7598.0	26132.37265349
7598.5	26135.20309958
7599.0	26137.87494498
7599.5	26141.91487055
7600.0	26145.65891348
7600.5	26149.07698497
7601.0	26153.24310984
7601.5	26156.03307646
7602.0	26158.11327491
7602.5	26158.92377052
7603.0	26159.06947669
7603.5	26159.97326023
7604.0	26163.4143336
7604.5	26168.00897549
7605.0	26171.86344353
7605.5	26174.06282296
7606.0	26176.56713631
7606.5	26177.72569758
7607.0	26178.586347
7607.5	26182.61352038
7608.0	26185.73658643
7608.5	26188.22410919
7609.0	26191.20193731
7609.5	26195.54245005
7610.0	26203.1853814
7610.5	26209.19002639
7611.0	26212.17818133
7611.5	26215.33484463
7612.0	26219.59595306
7612.5	26223.0889708
7613.0	26228.76899906
7613.5	26234.01548592
7614.0	26232.11827832
7614.5	26229.24617371
7615.0	26233.37188083
7615.5	26242.76273263
7616.0	26250.43296067
7616.5	26255.6372769
7617.0	26256.76066099
7617.5	26256.712967
7618.0	26257.71887006
7618.5	26262.20340056
7619.0	26269.01661817
7619.5	26276.92653221
7620.0	26285.74857283
7620.5	26293.26204161
7621.0	26297.60785364
7621.5	26299.26906862
7622.0	26300.50465914
7622.5	26302.62552668
7623.0	26305.58467583
7623.5	26307.86772534
7624.0	26310.1039297
7624.5	26312.96372621
7625.0	26317.03039174
7625.5	26321.38319789
7626.0	26326.46608143
7626.5	26329.79275112
7627.0	26329.59913143
7627.5	26332.01132531
7628.0	26335.045624
7628.5	26336.27716114
7629.0	26336.8465751
7629.5	26341.74685302
7630.0	26348.7537303
7630.5	26354.11599765
7631.0	26359.33362433
7631.5	26365.08188099
7632.0	26369.07722951
7632.5	26372.2067126
7633.0	26375.69577677
7633.5	26379.08875826
7634.0	26383.88536286
7634.5	26390.87096136
7635.0	26394.88606668
7635.5	26393.58911516
7636.0	26391.93434579
7636.5	26393.75916639
7637.0	26398.2899961
7637.5	26401.34031145
7638.0	26401.70933452
7638.5	26402.12201789
7639.0	26404.09204615
7639.5	26407.38411799
7640.0	26413.98884234
7640.5	26421.80544854
7641.0	26427.53774282
7641.5	26433.44505104
7642.0	26436.01253729
7642.5	26435.68805765
7643.0	26437.66367883
7643.5	26440.42066898
7644.0	26441.77776704
7644.5	26441.62011509
7645.0	26442.68014023
7645.5	26443.81723637
7646.0	26445.39572818
7646.5	26448.58201923
7647.0	26451.1948139
7647.5	26454.02415336
7648.0	26458.01432727
7648.5	26460.57142947
7649.0	26461.30904998
7649.5	26462.87056119
7650.0	26467.19822826
7650.5	26471.89943036
7651.0	26474.78945827
7651.5	26476.39571899
7652.0	26478.46614883
7652.5	26483.06295655
7653.0	26489.14951655
7653.5	26495.79674541
7654.0	26501.74291175
7654.5	26506.35781756
7655.0	26508.45118131
7655.5	26510.9970037
7656.0	26513.52915285
7656.5	26516.06535178
7657.0	26520.77601091
7657.5	26525.84484667
7658.0	26530.00818965
7658.5	26534.44496358
7659.0	26538.11464967
7659.5	26541.87178106
7660.0	26545.89431012
7660.5	26548.99584741
7661.0	26552.17818386
7661.5	26557.01260343
7662.0	26563.6913966
7662.5	26568.70371153
7663.0	26571.05235672
7663.5	26572.71570251
7664.0	26577.55173647
7664.5	26581.93514025
7665.0	26582.90688156
7665.5	26582.77420358
7666.0	26583.13545592
7666.5	26584.15520224
7667.0	26585.49825353
7667.5	26585.19427149
7668.0	26585.21379028
7668.5	26589.67305342
7669.0	26595.0198859
7669.5	26598.89856287
7670.0	26601.95935119
7670.5	26606.35475993
7671.0	26611.7556938
7671.5	26616.03803776
7672.0	26620.51410397
7672.5	26624.53497312
7673.0	26626.17835374
7673.5	26628.02552
7674.0	26633.07195957
7674.5	26637.3215581
7675.0	26639.62884898
7675.5	26639.66879352
7676.0	26639.9552879
7676.5	26640.65758419
7677.0	26643.03543762
7677.5	26644.22573425
7678.0	26642.21242175
7678.5	26641.8904572
7679.0	26645.81181807
7679.5	26651.79195724
7680.0	26656.21166526
7680.5	26660.71506882
7681.0	26663.72760298
7681.5	26666.91463173
7682.0	26671.15087985
7682.5	26674.40766751
7683.0	26674.39267635
7683.5	26675.50919235
7684.0	26681.01341833
7684.5	26688.21938102
7685.0	26693.48827928
7685.5	26699.01236338
7686.0	26706.26608159
7686.5	26715.20316266
7687.0	26722.05643684
7687.5	26726.98663374
7688.0	26731.36111123
7688.5	26734.65648979
7689.0	26734.8215959
7689.5	26733.87738433
7690.0	26734.17404319
7690.5	26736.00717076
7691.0	26737.7094548
7691.5	26739.74820576
7692.0	26742.14553551
7692.5	26747.10949125
7693.0	26752.44220144
7693.5	26754.87839811
7694.0	26757.46862765
7694.5	26761.17879011
7695.0	26766.91102076
7695.5	26774.22970642
7696.0	26780.12665497
7696.5	26784.14888408
7697.0	26786.6873694
7697.5	26786.56037556
7698.0	26786.7446409
7698.5	26786.45676336
7699.0	26786.61985856
7699.5	26787.11051984
7700.0	26788.18762181
7700.5	26789.77471137
7701.0	26791.69657353
7701.5	26795.15772622
7702.0	26802.24463825
7702.5	26812.6659762
7703.0	26822.59404816
7703.5	26826.7478669
7704.0	26829.2253775
7704.5	26834.99499917
7705.0	26841.41807621
7705.5	26845.82316546
7706.0	26848.95037328
7706.5	26853.46604159
7707.0	26858.42871017
7707.5	26862.01952729
7708.0	26861.48029717
7708.5	26857.77859519
7709.0	26854.17258383
7709.5	26853.66338958
7710.0	26856.48758456
7710.5	26859.03214261
7711.0	26859.06693507
7711.5	26859.06089543
7712.0	26862.54769872
7712.5	26867.39249108
7713.0	26869.20276142
7713.5	26869.04694017
7714.0	26870.15749872
7714.5	26873.56161188
7715.0	26878.79186233
7715.5	26886.02711768
7716.0	26893.2872485
7716.5	26898.02005195
7717.0	26901.97136392
7717.5	26906.1748944
7718.0	26911.9362942
7718.5	26917.92147318
7719.0	26924.10014964
7719.5	26929.10243373
7720.0	26932.69792025
7720.5	26935.33844491
7721.0	26938.97685576
7721.5	26943.86482149
7722.0	26946.47643474
7722.5	26947.42950836
7723.0	26950.06791829
7723.5	26956.39006034
7724.0	26961.86834566
7724.5	26965.3102863
7725.0	26968.05146763
7725.5	26968.73791109
7726.0	26968.24229188
7726.5	26967.77290937
7727.0	26968.44576192
7727.5	26971.67140007
7728.0	26975.03691121
7728.5	26980.24116448
7729.0	26985.5967849
7729.5	26990.24573856
7730.0	26993.52802961
7730.5	26994.39125946
7731.0	26995.57996735
7731.5	26997.85435317
7732.0	27002.22526898
7732.5	27006.12793483
7733.0	27009.2406254
7733.5	27011.90464173
7734.0	27016.14700125
7734.5	27021.56911237
7735.0	27026.065575
7735.5	27028.61642454
7736.0	27029.52562337
7736.5	27031.18302724
7737.0	27036.76852345
7737.5	27041.99545286
7738.0	27043.41850862
7738.5	27044.92337287
7739.0	27048.00437605
7739.5	27052.63674122
7740.0	27060.09366035
7740.5	27066.41172884
7741.0	27071.4458333
7741.5	27073.48007828
7742.0	27077.29083131
7742.5	27082.36205041
7743.0	27086.95716702
7743.5	27089.8976377
7744.0	27090.2834723
7744.5	27090.2483453
7745.0	27091.87745665
7745.5	27094.74307291
7746.0	27098.35350265
7746.5	27101.67795078
7747.0	27104.0990657
7747.5	27104.98378158
7748.0	27105.68341745
7748.5	27107.8976672
7749.0	27111.38566934
7749.5	27114.60592182
7750.0	27115.52210473
7750.5	27116.81317483
7751.0	27120.94315558
7751.5	27127.66672435
7752.0	27133.48194426
7752.5	27137.92144659
7753.0	27140.198865
7753.5	27142.10421592
7754.0	27145.87418879
7754.5	27151.28634633
7755.0	27155.88964418
7755.5	27157.59269632
7756.0	27156.98159597
7756.5	27156.72713956
7757.0	27157.80875771
7757.5	27161.30631273
7758.0	27166.19519586
7758.5	27169.19198153
7759.0	27170.58308629
7759.5	27172.85267835
7760.0	27175.70364158
7760.5	27177.3262484
7761.0	27180.08072949
7761.5	27184.95057557
7762.0	27189.99674227
7762.5	27192.65827615
7763.0	27193.05070284
7763.5	27194.55415139
7764.0	27196.66383027
7764.5	27197.82160254
7765.0	27199.2100796
7765.5	27200.93806872
7766.0	27201.38439855
7766.5	27202.60777887
7767.0	27205.15350329
7767.5	27208.28308572
7768.0	27211.30788903
7768.5	27214.05238693
7769.0	27215.8520198
7769.5	27216.38851626
7770.0	27217.94810867
7770.5	27223.69086336
7771.0	27230.03921874
7771.5	27233.55691809
7772.0	27237.00788628
7772.5	27241.23248501
7773.0	27245.07407611
7773.5	27246.78434625
7774.0	27245.59685039
7774.5	27246.20984292
7775.0	27250.20906054
7775.5	27253.57790214
7776.0	27256.34208796
7776.5	27258.36730328
7777.0	27260.12738573
7777.5	27262.35064371
7778.0	27263.76411475
7778.5	27263.88703383
7779.0	27261.75608652
7779.5	27259.18551735
7780.0	27256.66968127
7780.5	27252.72630173
7781.0	27246.78393611
7781.5	27240.40383764
7782.0	27230.46408961
7782.5	27213.23213074
7783.0	27188.19422812
7783.5	27143.45494474
7784.0	27059.63500091
7784.5	26861.52953605
7785.0	26387.37768758
7785.5	25592.04517981
7786.0	25332.23525977
7786.5	25877.63912869
7787.0	26512.68920664
7787.5	26685.29647511
7788.0	26340.07317131
7788.5	25664.59334829
7789.0	25417.03552405
7789.5	25943.31219399
7790.0	26717.73726326
7790.5	27135.88927886
7791.0	27291.49281117
7791.5	27335.49179024
7792.0	27355.7993698
7792.5	27367.63696569
7793.0	27375.27418553
7793.5	27380.8116508
7794.0	27383.52116546
7794.5	27388.69203976
7795.0	27396.11525713
7795.5	27402.64298879
7796.0	27406.08437741
7796.5	27407.4052307
7797.0	27409.11326475
7797.5	27413.04177023
7798.0	27417.3890278
7798.5	27421.57081234
7799.0	27424.5751525
7799.5	27428.08022706
7800.0	27431.35140394
7800.5	27433.73611969
7801.0	27435.3117393
7801.5	27436.45100582
7802.0	27440.96104833
7802.5	27446.64989221
7803.0	27450.8041999
7803.5	27453.75840637
7804.0	27457.21875874
7804.5	27459.02083984
7805.0	27459.42415882
7805.5	27459.71312612
7806.0	27461.16378998
7806.5	27464.54631987
7807.0	27468.42117423
7807.5	27472.5036412
7808.0	27476.62501645
7808.5	27479.82830499
7809.0	27483.53619101
7809.5	27486.51370985
7810.0	27488.83438907
7810.5	27490.96732841
7811.0	27492.03356107
7811.5	27491.9393375
7812.0	27491.09075494
7812.5	27492.14162822
7813.0	27495.13310828
7813.5	27498.47585789
7814.0	27500.75761406
7814.5	27503.02720146
7815.0	27505.08544991
7815.5	27506.1547302
7816.0	27506.44224638
7816.5	27506.40531623
7817.0	27507.70575235
7817.5	27509.44704189
7818.0	27511.33031369
7818.5	27513.92051727
7819.0	27519.6616132
7819.5	27525.84580799
7820.0	27530.87829076
7820.5	27534.49953491
7821.0	27537.3965046
7821.5	27539.98877339
7822.0	27542.87586841
7822.5	27547.50148586
7823.0	27554.96144938
7823.5	27563.385733
7824.0	27569.5292666
7824.5	27572.09722139
7825.0	27574.22513173
7825.5	27577.19636996
7826.0	27580.84367467
7826.5	27582.39973668
7827.0	27583.30954336
7827.5	27586.17107293
7828.0	27590.16846427
7828.5	27595.53181909
7829.0	27601.4036569
7829.5	27604.80057056
7830.0	27606.59960398
7830.5	27607.95341344
7831.0	27608.54095911
7831.5	27607.75928925
7832.0	27608.33282019
7832.5	27610.34427224
7833.0	27611.56849843
7833.5	27613.02037177
7834.0	27615.10523396
7834.5	27618.30920313
7835.0	27621.91058678
7835.5	27625.62376878
7836.0	27628.78446053
7836.5	27629.64117695
7837.0	27630.11242432
7837.5	27632.54246162
7838.0	27635.82726981
7838.5	27637.88342352
7839.0	27638.59396722
7839.5	27638.53107876
7840.0	27638.35646682
7840.5	27636.97407609
7841.0	27635.68538631
7841.5	27636.37603194
7842.0	27640.2628666
7842.5	27645.68467953
7843.0	27650.73686925
7843.5	27656.17488681
7844.0	27663.2003084
7844.5	27670.22566361
7845.0	27675.09739751
7845.5	27678.08459673
7846.0	27679.70481507
7846.5	27680.82040213
7847.0	27682.03123029
7847.5	27683.45593124
7848.0	27685.73500695
7848.5	27689.92862039
7849.0	27695.44632237
7849.5	27701.9543431
7850.0	27707.92005506
7850.5	27714.01562422
7851.0	27719.03864877
7851.5	27721.78031464
7852.0	27723.76930623
7852.5	27726.20595782
7853.0	27728.44461029
7853.5	27730.31571499
7854.0	27733.37838721
7854.5	27735.80769326
7855.0	27737.73051326
7855.5	27739.90753117
7856.0	27744.95143652
7856.5	27750.17041619
7857.0	27752.74490048
7857.5	27754.38515622
7858.0	27755.44029336
7858.5	27757.52011136
7859.0	27759.08790055
7859.5	27760.54303314
7860.0	27760.82698328
7860.5	27760.47520081
7861.0	27760.40637699
7861.5	27761.86179282
7862.0	27764.42446317
7862.5	27766.29033023
7863.0	27769.22245636
7863.5	27775.15306706
7864.0	27782.29261803
7864.5	27788.11937215
7865.0	27792.96084635
7865.5	27797.15471404
7866.0	27801.43969146
7866.5	27803.29028927
7867.0	27804.49415575
7867.5	27803.74945361
7868.0	27803.6893959
7868.5	27802.50321846
7869.0	27802.53851557
7869.5	27805.45021204
7870.0	27810.50384886
7870.5	27814.94458274
7871.0	27816.90924138
7871.5	27818.9129241
7872.0	27821.02545215
7872.5	27821.86229559
7873.0	27823.95307595
7873.5	27828.23164905
7874.0	27834.8879252
7874.5	27843.28368035
7875.0	27850.09235501
7875.5	27856.88068017
7876.0	27862.78229291
7876.5	27866.53817413
7877.0	27868.2182621
7877.5	27868.87775826
7878.0	27869.54552684
7878.5	27870.40564219
7879.0	27870.55825652
7879.5	27871.27907794
7880.0	27873.56464329
7880.5	27878.1461068
7881.0	27883.53315056
7881.5	27887.84678797
7882.0	27890.41146163
7882.5	27891.58427759
7883.0	27891.38076244
7883.5	27891.98362673
7884.0	27893.10276498
7884.5	27893.34523161
7885.0	27894.28040439
7885.5	27896.59043762
7886.0	27899.44790457
7886.5	27900.73117946
7887.0	27900.7131337
7887.5	27900.87861895
7888.0	27900.70438864
7888.5	27900.89732559
7889.0	27902.3590121
7889.5	27905.65842894
7890.0	27909.91049821
7890.5	27914.68206343
7891.0	27919.31661545
7891.5	27923.58895509
7892.0	27927.69284197
7892.5	27931.39970562
7893.0	27933.99882608
7893.5	27933.8407707
7894.0	27931.68254099
7894.5	27931.00576812
7895.0	27930.09052507
7895.5	27929.31820039
7896.0	27930.6918473
7896.5	27934.0804262
7897.0	27939.00770628
7897.5	27944.56345098
7898.0	27948.46272141
7898.5	27951.47635605
7899.0	27956.24197891
7899.5	27960.7208839
7900.0	27965.65428272
7900.5	27968.86783245
7901.0	27970.133951
7901.5	27970.80007786
7902.0	27973.29938737
7902.5	27976.36338441
7903.0	27980.79331523
7903.5	27985.56646597
7904.0	27989.75700512
7904.5	27993.70494331
7905.0	27997.52197443
7905.5	28001.78888708
7906.0	28006.7084464
7906.5	28009.54591095
7907.0	28011.92560199
7907.5	28016.07521615
7908.0	28020.79434605
7908.5	28025.03633664
7909.0	28028.95030641
7909.5	28032.13467146
7910.0	28035.02038866
7910.5	28037.31062284
7911.0	28038.76347943
7911.5	28040.00806151
7912.0	28041.61655052
7912.5	28042.69006747
7913.0	28042.11597885
7913.5	28033.94770988
7914.0	27997.96348955
7914.5	27891.24068377
7915.0	27749.63371948
7915.5	27681.07971417
7916.0	27728.74740155
7916.5	27647.05079184
7917.0	27306.93662587
7917.5	26944.53401069
7918.0	26979.47412311
7918.5	27434.87469678
7919.0	27640.68766231
7919.5	27610.36499055
7920.0	27621.88092367
7920.5	27752.03473616
7921.0	27861.145056
7921.5	27948.95251654
7922.0	27994.08354996
7922.5	28011.60912863
7923.0	28020.34307818
7923.5	28025.63063686
7924.0	28031.79975351
7924.5	28039.15414402
7925.0	28047.36085942
7925.5	28053.85532709
7926.0	28059.10874425
7926.5	28064.0594387
7927.0	28067.5822983
7927.5	28070.63573175
7928.0	28073.74987517
7928.5	28077.34601127
7929.0	28079.60676347
7929.5	28081.02087077
7930.0	28084.89904525
7930.5	28089.55504511
7931.0	28094.29900175
7931.5	28097.45900553
7932.0	28101.04745166
7932.5	28102.91067574
7933.0	28104.50566263
7933.5	28105.93468062
7934.0	28109.6963653
7934.5	28114.72962246
7935.0	28119.51059538
7935.5	28125.72995924
7936.0	28130.16924247
7936.5	28133.60352426
7937.0	28135.70964086
7937.5	28137.6780955
7938.0	28140.05215679
7938.5	28143.17296037
7939.0	28145.48903203
7939.5	28146.37232787
7940.0	28145.12585274
7940.5	28143.9960168
7941.0	28144.71583415
7941.5	28145.09174939
7942.0	28145.30287743
7942.5	28146.87892053
7943.0	28148.38062159
7943.5	28150.69125206
7944.0	28153.44610778
7944.5	28155.87134513
7945.0	28158.58862175
7945.5	28161.07743977
7946.0	28162.73000088
7946.5	28164.71931979
7947.0	28167.22740562
7947.5	28170.79676155
7948.0	28173.79917543
7948.5	28176.06035926
7949.0	28176.97400994
7949.5	28178.88442675
7950.0	28181.97696395
7950.5	28184.76589234
7951.0	28187.81452184
7951.5	28191.18462703
7952.0	28194.59652891
7952.5	28198.54457664
7953.0	28200.89972455
7953.5	28204.33551214
7954.0	28207.03463102
7954.5	28209.88950344
7955.0	28211.56586494
7955.5	28212.69669793
7956.0	28213.68049573
7956.5	28216.10430264
7957.0	28220.68560876
7957.5	28224.56109445
7958.0	28226.87646296
7958.5	28227.83165181
7959.0	28227.68195054
7959.5	28227.49432893
7960.0	28230.0574734
7960.5	28231.57176333
7961.0	28232.7510247
7961.5	28232.44776314
7962.0	28234.67921277
7962.5	28237.75423331
7963.0	28240.81160842
7963.5	28243.91962601
7964.0	28246.64591392
7964.5	28249.55103211
7965.0	28252.71569534
7965.5	28255.0006719
7966.0	28257.84803153
7966.5	28261.67949171
7967.0	28264.81995781
7967.5	28266.92266224
7968.0	28268.1618264
7968.5	28268.06231982
7969.0	28265.82327604
7969.5	28263.2939026
7970.0	28258.78705941
7970.5	28258.08685038
7971.0	28261.90982226
7971.5	28265.93975474
7972.0	28270.21917227
7972.5	28273.99644758
7973.0	28277.94691825
7973.5	28281.77641944
7974.0	28285.58190313
7974.5	28289.58828458
7975.0	28292.64850976
7975.5	28295.79749073
7976.0	28300.11052691
7976.5	28304.27572532
7977.0	28306.63062202
7977.5	28308.12634341
7978.0	28309.53101641
7978.5	28313.20123204
7979.0	28319.45099573
7979.5	28325.06098313
7980.0	28327.82954976
7980.5	28329.29078895
7981.0	28331.20533834
7981.5	28331.77681709
7982.0	28332.20721376
7982.5	28333.03303086
7983.0	28334.07625559
7983.5	28334.5948781
7984.0	28334.48903008
7984.5	28336.44896811
7985.0	28339.97896683
7985.5	28343.4431577
7986.0	28345.9343568
7986.5	28349.3863305
7987.0	28353.61039021
7987.5	28358.25825135
7988.0	28363.22128681
7988.5	28366.81870971
7989.0	28368.05039146
7989.5	28369.62100275
7990.0	28371.79141819
7990.5	28374.18788967
7991.0	28376.17854237
7991.5	28376.16658875
7992.0	28376.06358064
7992.5	28375.36465239
7993.0	28375.04130128
7993.5	28375.58192577
7994.0	28378.71112678
7994.5	28383.36010294
7995.0	28386.89429955
7995.5	28389.12673991
7996.0	28389.16015823
7996.5	28388.12038041
7997.0	28387.92142158
7997.5	28387.64639139
7998.0	28387.98023492
7998.5	28388.7690944
7999.0	28388.72198282
7999.5	28387.64066736
8000.0	28386.20982651
8000.5	28385.24943554
8001.0	28385.89994259
8001.5	28387.99754295
8002.0	28390.74471247
8002.5	28392.73096133
8003.0	28393.60897982
8003.5	28394.14237884
8004.0	28395.77802661
8004.5	28400.21959592
8005.0	28404.18082273
8005.5	28407.87431527
8006.0	28412.70881925
8006.5	28416.88661908
8007.0	28418.52695643
8007.5	28417.91864005
8008.0	28417.54724529
8008.5	28417.25867787
8009.0	28416.85680847
8009.5	28417.59963071
8010.0	28419.00934772
8010.5	28421.7538725
8011.0	28423.49283672
8011.5	28424.42681386
8012.0	28425.62008709
8012.5	28427.91613798
8013.0	28431.68905836
8013.5	28436.12328742
8014.0	28439.58404087
8014.5	28442.675097
8015.0	28446.73978689
8015.5	28450.3059502
8016.0	28454.31601678
8016.5	28457.65326926
8017.0	28460.77815552
8017.5	28463.14612053
8018.0	28463.92370767
8018.5	28463.61065819
8019.0	28464.20959882
8019.5	28465.52226912
8020.0	28467.73437152
8020.5	28470.91065762
8021.0	28473.85733649
8021.5	28478.32702523
8022.0	28481.71153568
8022.5	28483.60891822
8023.0	28484.23709262
8023.5	28483.27887453
8024.0	28483.73253236
8024.5	28485.15695175
8025.0	28485.61984657
8025.5	28485.56225256
8026.0	28486.60385919
8026.5	28487.18571965
8027.0	28489.26266277
8027.5	28492.91657586
8028.0	28496.10037754
8028.5	28498.60160139
8029.0	28498.71367691
8029.5	28497.96555649
8030.0	28496.8746823
8030.5	28495.78483608
8031.0	28494.54407279
8031.5	28494.96887544
8032.0	28496.11973441
8032.5	28498.35624228
8033.0	28500.83236775
8033.5	28504.32270683
8034.0	28508.3077601
8034.5	28512.20395844
8035.0	28513.74606911
8035.5	28516.58366893
8036.0	28519.96595165
8036.5	28522.9968081
8037.0	28524.50254262
8037.5	28526.45479706
8038.0	28528.13376625
8038.5	28528.94088954
8039.0	28529.41042206
8039.5	28529.67473636
8040.0	28528.99080743
8040.5	28528.49557537
8041.0	28529.49679894
8041.5	28530.30752001
8042.0	28529.88509004
8042.5	28527.78645438
8043.0	28525.66569579
8043.5	28525.81102573
8044.0	28526.63237183
8044.5	28527.86845917
8045.0	28529.67070182
8045.5	28533.39145522
8046.0	28538.69673579
8046.5	28541.9961461
8047.0	28543.87545311
8047.5	28544.36647883
8048.0	28544.94023442
8048.5	28546.66393809
8049.0	28548.35538055
8049.5	28550.69856042
8050.0	28552.34696659
8050.5	28553.33607987
8051.0	28553.44515368
8051.5	28552.6877927
8052.0	28553.32884805
8052.5	28555.29329614
8053.0	28557.53795494
8053.5	28560.76013515
8054.0	28563.07362607
8054.5	28564.05821078
8055.0	28564.62509418
8055.5	28566.35494117
8056.0	28569.40391273
8056.5	28573.93596295
8057.0	28577.91064613
8057.5	28580.98731022
8058.0	28584.79601643
8058.5	28588.82764297
8059.0	28592.72661694
8059.5	28595.47499156
8060.0	28597.86691691
8060.5	28601.3345042
8061.0	28604.90576048
8061.5	28606.23964027
8062.0	28607.15824418
8062.5	28606.39241293
8063.0	28604.41141818
8063.5	28602.21008305
8064.0	28599.36539927
8064.5	28596.54489555
8065.0	28593.94833207
8065.5	28591.34116977
8066.0	28589.69487681
8066.5	28590.23703985
8067.0	28592.39780821
8067.5	28594.74794606
8068.0	28597.71180861
8068.5	28600.7075412
8069.0	28602.78053616
8069.5	28604.03642677
8070.0	28603.9250392
8070.5	28602.86671191
8071.0	28601.39236735
8071.5	28602.53686569
8072.0	28605.94747372
8072.5	28609.88155266
8073.0	28613.92216442
8073.5	28617.78214461
8074.0	28619.33726214
8074.5	28620.57603151
8075.0	28623.00608808
8075.5	28625.58229109
8076.0	28628.4914132
8076.5	28630.53687907
8077.0	28630.71074527
8077.5	28630.21402852
8078.0	28629.48619611
8078.5	28629.11789438
8079.0	28627.75249558
8079.5	28627.44940252
8080.0	28628.36970228
8080.5	28629.3022779
8081.0	28630.7018397
8081.5	28632.47805943
8082.0	28632.57673299
8082.5	28631.97991644
8083.0	28632.26134234
8083.5	28633.53408948
8084.0	28634.6961462
8084.5	28634.37697329
8085.0	28634.4387466
8085.5	28635.2558046
8086.0	28635.83904517
8086.5	28637.94664666
8087.0	28640.86906931
8087.5	28643.8395125
8088.0	28645.26386206
8088.5	28648.25087972
8089.0	28650.64373339
8089.5	28653.29465686
8090.0	28655.68280369
8090.5	28656.8709757
8091.0	28658.48234132
8091.5	28662.08884175
8092.0	28665.36842207
8092.5	28666.91760105
8093.0	28666.9420294
8093.5	28666.4958507
8094.0	28664.98917343
8094.5	28663.75087733
8095.0	28660.87945622
8095.5	28657.12130975
8096.0	28653.09087857
8096.5	28651.82346375
8097.0	28653.25062208
8097.5	28655.5701962
8098.0	28658.073173
8098.5	28658.84960104
8099.0	28659.65288389
8099.5	28662.65110262
8100.0	28663.41230811
8100.5	28663.52336397
8101.0	28663.12494726
8101.5	28664.3671274
8102.0	28667.39145312
8102.5	28669.32134432
8103.0	28671.08138921
8103.5	28670.66398006
8104.0	28669.92830054
8104.5	28669.38507969
8105.0	28669.02195663
8105.5	28667.95153416
8106.0	28667.13410105
8106.5	28666.12450595
8107.0	28665.96195434
8107.5	28667.27780493
8108.0	28670.02927787
8108.5	28673.23203938
8109.0	28675.75283761
8109.5	28677.52328153
8110.0	28679.33299148
8110.5	28680.143908
8111.0	28680.80405444
8111.5	28680.99039063
8112.0	28679.54700585
8112.5	28678.62719991
8113.0	28678.86371336
8113.5	28679.99410235
8114.0	28681.08822091
8114.5	28682.34017703
8115.0	28681.27744326
8115.5	28677.71912529
8116.0	28673.25282741
8116.5	28670.23344752
8117.0	28671.9532436
8117.5	28677.11409782
8118.0	28680.43105652
8118.5	28682.19600141
8119.0	28683.07472755
8119.5	28684.84541546
8120.0	28687.24396399
8120.5	28690.18777963
8121.0	28693.95852532
8121.5	28697.41488612
8122.0	28699.29246738
8122.5	28698.8779296
8123.0	28697.71970065
8123.5	28695.64121717
8124.0	28693.14604471
8124.5	28691.53670617
8125.0	28691.49215677
8125.5	28692.47824459
8126.0	28693.17110496
8126.5	28693.51225043
8127.0	28692.65666881
8127.5	28691.25491861
8128.0	28690.19594745
8128.5	28689.57002695
8129.0	28690.6276887
8129.5	28691.60064965
8130.0	28691.61412831
8130.5	28691.13791636
8131.0	28689.6088847
8131.5	28687.76301633
8132.0	28685.24376481
8132.5	28685.72325809
8133.0	28685.76826844
8133.5	28686.71769542
8134.0	28687.4858586
8134.5	28688.12977487
8135.0	28689.29599248
8135.5	28692.02251407
8136.0	28694.0113184
8136.5	28694.65259964
8137.0	28696.67530791
8137.5	28697.24959412
8138.0	28699.01587582
8138.5	28699.30672104
8139.0	28701.24216397
8139.5	28703.66295072
8140.0	28704.4309462
8140.5	28702.97915019
8141.0	28700.10350559
8141.5	28696.81997513
8142.0	28694.74676121
8142.5	28695.61036289
8143.0	28697.70256562
8143.5	28698.91203727
8144.0	28699.09198814
8144.5	28699.10067632
8145.0	28696.85015208
8145.5	28695.12258034
8146.0	28693.90070686
8146.5	28694.05096067
8147.0	28693.44768711
8147.5	28692.04304255
8148.0	28690.19798053
8148.5	28689.4406536
8149.0	28689.18190075
8149.5	28689.17833265
8150.0	28688.55135243