6900.0	36431.06983076
6900.5	36435.25377342
6901.0	36441.94678025
6901.5	36445.98405781
6902.0	36449.63850276
6902.5	36454.88027459
6903.0	36457.74965171
6903.5	36460.40626025
6904.0	36458.73094433
6904.5	36462.39098321
6905.0	36460.81252463
6905.5	36462.16176502
6906.0	36464.89662257
6906.5	36466.67862738
6907.0	36467.47298692
6907.5	36467.88141508
6908.0	36465.9218225
6908.5	36466.31759593
6909.0	36467.65728726
6909.5	36465.91588412
6910.0	36467.7203968
6910.5	36467.23527847
6911.0	36472.54309692
6911.5	36478.52137745
6912.0	36483.25447771
6912.5	36485.24110287
6913.0	36487.52381796
6913.5	36492.97280773
6914.0	36504.23724938
6914.5	36514.49707122
6915.0	36525.64209399
6915.5	36530.32060723
6916.0	36533.35328731
6916.5	36539.17805933
6917.0	36545.33840277
6917.5	36552.98470144
6918.0	36559.22926826
6918.5	36564.17821154
6919.0	36567.69377143
6919.5	36571.82681933
6920.0	36577.51472534
6920.5	36577.89267279
6921.0	36583.54763818
6921.5	36585.82084099
6922.0	36588.61007265
6922.5	36593.56586687
6923.0	36596.78576731
6923.5	36607.62386601
6924.0	36610.41920185
6924.5	36617.06594923
6925.0	36625.21158599
6925.5	36631.29730533
6926.0	36641.90875137
6926.5	36648.29506503
6927.0	36654.19874674
6927.5	36658.42706077
6928.0	36661.84129948
6928.5	36666.40052436
6929.0	36668.75483886
6929.5	36675.83212218
6930.0	36676.60910845
6930.5	36678.80995935
6931.0	36681.67436715
6931.5	36687.84278985
6932.0	36688.45700708
6932.5	36690.33716633
6933.0	36691.16248544
6933.5	36696.67218148
6934.0	36705.03747892
6934.5	36713.24501076
6935.0	36720.45945093
6935.5	36731.17995433
6936.0	36734.82361092
6936.5	36741.29278396
6937.0	36749.10666198
6937.5	36754.94103148
6938.0	36757.99555865
6938.5	36761.94238416
6939.0	36763.61532147
6939.5	36769.30739502
6940.0	36773.75311925
6940.5	36779.37944773
6941.0	36783.92073083
6941.5	36791.21975359
6942.0	36796.82198273
6942.5	36805.82095752
6943.0	36815.15174748
6943.5	36824.28907286
6944.0	36827.9237482
6944.5	36832.02740046
6945.0	36838.26837541
6945.5	36840.00898011
6946.0	36843.85440569
6946.5	36848.50691602
6947.0	36858.88447809
6947.5	36862.95124443
6948.0	36869.63709697
6948.5	36873.31343495
6949.0	36876.16550286
6949.5	36881.12085254
6950.0	36884.62747331
6950.5	36890.90232815
6951.0	36893.38787796
6951.5	36894.30761637
6952.0	36897.12262438
6952.5	36899.72149834
6953.0	36907.83608421
6953.5	36916.48089587
6954.0	36924.27274241
6954.5	36932.83021642
6955.0	36938.96153563
6955.5	36938.51087253
6956.0	36941.45083953
6956.5	36946.64701518
6957.0	36952.29967733
6957.5	36957.88495828
6958.0	36967.51929496
6958.5	36972.28682467
6959.0	36976.20161328
6959.5	36982.46472074
6960.0	36987.77471549
6960.5	36993.03695589
6961.0	36997.48375821
6961.5	37002.94567643
6962.0	37009.84419106
6962.5	37015.6876444
6963.0	37018.83680178
6963.5	37022.50322596
6964.0	37027.90071252
6964.5	37034.98051693
6965.0	37041.10470271
6965.5	37048.65287673
6966.0	37055.94711846
6966.5	37063.3659006
6967.0	37073.98163387
6967.5	37081.10162542
6968.0	37084.35995195
6968.5	37093.39299133
6969.0	37099.55202911
6969.5	37102.32216049
6970.0	37105.43369055
6970.5	37111.03754913
6971.0	37116.34541183
6971.5	37122.25155657
6972.0	37129.72758537
6972.5	37135.81397648
6973.0	37135.88039816
6973.5	37139.8847886
6974.0	37143.98505951
6974.5	37146.94630478
6975.0	37152.42667451
6975.5	37156.89717978
6976.0	37165.17863988
6976.5	37174.18942647
6977.0	37181.61317702
6977.5	37188.03692439
6978.0	37192.24051113
6978.5	37197.2541449
6979.0	37198.46146106
6979.5	37202.41556205
6980.0	37203.53579993
6980.5	37209.92941294
6981.0	37217.3982277
6981.5	37222.13225872
6982.0	37225.08098876
6982.5	37226.35937253
6983.0	37230.45307483
6983.5	37234.51252571
6984.0	37238.74160799
6984.5	37246.94568827
6985.0	37255.64936117
6985.5	37260.19621409
6986.0	37270.20722278
6986.5	37275.12078321
6987.0	37279.89295414
6987.5	37280.44057497
6988.0	37282.10848408
6988.5	37284.74454369
6989.0	37290.04329655
6989.5	37297.68368808
6990.0	37304.2505178
6990.5	37309.57920808
6991.0	37311.73302676
6991.5	37317.41284227
6992.0	37317.3155112
6992.5	37320.94007998
6993.0	37326.42520055
6993.5	37330.74818291
6994.0	37334.84512681
6994.5	37339.25722177
6995.0	37343.00150095
6995.5	37347.40808145
6996.0	37349.78907435
6996.5	37351.87014929
6997.0	37360.12664208
6997.5	37370.83421213
6998.0	37379.84866372
6998.5	37387.10445094
6999.0	37394.08420633
6999.5	37396.95678515
7000.0	37400.78033859
7000.5	37405.13326994
7001.0	37406.61603518
7001.5	37409.61670877
7002.0	37408.39881701
7002.5	37409.13074207
7003.0	37415.65397179
7003.5	37420.53604272
7004.0	37428.27434013
7004.5	37436.60969073
7005.0	37441.69731609
7005.5	37447.22951383
7006.0	37455.89265354
7006.5	37459.50588965
7007.0	37468.66468125
7007.5	37473.50104123
7008.0	37476.02155096
7008.5	37477.44818929
7009.0	37480.20928278
7009.5	37488.92364116
7010.0	37498.44664597
7010.5	37504.20609457
7011.0	37510.65086832
7011.5	37519.22770711
7012.0	37522.26449565
7012.5	37524.29909733
7013.0	37523.89256739
7013.5	37525.57146246
7014.0	37535.17833893
7014.5	37542.29202687
7015.0	37545.88346498
7015.5	37555.05037413
7016.0	37560.67199922
7016.5	37569.76220218
7017.0	37571.5408842
7017.5	37574.33316413
7018.0	37577.91680585
7018.5	37582.43527375
7019.0	37582.4889092
7019.5	37589.43413289
7020.0	37591.65636568
7020.5	37596.2865639
7021.0	37595.43997978
7021.5	37600.29105078
7022.0	37604.21074255
7022.5	37610.97416053
7023.0	37619.89522389
7023.5	37629.0013985
7024.0	37635.13328142
7024.5	37639.24263483
7025.0	37649.01754807
7025.5	37651.36179457
7026.0	37658.23673557
7026.5	37658.95015205
7027.0	37664.45362955
7027.5	37667.75914175
7028.0	37671.23928396
7028.5	37671.36474959
7029.0	37675.11419096
7029.5	37681.74000086
7030.0	37690.27077919
7030.5	37699.19498213
7031.0	37707.00980071
7031.5	37712.4348518
7032.0	37714.27325146
7032.5	37718.70872665
7033.0	37723.38194844
7033.5	37725.02326267
7034.0	37731.51353276
7034.5	37735.72159878
7035.0	37741.47457265
7035.5	37743.46049091
7036.0	37743.84320581
7036.5	37746.55249043
7037.0	37750.48099683
7037.5	37756.57133534
7038.0	37763.02869464
7038.5	37772.01802461
7039.0	37775.91603173
7039.5	37783.90444363
7040.0	37793.58680163
7040.5	37800.12407008
7041.0	37800.13130864
7041.5	37807.74928702
7042.0	37811.33873125
7042.5	37818.5341207
7043.0	37822.48442035
7043.5	37827.55390722
7044.0	37833.29407432
7044.5	37832.16242409
7045.0	37835.42276555
7045.5	37841.94164782
7046.0	37844.98528828
7046.5	37849.50458769
7047.0	37857.20739599
7047.5	37863.92817059
7048.0	37870.21878871
7048.5	37879.54157282
7049.0	37881.57406019
7049.5	37885.08071682
7050.0	37887.93342806
7050.5	37889.13094599
7051.0	37890.36170762
7051.5	37894.64187425
7052.0	37900.27716706
7052.5	37904.9765328
7053.0	37909.04470634
7053.5	37908.86663274
7054.0	37914.40631655
7054.5	37924.00317356
7055.0	37930.95374643
7055.5	37937.6049171
7056.0	37949.38142119
7056.5	37957.30960165
7057.0	37962.72370598
7057.5	37970.90993548
7058.0	37975.50594062
7058.5	37979.88144637
7059.0	37981.37773012
7059.5	37984.30713704
7060.0	37985.1672133
7060.5	37987.95617946
7061.0	37987.98370759
7061.5	37985.48677666
7062.0	37991.07312377
7062.5	37992.75171246
7063.0	38001.04966885
7063.5	38002.98668971
7064.0	38008.51766189
7064.5	38010.84113972
7065.0	38014.88956861
7065.5	38019.51965409
7066.0	38020.78037072
7066.5	38025.02071172
7067.0	38030.69294419
7067.5	38040.58761935
7068.0	38043.79213407
7068.5	38049.96103627
7069.0	38055.04194145
7069.5	38056.68476295
7070.0	38064.15043146
7070.5	38070.28595932
7071.0	38072.32130869
7071.5	38077.5083742
7072.0	38084.10277075
7072.5	38089.46857618
7073.0	38092.18308919
7073.5	38096.42738672
7074.0	38101.49911856
7074.5	38106.62114839
7075.0	38111.52785329
7075.5	38115.61705348
7076.0	38121.70927794
7076.5	38130.08716886
7077.0	38138.32742313
7077.5	38145.47530951
7078.0	38152.05425475
7078.5	38157.70806693
7079.0	38164.12212922
7079.5	38170.69888634
7080.0	38174.81803839
7080.5	38182.17555388
7081.0	38187.03367167
7081.5	38189.87890802
7082.0	38195.07861433
7082.5	38197.19286622
7083.0	38201.29102095
7083.5	38205.99335518
7084.0	38211.04078007
7084.5	38220.69659361
7085.0	38223.146657
7085.5	38225.45269361
7086.0	38229.68331266
7086.5	38233.63250379
7087.0	38240.72709846
7087.5	38242.54745986
7088.0	38249.46971658
7088.5	38251.37071666
7089.0	38254.47906099
7089.5	38260.23869304
7090.0	38264.35973529
7090.5	38268.35298482
7091.0	38271.40078661
7091.5	38276.96502248
7092.0	38286.25121712
7092.5	38289.76906858
7093.0	38291.95193086
7093.5	38295.05983748
7094.0	38292.60737549
7094.5	38297.75974392
7095.0	38303.15258889
7095.5	38307.90245845
7096.0	38311.31413277
7096.5	38314.17335812
7097.0	38317.61900756
7097.5	38324.26984288
7098.0	38328.2361858
7098.5	38330.66873421
7099.0	38331.35882483
7099.5	38332.48432875
7100.0	38333.17921449
7100.5	38333.19524862
7101.0	38337.13334945
7101.5	38341.71541259
7102.0	38346.50281397
7102.5	38351.12138399
7103.0	38359.42772556
7103.5	38364.76698394
7104.0	38371.22697489
7104.5	38375.11227431
7105.0	38377.81097449
7105.5	38380.62875783
7106.0	38386.99622152
7106.5	38392.72199115
7107.0	38394.43542783
7107.5	38397.86692551
7108.0	38399.51958481
7108.5	38397.07013761
7109.0	38391.27005107
7109.5	38384.69938461
7110.0	38376.82854619
7110.5	38372.76461713
7111.0	38370.95622728
7111.5	38368.61341338
7112.0	38373.70784494
7112.5	38376.9001755
7113.0	38380.71959186
7113.5	38384.36921069
7114.0	38384.20243536
7114.5	38387.17077951
7115.0	38388.36068392
7115.5	38390.85679751
7116.0	38391.75893472
7116.5	38390.01008507
7117.0	38390.19885415
7117.5	38393.40056806
7118.0	38391.15191286
7118.5	38391.76729508
7119.0	38391.31064677
7119.5	38385.91789055
7120.0	38381.14981935
7120.5	38377.65496468
7121.0	38371.0426389
7121.5	38370.05816166
7122.0	38368.92349528
7122.5	38368.00542064
7123.0	38368.0320348
7123.5	38370.05599686
7124.0	38369.4683848
7124.5	38368.06437658
7125.0	38367.6114192
7125.5	38368.11919105
7126.0	38366.29779795
7126.5	38367.52835763
7127.0	38366.0406818
7127.5	38361.8524263
7128.0	38356.60890526
7128.5	38350.05330807
7129.0	38345.69175622
7129.5	38345.5125073
7130.0	38343.84680784
7130.5	38343.88997737
7131.0	38344.70032348
7131.5	38350.78943892
7132.0	38355.18994655
7132.5	38357.96164303
7133.0	38364.72375816
7133.5	38369.28308818
7134.0	38366.64005095
7134.5	38342.5907434
7135.0	38184.86087463
7135.5	37924.41090224
7136.0	37852.83015077
7136.5	38043.4044043
7137.0	38204.42529119
7137.5	38318.43144183
7138.0	38359.34577353
7138.5	38383.21274756
7139.0	38392.10922331
7139.5	38373.35329833
7140.0	38218.51470231
7140.5	37978.17452832
7141.0	37940.1408489
7141.5	38129.02324166
7142.0	38281.51847599
7142.5	38385.07310151
7143.0	38426.19725749
7143.5	38445.02382192
7144.0	38458.63528499
7144.5	38468.10277284
7145.0	38479.49962776
7145.5	38485.90214233
7146.0	38492.88374642
7146.5	38498.17451433
7147.0	38502.29447964
7147.5	38508.2526225
7148.0	38510.41144958
7148.5	38517.62760207
7149.0	38521.69052845
7149.5	38527.14822596
7150.0	38531.87664828
7150.5	38535.86149127
7151.0	38544.48993987
7151.5	38553.06939763
7152.0	38555.47753844
7152.5	38563.73496992
7153.0	38572.77971128
7153.5	38582.41021138
7154.0	38590.21355242
7154.5	38600.83692697
7155.0	38605.02930743
7155.5	38610.02610953
7156.0	38614.41128659
7156.5	38614.80888389
7157.0	38619.55147054
7157.5	38619.68469729
7158.0	38621.65979733
7158.5	38628.3290355
7159.0	38633.2985263
7159.5	38637.64101172
7160.0	38641.31221017
7160.5	38642.54180026
7161.0	38646.36231197
7161.5	38649.07558473
7162.0	38651.00932833
7162.5	38654.03625416
7163.0	38663.42397854
7163.5	38663.02258817
7164.0	38668.06102027
7164.5	38673.16023094
7165.0	38677.89925235
7165.5	38679.7881194
7166.0	38682.87343381
7166.5	38686.80477392
7167.0	38686.78145777
7167.5	38688.6509829
7168.0	38689.89530217
7168.5	38688.03095488
7169.0	38690.87335282
7169.5	38695.37055248
7170.0	38705.3360034
7170.5	38706.42002178
7171.0	38712.72065386
7171.5	38719.62175373
7172.0	38725.42018522
7172.5	38726.74166205
7173.0	38730.7878502
7173.5	38732.82520917
7174.0	38734.74974632
7174.5	38739.69167002
7175.0	38740.94527389
7175.5	38742.81409073
7176.0	38746.08679361
7176.5	38755.10060004
7177.0	38757.44864069
7177.5	38761.81682813
7178.0	38767.87789989
7178.5	38773.95382605
7179.0	38777.70964817
7179.5	38779.89566716
7180.0	38785.34807428
7180.5	38791.13909922
7181.0	38797.81797673
7181.5	38801.61700726
7182.0	38804.95319031
7182.5	38808.18573565
7183.0	38810.59556018
7183.5	38811.84530737
7184.0	38812.39217617
7184.5	38819.44185828
7185.0	38825.66140394
7185.5	38829.23993483
7186.0	38830.86034691
7186.5	38834.32782962
7187.0	38839.03580428
7187.5	38838.69548178
7188.0	38844.84847795
7188.5	38845.78644681
7189.0	38850.00552737
7189.5	38857.35547326
7190.0	38859.10781044
7190.5	38864.96587914
7191.0	38873.31457175
7191.5	38882.28596081
7192.0	38890.68427719
7192.5	38897.07618762
7193.0	38902.40023867
7193.5	38912.40756387
7194.0	38915.63414201
7194.5	38923.57400399
7195.0	38930.87664271
7195.5	38938.17519842
7196.0	38947.24717425
7196.5	38952.90945375
7197.0	38956.2387822
7197.5	38961.9922528
7198.0	38966.39466631
7198.5	38970.7285734
7199.0	38974.6449712
7199.5	38977.97407445
7200.0	38981.74265568
7200.5	38983.77572238
7201.0	38988.69203119
7201.5	38992.72952637
7202.0	38997.36802685
7202.5	39001.34541332
7203.0	39003.21166202
7203.5	39003.94090243
7204.0	39002.76742844
7204.5	39002.97272884
7205.0	39002.12734798
7205.5	39002.23235179
7206.0	39007.36872469
7206.5	39013.84251503
7207.0	39016.70419027
7207.5	39023.88136749
7208.0	39028.55424522
7208.5	39035.46997893
7209.0	39040.91753338
7209.5	39046.97620362
7210.0	39050.75679178
7210.5	39059.26786844
7211.0	39061.13082133
7211.5	39070.18730667
7212.0	39078.22325303
7212.5	39083.39653209
7213.0	39090.90788675
7213.5	39097.683796
7214.0	39103.60033865
7214.5	39107.41731763
7215.0	39113.13894002
7215.5	39116.85275943
7216.0	39119.66802216
7216.5	39119.22991074
7217.0	39123.39612087
7217.5	39126.40881795
7218.0	39129.80006036
7218.5	39131.35230363
7219.0	39131.48229269
7219.5	39132.84229445
7220.0	39133.53860679
7220.5	39137.71597006
7221.0	39139.18307098
7221.5	39139.00403364
7222.0	39141.54375318
7222.5	39144.44050688
7223.0	39148.63224557
7223.5	39150.91419294
7224.0	39155.91532452
7224.5	39156.5357864
7225.0	39161.80882437
7225.5	39163.85636197
7226.0	39168.12659062
7226.5	39175.05119407
7227.0	39177.99085751
7227.5	39179.44438156
7228.0	39182.28625992
7228.5	39189.39122493
7229.0	39194.88953165
7229.5	39201.98604193
7230.0	39208.264411
7230.5	39214.73460253
7231.0	39224.53409216
7231.5	39229.44005541
7232.0	39233.03541118
7232.5	39236.19704432
7233.0	39237.20876034
7233.5	39236.49695571
7234.0	39242.92276163
7234.5	39241.32030802
7235.0	39246.41196946
7235.5	39252.9428384
7236.0	39261.16513223
7236.5	39268.5002108
7237.0	39272.5236622
7237.5	39272.40833022
7238.0	39275.6432052
7238.5	39278.72588048
7239.0	39283.83458427
7239.5	39290.5290726
7240.0	39294.11581005
7240.5	39299.81293337
7241.0	39303.58222801
7241.5	39307.04407746
7242.0	39310.26243795
7242.5	39315.26780183
7243.0	39318.07688933
7243.5	39321.42331527
7244.0	39323.01948796
7244.5	39331.81618249
7245.0	39332.66581474
7245.5	39339.494501
7246.0	39340.10639434
7246.5	39343.78856303
7247.0	39343.76708399
7247.5	39346.87815525
7248.0	39346.94268309
7248.5	39348.7685273
7249.0	39350.45607269
7249.5	39353.52433365
7250.0	39356.79805214
7250.5	39361.06555661
7251.0	39363.97406682
7251.5	39366.53840532
7252.0	39373.63152038
7252.5	39374.80850094
7253.0	39377.2275308
7253.5	39386.31313815
7254.0	39391.75398102
7254.5	39400.77276432
7255.0	39407.28999731
7255.5	39413.23975528
7256.0	39418.3020077
7256.5	39421.10792578
7257.0	39425.47010631
7257.5	39425.59770731
7258.0	39428.12276214
7258.5	39429.33869428
7259.0	39433.87843564
7259.5	39434.24733256
7260.0	39433.92845004
7260.5	39438.20306105
7261.0	39438.54857686
7261.5	39444.54377469
7262.0	39447.85728282
7262.5	39454.56755543
7263.0	39457.8345969
7263.5	39462.86919684
7264.0	39464.80262462
7264.5	39472.94057889
7265.0	39479.15390608
7265.5	39487.59524673
7266.0	39488.79907264
7266.5	39489.99776271
7267.0	39493.40574763
7267.5	39503.26753142
7268.0	39506.0247521
7268.5	39509.57277439
7269.0	39512.80953579
7269.5	39515.29159891
7270.0	39522.34478138
7270.5	39531.25418368
7271.0	39536.31747113
7271.5	39541.71649561
7272.0	39548.02026666
7272.5	39550.88840741
7273.0	39551.78314891
7273.5	39553.9141605
7274.0	39555.5908392
7274.5	39559.29758142
7275.0	39562.56735778
7275.5	39565.67409459
7276.0	39567.5863697
7276.5	39572.71471415
7277.0	39577.87992312
7277.5	39586.45531477
7278.0	39590.22287101
7278.5	39599.78650753
7279.0	39608.84759548
7279.5	39614.61033813
7280.0	39618.10317866
7280.5	39623.2657112
7281.0	39627.27223792
7281.5	39627.99958811
7282.0	39634.34487219
7282.5	39636.31109277
7283.0	39640.08976683
7283.5	39639.96628485
7284.0	39642.24778474
7284.5	39643.64120999
7285.0	39638.13696579
7285.5	39638.85369684
7286.0	39640.04387084
7286.5	39639.94711992
7287.0	39647.11956931
7287.5	39649.02601935
7288.0	39655.05474632
7288.5	39662.1374866
7289.0	39669.09476435
7289.5	39671.59317661
7290.0	39674.68057226
7290.5	39678.03457685
7291.0	39679.18087356
7291.5	39684.28392367
7292.0	39692.68045067
7292.5	39696.32542099
7293.0	39704.52966591
7293.5	39709.36621674
7294.0	39714.37289686
7294.5	39719.35305291
7295.0	39725.74524241
7295.5	39733.50245219
7296.0	39738.13212656
7296.5	39742.47733764
7297.0	39746.97719902
7297.5	39747.56138442
7298.0	39749.48082658
7298.5	39757.71324811
7299.0	39759.1141164
7299.5	39762.03266913
7300.0	39763.20304586
7300.5	39765.29193362
7301.0	39765.21774734
7301.5	39764.02731497
7302.0	39764.78437329
7302.5	39765.61116716
7303.0	39766.22366769
7303.5	39768.00058437
7304.0	39775.12341895
7304.5	39781.60411381
7305.0	39787.21760183
7305.5	39795.90748811
7306.0	39799.05367291
7306.5	39806.06292418
7307.0	39808.71002137
7307.5	39808.99320991
7308.0	39812.3906433
7308.5	39813.96626249
7309.0	39817.84028308
7309.5	39825.32337457
7310.0	39826.47057935
7310.5	39831.27222952
7311.0	39838.99842856
7311.5	39843.70729152
7312.0	39849.72002108
7312.5	39855.06689356
7313.0	39858.35436414
7313.5	39862.62057756
7314.0	39864.58531077
7314.5	39867.409386
7315.0	39869.06274625
7315.5	39870.56094336
7316.0	39873.8289637
7316.5	39875.83712244
7317.0	39881.00655232
7317.5	39887.21337922
7318.0	39893.22072315
7318.5	39899.981769
7319.0	39904.80169818
7319.5	39911.60094094
7320.0	39914.75368149
7320.5	39919.49595174
7321.0	39926.13219583
7321.5	39924.68933651
7322.0	39927.44874991
7322.5	39928.89484913
7323.0	39933.32190073
7323.5	39936.7905549
7324.0	39943.41730716
7324.5	39945.36987084
7325.0	39948.70173079
7325.5	39949.97265042
7326.0	39950.84841186
7326.5	39953.71885701
7327.0	39954.64117592
7327.5	39957.80996942
7328.0	39962.42162391
7328.5	39964.54174519
7329.0	39970.96488952
7329.5	39973.64155003
7330.0	39976.1796679
7330.5	39978.90064107
7331.0	39981.00177507
7331.5	39983.14681131
7332.0	39984.12381199
7332.5	39985.74892421
7333.0	39991.59648939
7333.5	40001.34232536
7334.0	40009.68627675
7334.5	40017.31986164
7335.0	40024.40570155
7335.5	40026.74928222
7336.0	40029.91292415
7336.5	40035.97430636
7337.0	40041.69881989
7337.5	40044.67703395
7338.0	40047.40226384
7338.5	40051.38724926
7339.0	40055.77649587
7339.5	40056.30246076
7340.0	40058.04473838
7340.5	40059.00200961
7341.0	40060.81040886
7341.5	40061.11810359
7342.0	40065.38441174
7342.5	40064.09536232
7343.0	40065.74057958
7343.5	40069.07075194
7344.0	40073.64113241
7344.5	40079.11705691
7345.0	40084.24457197
7345.5	40085.8051864
7346.0	40086.89262929
7346.5	40085.65985137
7347.0	40085.65638819
7347.5	40089.12989422
7348.0	40092.3818337
7348.5	40093.77148186
7349.0	40101.6057944
7349.5	40110.40163593
7350.0	40119.25988144
7350.5	40125.93438099
7351.0	40131.48112779
7351.5	40136.76085995
7352.0	40139.74191646
7352.5	40140.07382909
7353.0	40143.47903204
7353.5	40148.57473803
7354.0	40154.1194809
7354.5	40163.5812962
7355.0	40167.9553253
7355.5	40172.2014346
7356.0	40173.80916564
7356.5	40180.34959347
7357.0	40179.54262817
7357.5	40179.65570955
7358.0	40181.9247271
7358.5	40187.86000505
7359.0	40191.26984372
7359.5	40192.88320347
7360.0	40195.69922221
7360.5	40198.23055198
7361.0	40200.18201891
7361.5	40207.74973988
7362.0	40216.42726923
7362.5	40223.10684876
7363.0	40227.78720866
7363.5	40227.70506045
7364.0	40227.20027183
7364.5	40231.5105178
7365.0	40233.45930883
7365.5	40234.19813234
7366.0	40240.46242404
7366.5	40243.00616775
7367.0	40243.59922371
7367.5	40249.63545362
7368.0	40249.62126522
7368.5	40254.11140017
7369.0	40258.77319337
7369.5	40263.44831295
7370.0	40266.99366747
7370.5	40269.30113979
7371.0	40272.77526464
7371.5	40273.2866846
7372.0	40274.45750918
7372.5	40275.7114034
7373.0	40275.57244441
7373.5	40281.3105853
7374.0	40284.30959688
7374.5	40289.54220913
7375.0	40295.73930976
7375.5	40304.14869737
7376.0	40315.62445969
7376.5	40324.7206481
7377.0	40330.95656493
7377.5	40337.16632869
7378.0	40343.16763617
7378.5	40347.47705821
7379.0	40350.67902361
7379.5	40353.07654967
7380.0	40355.1722137
7380.5	40357.35491238
7381.0	40357.9011453
7381.5	40357.52538473
7382.0	40360.53474421
7382.5	40361.82143288
7383.0	40365.63270475
7383.5	40367.38012433
7384.0	40373.68291757
7384.5	40376.80794805
7385.0	40381.57665374
7385.5	40383.41185261
7386.0	40382.67580663
7386.5	40386.50571062
7387.0	40390.46684578
7387.5	40391.80842367
7388.0	40393.90575002
7388.5	40396.94380865
7389.0	40394.73389978
7389.5	40393.13117742
7390.0	40396.93878426
7390.5	40397.76193691
7391.0	40395.88234552
7391.5	40401.43845036
7392.0	40407.44507906
7392.5	40410.38778824
7393.0	40414.59218449
7393.5	40416.54190976
7394.0	40420.50845275
7394.5	40424.74333827
7395.0	40430.00627838
7395.5	40437.73684663
7396.0	40439.16447744
7396.5	40441.12148684
7397.0	40444.40312766
7397.5	40449.45793404
7398.0	40457.43591566
7398.5	40467.01376167
7399.0	40471.37104133
7399.5	40481.29268028
7400.0	40483.96757809
7400.5	40488.02672223
7401.0	40489.05282832
7401.5	40491.8704468
7402.0	40496.02989297
7402.5	40499.00527109
7403.0	40499.95771575
7403.5	40500.70983779
7404.0	40500.52471461
7404.5	40500.11448487
7405.0	40503.70697363
7405.5	40505.42578663
7406.0	40508.28394313
7406.5	40513.42501725
7407.0	40517.50982121
7407.5	40521.70155055
7408.0	40528.21227677
7408.5	40537.85645083
7409.0	40541.72160454
7409.5	40551.38140273
7410.0	40553.48643318
7410.5	40553.85794479
7411.0	40554.70719971
7411.5	40552.30756601
7412.0	40553.58741319
7412.5	40555.94673608
7413.0	40560.99886764
7413.5	40560.45887566
7414.0	40564.79066745
7414.5	40567.46099661
7415.0	40571.60585999
7415.5	40572.34003803
7416.0	40576.88276889
7416.5	40581.42260048
7417.0	40582.07970263
7417.5	40588.44104186
7418.0	40593.63181365
7418.5	40594.28100885
7419.0	40596.67588067
7419.5	40597.32990387
7420.0	40599.7825612
7420.5	40602.79160586
7421.0	40604.22469623
7421.5	40605.89697143
7422.0	40611.0386049
7422.5	40616.28034364
7423.0	40621.95211184
7423.5	40622.12403795
7424.0	40622.0155193
7424.5	40624.25065808
7425.0	40626.50811862
7425.5	40629.53373467
7426.0	40634.87008142
7426.5	40639.94520745
7427.0	40653.60863627
7427.5	40660.67326456
7428.0	40666.25684245
7428.5	40670.41443346
7429.0	40669.55855145
7429.5	40667.42752891
7430.0	40668.50108409
7430.5	40666.18045184
7431.0	40670.61730214
7431.5	40673.86629865
7432.0	40677.74067484
7432.5	40682.49297613
7433.0	40686.00567316
7433.5	40691.88784358
7434.0	40698.75634286
7434.5	40705.59420544
7435.0	40712.26684533
7435.5	40715.35653729
7436.0	40716.80211181
7436.5	40716.31032139
7437.0	40719.01641217
7437.5	40716.28796689
7438.0	40719.12467534
7438.5	40722.36656058
7439.0	40726.02980851
7439.5	40728.9578169
7440.0	40730.5116201
7440.5	40731.50979012
7441.0	40735.68416512
7441.5	40741.33981307
7442.0	40740.29408154
7442.5	40748.7625698
7443.0	40750.55592702
7443.5	40753.92684314
7444.0	40758.03313503
7444.5	40762.5304456
7445.0	40770.36124093
7445.5	40776.72966271
7446.0	40781.08778123
7446.5	40791.6327715
7447.0	40792.30211019
7447.5	40797.00286009
7448.0	40803.92003051
7448.5	40804.39379891
7449.0	40803.69370091
7449.5	40803.41063208
7450.0	40803.52830065
7450.5	40801.42035926
7451.0	40805.65849838
7451.5	40801.79151369
7452.0	40808.20660816
7452.5	40812.74284283
7453.0	40816.71296198
7453.5	40825.84904791
7454.0	40833.40968905
7454.5	40840.96528056
7455.0	40845.01426602
7455.5	40848.14626617
7456.0	40850.62809564
7456.5	40848.46807034
7457.0	40856.56693663
7457.5	40859.37734052
7458.0	40858.33323942
7458.5	40862.70539195
7459.0	40865.93173002
7459.5	40871.22512554
7460.0	40876.93847149
7460.5	40879.67593048
7461.0	40880.01192439
7461.5	40879.42574954
7462.0	40881.72618095
7462.5	40884.27852444
7463.0	40886.70338257
7463.5	40888.59447478
7464.0	40888.84900751
7464.5	40888.90985456
7465.0	40890.65647291
7465.5	40894.19693592
7466.0	40899.5852752
7466.5	40904.48193537
7467.0	40901.33353476
7467.5	40904.11413226
7468.0	40905.97644318
7468.5	40908.90292032
7469.0	40915.51502124
7469.5	40922.16758962
7470.0	40927.33904637
7470.5	40931.25842484
7471.0	40935.09258611
7471.5	40937.3396738
7472.0	40941.10132321
7472.5	40941.57612569
7473.0	40945.32098276
7473.5	40944.40579393
7474.0	40946.15287824
7474.5	40952.11850091
7475.0	40953.49659489
7475.5	40954.87460266
7476.0	40957.84633383
7476.5	40959.69566579
7477.0	40959.64514073
7477.5	40966.67922837
7478.0	40965.83529878
7478.5	40968.6696431
7479.0	40969.31851855
7479.5	40975.45944793
7480.0	40975.76706011
7480.5	40977.25415575
7481.0	40979.38717904
7481.5	40980.54265381
7482.0	40983.38181685
7482.5	40986.30414196
7483.0	40986.73033387
7483.5	40990.48371345
7484.0	40996.54289879
7484.5	40998.12199707
7485.0	41006.6887146
7485.5	41008.43680232
7486.0	41013.29046268
7486.5	41019.48630279
7487.0	41022.88303822
7487.5	41026.77753848
7488.0	41027.48811955
7488.5	41031.48583319
7489.0	41033.28187427
7489.5	41036.92684639
7490.0	41035.08613425
7490.5	41040.10886342
7491.0	41041.19523387
7491.5	41042.05949855
7492.0	41043.95455257
7492.5	41048.81833689
7493.0	41050.61706248
7493.5	41057.07283955
7494.0	41061.801471
7494.5	41062.05547981
7495.0	41065.86128292
7495.5	41069.71322812
7496.0	41070.79122751
7496.5	41069.15535445
7497.0	41069.83671235
7497.5	41073.79427714
7498.0	41073.38933546
7498.5	41075.30639662
7499.0	41077.83459774
7499.5	41078.74640271
7500.0	41076.98024064
7500.5	41081.22560707
7501.0	41083.84197525
7501.5	41089.455316
7502.0	41094.03202296
7502.5	41098.56167438
7503.0	41099.84852459
7503.5	41100.17257544
7504.0	41102.00500877
7504.5	41102.28815676
7505.0	41106.37979042
7505.5	41103.29840019
7506.0	41102.0327255
7506.5	41103.19272339
7507.0	41101.2024634
7507.5	41102.74053315
7508.0	41104.04057843
7508.5	41110.9678002
7509.0	41112.11084005
7509.5	41118.68092166
7510.0	41120.29815497
7510.5	41125.20503496
7511.0	41128.71207061
7511.5	41129.06361717
7512.0	41133.33006098
7512.5	41132.43706386
7513.0	41130.65749289
7513.5	41119.22291367
7514.0	41089.52651174
7514.5	41060.72965671
7515.0	41052.18220818
7515.5	41059.79303511
7516.0	41069.78512417
7516.5	41073.05771364
7517.0	41080.25629096
7517.5	41078.43171305
7518.0	41076.04938391
7518.5	41070.78395508
7519.0	41070.30258956
7519.5	41067.25300879
7520.0	41071.18045285
7520.5	41073.67103532
7521.0	41056.22707225
7521.5	41007.32576541
7522.0	40901.23412341
7522.5	40548.38196418
7523.0	39926.36345753
7523.5	39939.39629047
7524.0	40375.15957545
7524.5	40753.91551932
7525.0	41006.62314091
7525.5	41087.00151464
7526.0	41077.74710173
7526.5	41001.06782887
7527.0	40748.783094
7527.5	40143.37547583
7528.0	39968.50270495
7528.5	40338.18233548
7529.0	40748.27592727
7529.5	41062.56048716
7530.0	41202.62624126
7530.5	41242.76481761
7531.0	41257.84458427
7531.5	41261.57741518
7532.0	41260.74442286
7532.5	41243.63192956
7533.0	41220.47169203
7533.5	41204.52808362
7534.0	41209.23279545
7534.5	41220.81727889
7535.0	41230.52261726
7535.5	41231.26471096
7536.0	41231.11996307
7536.5	41230.50157152
7537.0	41234.21605546
7537.5	41234.84811364
7538.0	41241.00611456
7538.5	41252.83390674
7539.0	41271.50880767
7539.5	41287.48141001
7540.0	41295.27048623
7540.5	41301.6238941
7541.0	41310.66721995
7541.5	41313.87939732
7542.0	41320.4763275
7542.5	41325.57739044
7543.0	41330.89811885
7543.5	41332.41565159
7544.0	41332.77225984
7544.5	41333.38547877
7545.0	41332.57469948
7545.5	41333.90707649
7546.0	41335.86754
7546.5	41337.49252519
7547.0	41335.75386413
7547.5	41335.67643109
7548.0	41340.85590721
7548.5	41339.63987558
7549.0	41349.35292416
7549.5	41353.88249569
7550.0	41355.7910995
7550.5	41358.1550382
7551.0	41365.03069665
7551.5	41369.05937711
7552.0	41372.32864688
7552.5	41377.26947106
7553.0	41382.11552839
7553.5	41384.71404599
7554.0	41387.56685472
7554.5	41394.19328638
7555.0	41397.83073505
7555.5	41397.1485527
7556.0	41399.46468096
7556.5	41398.62711902
7557.0	41397.64049837
7557.5	41394.60960708
7558.0	41391.90005753
7558.5	41393.4098198
7559.0	41396.70308958
7559.5	41403.88530986
7560.0	41410.06242034
7560.5	41418.04082132
7561.0	41422.87601594
7561.5	41426.89150267
7562.0	41429.83802304
7562.5	41432.42892536
7563.0	41435.2903315
7563.5	41439.65626424
7564.0	41438.07697327
7564.5	41442.39313659
7565.0	41447.4327491
7565.5	41450.66919494
7566.0	41455.11792064
7566.5	41453.97099099
7567.0	41458.54514429
7567.5	41460.34748879
7568.0	41458.54441775
7568.5	41461.95861987
7569.0	41463.54319164
7569.5	41465.32103405
7570.0	41467.40526816
7570.5	41472.38283852
7571.0	41472.8323387
7571.5	41472.29863381
7572.0	41468.27282634
7572.5	41460.63278595
7573.0	41448.06940101
7573.5	41444.65068786
7574.0	41444.42186671
7574.5	41441.51893481
7575.0	41442.76052858
7575.5	41444.41087569
7576.0	41445.41177988
7576.5	41453.24338985
7577.0	41460.18747727
7577.5	41466.46323103
7578.0	41466.56931655
7578.5	41462.0295673
7579.0	41464.79538464
7579.5	41465.3999541
7580.0	41467.21113794
7580.5	41469.98987836
7581.0	41467.88687944
7581.5	41469.69935039
7582.0	41473.27080527
7582.5	41477.80687296
7583.0	41478.06632637
7583.5	41477.73948233
7584.0	41475.62563872
7584.5	41475.74998969
7585.0	41478.70856818
7585.5	41477.72671152
7586.0	41477.44792697
7586.5	41477.73986815
7587.0	41486.63490032
7587.5	41490.03839811
7588.0	41492.89510556
7588.5	41492.63958493
7589.0	41492.88440667
7589.5	41494.43726655
7590.0	41499.69066542
7590.5	41501.24510603
7591.0	41503.58324096
7591.5	41505.61248682
7592.0	41514.68874836
7592.5	41516.47970094
7593.0	41515.51792605
7593.5	41518.25996566
7594.0	41515.77323799
7594.5	41514.64867091
7595.0	41520.15022594
7595.5	41526.04534515
7596.0	41529.44508855
7596.5	41530.23559397
7597.0	41531.78051304
7597.5	41527.92394683
7598.0	41532.7827637
7598.5	41540.51256611
7599.0	41540.17765857
7599.5	41542.39220932
7600.0	41549.31404615
7600.5	41553.44988345
7601.0	41553.11231102
7601.5	41550.69176609
7602.0	41551.53571617
7602.5	41555.98236414
7603.0	41554.32164168
7603.5	41552.76347188
7604.0	41555.15777817
7604.5	41553.0145148
7605.0	41552.62554836
7605.5	41554.12661895
7606.0	41557.15664768
7606.5	41560.22241852
7607.0	41565.35986439
7607.5	41572.63124313
7608.0	41579.69041528
7608.5	41585.68795386
7609.0	41586.11790057
7609.5	41583.83267321
7610.0	41586.99741975
7610.5	41588.68731124
7611.0	41585.09975661
7611.5	41582.75910856
7612.0	41588.60521539
7612.5	41589.85895888
7613.0	41588.31096589
7613.5	41591.27587679
7614.0	41596.78392014
7614.5	41597.83251819
7615.0	41595.58079672
7615.5	41590.46293608
7616.0	41589.51646676
7616.5	41594.08157366
7617.0	41604.05736085
7617.5	41609.84737633
7618.0	41609.00876854
7618.5	41604.3081443
7619.0	41599.66715923
7619.5	41598.24443351
7620.0	41600.32507388
7620.5	41608.23768296
7621.0	41614.82478366
7621.5	41619.86044855
7622.0	41624.33136435
7622.5	41629.71826261
7623.0	41634.49632636
7623.5	41637.35396087
7624.0	41638.54190233
7624.5	41643.87617496
7625.0	41648.10246132
7625.5	41646.20205322
7626.0	41644.32820013
7626.5	41647.57547539
7627.0	41657.22626226
7627.5	41663.96432615
7628.0	41665.06388139
7628.5	41670.70540366
7629.0	41670.93452341
7629.5	41675.15620066
7630.0	41680.39226699
7630.5	41681.93259097
7631.0	41686.43443985
7631.5	41691.64426974
7632.0	41692.72598215
7632.5	41690.67269612
7633.0	41691.18582313
7633.5	41692.52176313
7634.0	41696.46944924
7634.5	41699.55620516
7635.0	41701.30253231
7635.5	41700.10285953
7636.0	41698.01425982
7636.5	41697.07162257
7637.0	41699.0511561
7637.5	41701.09346135
7638.0	41702.68870772
7638.5	41704.25236406
7639.0	41705.42440208
7639.5	41709.38617917
7640.0	41709.84486735
7640.5	41708.81111521
7641.0	41707.39572344
7641.5	41707.80429773
7642.0	41711.11281028
7642.5	41713.19542727
7643.0	41720.45022547
7643.5	41725.77673136
7644.0	41732.9348099
7644.5	41734.50724433
7645.0	41734.38423212
7645.5	41738.96504334
7646.0	41739.78565467
7646.5	41741.59958557
7647.0	41730.92399796
7647.5	41730.68631972
7648.0	41735.81016441
7648.5	41744.70134134
7649.0	41747.4009622
7649.5	41749.33176938
7650.0	41753.45562136
7650.5	41757.89585726
7651.0	41760.40044254
7651.5	41762.82557428
7652.0	41761.32567812
7652.5	41761.08280712
7653.0	41758.95218087
7653.5	41756.86699808
7654.0	41760.70884274
7654.5	41768.84898069
7655.0	41776.47437319
7655.5	41786.53544983
7656.0	41789.8553769
7656.5	41788.74665071
7657.0	41786.25208972
7657.5	41782.41815954
7658.0	41781.0761033
7658.5	41785.76060207
7659.0	41785.93156195
7659.5	41792.80482649
7660.0	41799.43695133
7660.5	41805.47818472
7661.0	41810.98162321
7661.5	41804.93515152
7662.0	41803.65144258
7662.5	41801.17299105
7663.0	41798.30913167
7663.5	41794.73871812
7664.0	41793.76753912
7664.5	41798.64878416
7665.0	41803.67793648
7665.5	41810.53053122
7666.0	41812.73242998
7666.5	41809.94645423
7667.0	41811.78443892
7667.5	41815.34932308
7668.0	41820.61730704
7668.5	41824.98843176
7669.0	41829.32678944
7669.5	41830.43167056
7670.0	41831.31727578
7670.5	41834.7467847
7671.0	41837.60999464
7671.5	41838.34907841
7672.0	41840.37481141
7672.5	41844.33917695
7673.0	41851.22275285
7673.5	41852.20602167
7674.0	41858.32398315
7674.5	41856.95671268
7675.0	41854.7394982
7675.5	41854.13068963
7676.0	41855.93177578
7676.5	41857.91023205
7677.0	41858.75695614
7677.5	41863.17393073
7678.0	41863.03112439
7678.5	41865.70392464
7679.0	41862.35466386
7679.5	41860.77466334
7680.0	41861.47012611
7680.5	41862.71951452
7681.0	41867.89288687
7681.5	41869.6671973
7682.0	41879.08745306
7682.5	41883.13678659
7683.0	41888.55445219
7683.5	41895.87767947
7684.0	41895.74730287
7684.5	41900.3076528
7685.0	41907.14394255
7685.5	41910.30629031
7686.0	41906.86127174
7686.5	41905.98168415
7687.0	41905.60397412
7687.5	41902.07186653
7688.0	41899.39369569
7688.5	41900.94137809
7689.0	41905.03893908
7689.5	41908.66589706
7690.0	41905.35878269
7690.5	41905.29453859
7691.0	41911.46509978
7691.5	41915.79810712
7692.0	41922.6779265
7692.5	41926.6086684
7693.0	41930.59513878
7693.5	41932.52983512
7694.0	41934.28041336
7694.5	41934.90452536
7695.0	41936.46188858
7695.5	41940.70966248
7696.0	41939.37318459
7696.5	41937.72490708
7697.0	41933.28460816
7697.5	41928.59002701
7698.0	41927.22948384
7698.5	41935.04425821
7699.0	41943.15670719
7699.5	41950.50858904
7700.0	41953.03068046
7700.5	41951.48369978
7701.0	41960.25180755
7701.5	41969.8525437
7702.0	41967.09638946
7702.5	41969.14628672
7703.0	41965.40026422
7703.5	41967.39842091
7704.0	41969.90672719
7704.5	41968.53824977
7705.0	41963.25379846
7705.5	41958.16192479
7706.0	41958.3221526
7706.5	41961.47594427
7707.0	41963.96568077
7707.5	41965.70824413
7708.0	41969.50975533
7708.5	41976.3713184
7709.0	41979.2673676
7709.5	41979.19669035
7710.0	41980.49021307
7710.5	41984.01121273
7711.0	41997.12538141
7711.5	42004.03928309
7712.0	42001.39580175
7712.5	42002.56912222
7713.0	42004.85084914
7713.5	42001.88377536
7714.0	42000.33141748
7714.5	42007.25858871
7715.0	42007.67384185
7715.5	42014.06672787
7716.0	42010.66602313
7716.5	42009.72133105
7717.0	42011.17692962
7717.5	42010.38911618
7718.0	42007.91136845
7718.5	42005.39957906
7719.0	42003.90334497
7719.5	42001.84736379
7720.0	42002.00920009
7720.5	41996.85960939
7721.0	41990.31423829
7721.5	41996.43011406
7722.0	42006.28984848
7722.5	42005.99557081
7723.0	42008.41098276
7723.5	42004.89254694
7724.0	42003.89371116
7724.5	42000.38296496
7725.0	42004.83798042
7725.5	42006.79376526
7726.0	42009.86013454
7726.5	42011.30927456
7727.0	42017.31926064
7727.5	42026.65716199
7728.0	42033.42127173
7728.5	42039.96886241
7729.0	42045.03065879
7729.5	42052.5034676
7730.0	42057.11972613
7730.5	42063.23976644
7731.0	42068.70793744
7731.5	42071.84931222
7732.0	42075.76793977
7732.5	42075.77009393
7733.0	42073.80583615
7733.5	42075.99956026
7734.0	42077.08761263
7734.5	42075.7165549
7735.0	42073.83228092
7735.5	42072.98797506
7736.0	42072.23235373
7736.5	42075.69026382
7737.0	42079.02995441
7737.5	42084.41218656
7738.0	42088.62161131
7738.5	42093.52400001
7739.0	42096.48755272
7739.5	42097.39021316
7740.0	42092.05304465
7740.5	42090.10270004
7741.0	42089.47274839
7741.5	42091.8081553
7742.0	42094.81977544
7742.5	42096.89854744
7743.0	42093.67385282
7743.5	42089.90578615
7744.0	42089.54753293
7744.5	42097.414584
7745.0	42104.18512674
7745.5	42112.26586144
7746.0	42111.17154781
7746.5	42111.34631104
7747.0	42109.42450932
7747.5	42108.18293474
7748.0	42106.2602747
7748.5	42107.16341434
7749.0	42107.65055724
7749.5	42107.17412777
7750.0	42110.93914762
7750.5	42118.98616565
7751.0	42123.31455902
7751.5	42132.9496899
7752.0	42129.19153455
7752.5	42131.70390166
7753.0	42136.65640384
7753.5	42147.46313966
7754.0	42152.72152917
7754.5	42157.0217381
7755.0	42155.1454839
7755.5	42155.82616928
7756.0	42155.14812182
7756.5	42152.34124225
7757.0	42151.66326108
7757.5	42152.64054936
7758.0	42156.73090596
7758.5	42157.30246637
7759.0	42157.81111753
7759.5	42156.98040091
7760.0	42154.24855142
7760.5	42155.0654772
7761.0	42156.94949306
7761.5	42165.36194087
7762.0	42169.90974474
7762.5	42173.4188903
7763.0	42176.48179535
7763.5	42175.43153474
7764.0	42176.24734446
7764.5	42178.15984655
7765.0	42174.86445848
7765.5	42171.05997018
7766.0	42173.39680653
7766.5	42175.19974978
7767.0	42178.46183225
7767.5	42179.73825952
7768.0	42178.3938992
7768.5	42170.826055
7769.0	42169.90009466
7769.5	42169.65427084
7770.0	42168.61810992
7770.5	42170.98213683
7771.0	42173.38655745
7771.5	42177.74267445
7772.0	42184.92596354
7772.5	42184.88880508
7773.0	42176.9583633
7773.5	42170.38005946
7774.0	42162.09964344
7774.5	42156.38930115
7775.0	42149.67908714
7775.5	42147.05782409
7776.0	42143.98669136
7776.5	42135.04768024
7777.0	42123.78203722
7777.5	42113.08951537
7778.0	42097.22029615
7778.5	42086.21369438
7779.0	42068.74485489
7779.5	42040.37649992
7780.0	42001.15909104
7780.5	41941.07583685
7781.0	41841.73404287
7781.5	41675.7269838
7782.0	41322.93990299
7782.5	40453.8984124
7783.0	39435.41541789
7783.5	39517.20993436
7784.0	40443.2501054
7784.5	41110.48392395
7785.0	41144.02211073
7785.5	40369.11057468
7786.0	39494.20146446
7786.5	39712.51226004
7787.0	40737.4834676
7787.5	41597.51973945
7788.0	42031.39129581
7788.5	42179.94104396
7789.0	42231.07390077
7789.5	42258.64613133
7790.0	42278.022664
7790.5	42290.20669404
7791.0	42299.20194316
7791.5	42305.59804631
7792.0	42308.22875639
7792.5	42312.06045735
7793.0	42318.25128614
7793.5	42317.8814355
7794.0	42320.73845713
7794.5	42318.13049698
7795.0	42320.54298772
7795.5	42323.42245338
7796.0	42317.30100296
7796.5	42317.7683439
7797.0	42316.58929521
7797.5	42319.50322406
7798.0	42327.47301986
7798.5	42326.84210275
7799.0	42330.28021685
7799.5	42329.88384354
7800.0	42334.19289008
7800.5	42333.2896203
7801.0	42333.05463896
7801.5	42331.49532189
7802.0	42331.91203168
7802.5	42336.09816844
7803.0	42336.85139593
7803.5	42343.11393984
7804.0	42343.74038442
7804.5	42342.99089587
7805.0	42343.80818664
7805.5	42340.26799298
7806.0	42341.63065012
7806.5	42345.1226807
7807.0	42348.92476178
7807.5	42350.50740861
7808.0	42356.73057506
7808.5	42354.74648171
7809.0	42357.86358185
7809.5	42359.41109487
7810.0	42358.53791259
7810.5	42359.38725088
7811.0	42360.83437754
7811.5	42357.93379632
7812.0	42359.05794367
7812.5	42359.41742689
7813.0	42361.75411844
7813.5	42362.41946151
7814.0	42367.35215039
7814.5	42370.65543381
7815.0	42375.00058747
7815.5	42381.41594083
7816.0	42386.50265813
7816.5	42385.72871054
7817.0	42386.23698314
7817.5	42383.61647635
7818.0	42384.38795587
7818.5	42387.72734252
7819.0	42395.44761843
7819.5	42397.95703957
7820.0	42402.13216665
7820.5	42399.68203058
7821.0	42400.22006231
7821.5	42396.63814111
7822.0	42400.15408806
7822.5	42402.11360742
7823.0	42408.72208859
7823.5	42414.41283612
7824.0	42412.6943717
7824.5	42412.4749808
7825.0	42407.03085928
7825.5	42398.68987457
7826.0	42397.03989958
7826.5	42393.57524423
7827.0	42393.81194981
7827.5	42393.33792122
7828.0	42394.56161448
7828.5	42392.95505811
7829.0	42395.18097455
7829.5	42401.15299206
7830.0	42406.35670396
7830.5	42415.31707673
7831.0	42418.06114744
7831.5	42425.7100863
7832.0	42429.89147312
7832.5	42429.43911448
7833.0	42429.74753994
7833.5	42426.28672585
7834.0	42427.41153181
7834.5	42425.09204914
7835.0	42426.93562495
7835.5	42429.92040593
7836.0	42433.76504532
7836.5	42438.188212
7837.0	42437.01597711
7837.5	42437.78198538
7838.0	42437.10637698
7838.5	42437.10225669
7839.0	42440.89248947
7839.5	42438.45757144
7840.0	42443.71489049
7840.5	42446.90589585
7841.0	42447.25423048
7841.5	42446.26993024
7842.0	42445.46494201
7842.5	42449.50100524
7843.0	42450.9778025
7843.5	42455.99613366
7844.0	42452.10093391
7844.5	42449.96204252
7845.0	42451.1335889
7845.5	42454.47986776
7846.0	42455.5192125
7846.5	42451.5807321
7847.0	42451.60036749
7847.5	42447.60344324
7848.0	42446.66388283
7848.5	42447.63084794
7849.0	42454.71944293
7849.5	42460.71952074
7850.0	42461.97693888
7850.5	42466.43915587
7851.0	42466.52621987
7851.5	42464.17217114
7852.0	42466.0557607
7852.5	42470.98356596
7853.0	42477.42950492
7853.5	42479.99751798
7854.0	42478.96645409
7854.5	42481.28639794
7855.0	42483.92064822
7855.5	42484.58691142
7856.0	42480.20212727
7856.5	42476.84798958
7857.0	42478.27853495
7857.5	42477.86976343
7858.0	42482.81662163
7858.5	42480.14038946
7859.0	42477.88979631
7859.5	42479.1303492
7860.0	42478.32873773
7860.5	42481.24181755
7861.0	42481.17063882
7861.5	42487.0831969
7862.0	42486.73766393
7862.5	42490.69036382
7863.0	42493.52584654
7863.5	42496.38508327
7864.0	42498.54290135
7864.5	42502.9550603
7865.0	42511.05844278
7865.5	42514.96057748
7866.0	42515.70423052
7866.5	42515.63145105
7867.0	42518.15853279
7867.5	42514.36094743
7868.0	42508.56438572
7868.5	42509.28046858
7869.0	42512.84453123
7869.5	42517.85594905
7870.0	42521.50296394
7870.5	42519.31575629
7871.0	42515.66900457
7871.5	42512.75495985
7872.0	42514.29412605
7872.5	42514.00862625
7873.0	42516.0041425
7873.5	42517.54860708
7874.0	42519.79617702
7874.5	42519.44122686
7875.0	42522.12724645
7875.5	42526.41835954
7876.0	42538.00087287
7876.5	42545.50075032
7877.0	42547.04546421
7877.5	42546.375871
7878.0	42547.07366412
7878.5	42547.36444497
7879.0	42550.07519248
7879.5	42550.29759645
7880.0	42555.53713795
7880.5	42558.33539717
7881.0	42563.87255878
7881.5	42565.8514949
7882.0	42573.33235304
7882.5	42574.12151769
7883.0	42577.99737515
7883.5	42579.83436815
7884.0	42579.08124114
7884.5	42581.61037927
7885.0	42583.23393054
7885.5	42587.71197801
7886.0	42586.2835938
7886.5	42585.18028184
7887.0	42582.75706173
7887.5	42580.87542023
7888.0	42579.65777368
7888.5	42580.52628764
7889.0	42579.62037668
7889.5	42575.85298545
7890.0	42579.16438995
7890.5	42580.47237759
7891.0	42576.86427032
7891.5	42580.43364896
7892.0	42577.7796392
7892.5	42579.16545848
7893.0	42579.38718315
7893.5	42579.89380604
7894.0	42581.41591513
7894.5	42586.61695576
7895.0	42588.4641346
7895.5	42592.48227587
7896.0	42596.35169605
7896.5	42600.55357071
7897.0	42602.90041655
7897.5	42603.42271113
7898.0	42604.22852233
7898.5	42604.42076886
7899.0	42610.952462
7899.5	42614.59128587
7900.0	42619.53763168
7900.5	42623.60528242
7901.0	42624.21441085
7901.5	42621.75976543
7902.0	42620.55071698
7902.5	42615.3004074
7903.0	42614.38174578
7903.5	42611.07431183
7904.0	42611.58335738
7904.5	42609.79745215
7905.0	42611.70714553
7905.5	42618.15574587
7906.0	42625.79842064
7906.5	42632.07278272
7907.0	42639.90146127
7907.5	42645.0032983
7908.0	42652.49858013
7908.5	42659.62023089
7909.0	42660.93134609
7909.5	42662.37930702
7910.0	42659.83629601
7910.5	42651.90391624
7911.0	42625.24040595
7911.5	42524.49887103
7912.0	42322.98247575
7912.5	42154.40210439
7913.0	42158.68208136
7913.5	42169.67740103
7914.0	41832.39459949
7914.5	41267.45931102
7915.0	41007.01242995
7915.5	41525.04384672
7916.0	41975.67162853
7916.5	41986.89139203
7917.0	41950.7282913
7917.5	42119.25997272
7918.0	42281.63462763
7918.5	42406.44451582
7919.0	42492.50288471
7919.5	42534.53587325
7920.0	42554.44468795
7920.5	42569.21900668
7921.0	42576.4700297
7921.5	42586.87009994
7922.0	42594.45246532
7922.5	42599.31327924
7923.0	42607.59093674
7923.5	42612.52998828
7924.0	42621.11819213
7924.5	42626.62253479
7925.0	42633.62436398
7925.5	42638.32467268
7926.0	42642.63126413
7926.5	42639.83729018
7927.0	42645.81509991
7927.5	42647.79547678
7928.0	42653.49493646
7928.5	42652.05643299
7929.0	42657.48013023
7929.5	42660.03056448
7930.0	42664.4251754
7930.5	42666.70302122
7931.0	42667.58278753
7931.5	42668.28665024
7932.0	42673.28244142
7932.5	42676.27969033
7933.0	42677.70766041
7933.5	42677.50845959
7934.0	42677.86460863
7934.5	42678.66090094
7935.0	42681.54184122
7935.5	42690.98184501
7936.0	42686.62426917
7936.5	42685.24965936
7937.0	42678.94823632
7937.5	42674.42289476
7938.0	42674.18866794
7938.5	42674.28705331
7939.0	42677.21927179
7939.5	42677.69481762
7940.0	42677.61239826
7940.5	42678.65425248
7941.0	42680.97583414
7941.5	42686.6779548
7942.0	42688.25959798
7942.5	42690.32606219
7943.0	42685.76544119
7943.5	42685.84226493
7944.0	42683.11362546
7944.5	42687.14811473
7945.0	42683.98258009
7945.5	42686.4529421
7946.0	42686.16712421
7946.5	42693.86763622
7947.0	42697.17334275
7947.5	42698.41840457
7948.0	42698.49763715
7948.5	42697.76888416
7949.0	42699.50545803
7949.5	42699.77624061
7950.0	42700.22977291
7950.5	42703.30573801
7951.0	42704.52914553
7951.5	42706.7882583
7952.0	42707.57557815
7952.5	42706.77877728
7953.0	42702.96219151
7953.5	42701.94826817
7954.0	42696.44302882
7954.5	42695.36808207
7955.0	42695.41470352
7955.5	42696.34131512
7956.0	42696.3599879
7956.5	42701.14623216
7957.0	42701.38288475
7957.5	42705.51170888
7958.0	42711.29117487
7958.5	42713.30978179
7959.0	42713.18031632
7959.5	42713.7169743
7960.0	42714.69384698
7960.5	42711.42932602
7961.0	42712.07338182
7961.5	42716.93436043
7962.0	42718.06077514
7962.5	42718.1064684
7963.0	42718.52857406
7963.5	42719.47914772
7964.0	42719.03243878
7964.5	42719.43187499
7965.0	42720.19197058
7965.5	42721.03347898
7966.0	42721.06992399
7966.5	42725.22444284
7967.0	42726.1403843
7967.5	42727.52133373
7968.0	42731.23053178
7968.5	42731.35048101
7969.0	42730.17537214
7969.5	42731.26625771
7970.0	42732.20965384
7970.5	42732.07827681
7971.0	42737.07212715
7971.5	42745.87602449
7972.0	42749.73804372
7972.5	42752.87938595
7973.0	42754.58476034
7973.5	42756.16320564
7974.0	42757.25262152
7974.5	42753.9901049
7975.0	42749.72730862
7975.5	42744.61218624
7976.0	42745.59176258
7976.5	42750.36445067
7977.0	42749.88950712
7977.5	42753.24030646
7978.0	42755.67358643
7978.5	42758.92220136
7979.0	42764.68368302
7979.5	42768.58947663
7980.0	42771.41340652
7980.5	42772.79074217
7981.0	42778.80354314
7981.5	42779.68111165
7982.0	42780.70653487
7982.5	42781.31810881
7983.0	42786.30332927
7983.5	42786.79946215
7984.0	42789.95621639
7984.5	42785.344327
7985.0	42783.31981998
7985.5	42780.46142046
7986.0	42777.8584974
7986.5	42773.95917544
7987.0	42773.34636754
7987.5	42774.64942598
7988.0	42773.6384007
7988.5	42776.62148888
7989.0	42777.20098619
7989.5	42779.5154297
7990.0	42779.57119246
7990.5	42782.0667063
7991.0	42782.47007811
7991.5	42787.44946198
7992.0	42789.26005682
7992.5	42791.83052835
7993.0	42785.93378376
7993.5	42791.24776954
7994.0	42790.36739901
7994.5	42789.27800751
7995.0	42791.97799293
7995.5	42789.73436326
7996.0	42795.86976018
7996.5	42798.89207536
7997.0	42803.27236539
7997.5	42810.06373921
7998.0	42813.72067235
7998.5	42814.78830042
7999.0	42812.2900718
7999.5	42813.08009955
8000.0	42816.83631699
8000.5	42820.93213123
8001.0	42823.14510718
8001.5	42829.93014397
8002.0	42830.84195525
8002.5	42827.05070804
8003.0	42822.6445403
8003.5	42815.00455344
8004.0	42811.07240475
8004.5	42811.37596823
8005.0	42811.41693086
8005.5	42818.44023419
8006.0	42820.38093476
8006.5	42825.50545162
8007.0	42826.86600196
8007.5	42827.01124545
8008.0	42828.80179423
8008.5	42825.98398597
8009.0	42826.63507042
8009.5	42828.00576842
8010.0	42830.51739305
8010.5	42829.98183571
8011.0	42833.64273562
8011.5	42836.31711019
8012.0	42836.57028346
8012.5	42836.42212056
8013.0	42834.47693617
8013.5	42839.03818674
8014.0	42843.03469685
8014.5	42845.54787976
8015.0	42845.46044715
8015.5	42843.95776992
8016.0	42843.29592936
8016.5	42840.47915776
8017.0	42841.92264436
8017.5	42838.87749906
8018.0	42837.10678367
8018.5	42835.96071394
8019.0	42834.28690724
8019.5	42833.22668843
8020.0	42832.61622005
8020.5	42834.40722308
8021.0	42838.42445389
8021.5	42842.366455
8022.0	42843.65582669
8022.5	42844.50112444
8023.0	42846.45500744
8023.5	42845.0166459
8024.0	42841.73933381
8024.5	42842.44219634
8025.0	42840.80035026
8025.5	42839.3378068
8026.0	42833.67148341
8026.5	42829.9529714
8027.0	42831.19220048
8027.5	42834.0310866
8028.0	42838.85441359
8028.5	42840.693898
8029.0	42843.80879927
8029.5	42847.67997159
8030.0	42851.10323703
8030.5	42855.71822363
8031.0	42852.25773582
8031.5	42852.14133403
8032.0	42850.3409946
8032.5	42852.66836055
8033.0	42846.2218228
8033.5	42843.35351736
8034.0	42842.6388476
8034.5	42844.1958153
8035.0	42839.47818246
8035.5	42842.2042534
8036.0	42841.00522148
8036.5	42840.19084039
8037.0	42842.0819805
8037.5	42846.54052435
8038.0	42848.3119041
8038.5	42854.42836837
8039.0	42856.3578973
8039.5	42860.86466811
8040.0	42864.2069397
8040.5	42863.14622842
8041.0	42863.64648379
8041.5	42867.129976
8042.0	42868.57715409
8042.5	42874.51002366
8043.0	42877.06991371
8043.5	42879.24590506
8044.0	42879.30425944
8044.5	42878.10200725
8045.0	42878.65731251
8045.5	42875.72647928
8046.0	42878.03253793
8046.5	42878.11140248
8047.0	42881.32947776
8047.5	42884.47800048
8048.0	42881.36189741
8048.5	42879.71196011
8049.0	42878.53922127
8049.5	42875.77395442
8050.0	42876.83618184
8050.5	42873.93075876
8051.0	42872.21837183
8051.5	42866.504831
8052.0	42863.70634675
8052.5	42862.02762237
8053.0	42860.9534357
8053.5	42860.54795351
8054.0	42859.95973962
8054.5	42861.2480018
8055.0	42859.34800515
8055.5	42863.26244456
8056.0	42867.31176406
8056.5	42874.70160842
8057.0	42874.43643985
8057.5	42874.64840343
8058.0	42876.18718204
8058.5	42878.72676587
8059.0	42882.72837147
8059.5	42888.36328029
8060.0	42893.82288364
8060.5	42898.68501017
8061.0	42901.85687784
8061.5	42902.21491758
8062.0	42906.17635728
8062.5	42908.47962826
8063.0	42908.72127004
8063.5	42906.58838381
8064.0	42901.78361092
8064.5	42903.29592092
8065.0	42900.22811491
8065.5	42903.12102838
8066.0	42901.80929808
8066.5	42902.44601144
8067.0	42901.14207326
8067.5	42904.33560709
8068.0	42911.99317321
8068.5	42914.49150095
8069.0	42920.3912903
8069.5	42919.7156037
8070.0	42914.12644491
8070.5	42908.59319924
8071.0	42909.69680917
8071.5	42907.39761428
8072.0	42908.77190716
8072.5	42907.73232946
8073.0	42905.47563697
8073.5	42905.53291442
8074.0	42905.05320193
8074.5	42901.06391726
8075.0	42907.54818564
8075.5	42912.59339656
8076.0	42916.54111874
8076.5	42916.82636965
8077.0	42917.72741255
8077.5	42916.53359424
8078.0	42919.72143842
8078.5	42918.83778209
8079.0	42914.59945439
8079.5	42916.95980223
8080.0	42915.48648078
8080.5	42915.83872615
8081.0	42918.55077039
8081.5	42920.1186727
8082.0	42921.74849494
8082.5	42924.69874249
8083.0	42924.29666727
8083.5	42922.57638121
8084.0	42924.46641066
8084.5	42925.85476528
8085.0	42926.66173319
8085.5	42923.53882553
8086.0	42922.87747031
8086.5	42918.1443927
8087.0	42923.92093297
8087.5	42924.05706279
8088.0	42930.53454652
8088.5	42932.64463421
8089.0	42935.38258212
8089.5	42934.13636776
8090.0	42932.63273342
8090.5	42934.02571218
8091.0	42933.79699325
8091.5	42933.27763827
8092.0	42930.18132979
8092.5	42930.22356826
8093.0	42929.59269677
8093.5	42930.14270777
8094.0	42928.46358795
8094.5	42927.95421008
8095.0	42932.06207827
8095.5	42934.93042737
8096.0	42938.65545192
8096.5	42939.19090821
8097.0	42938.7264911
8097.5	42936.26114844
8098.0	42936.83975583
8098.5	42938.76018321
8099.0	42938.9914731
8099.5	42943.97570659
8100.0	42944.45342257
8100.5	42947.27898281
8101.0	42949.67073092
8101.5	42947.326949
8102.0	42946.56499832
8102.5	42943.9478282
8103.0	42940.30694149
8103.5	42936.19042848
8104.0	42932.16164107
8104.5	42934.32241018
8105.0	42936.43499914
8105.5	42939.02403201
8106.0	42939.31996785
8106.5	42938.61013998
8107.0	42940.35512925
8107.5	42945.0025473
8108.0	42947.71995307
8108.5	42944.88977651
8109.0	42941.80374427
8109.5	42939.10482632
8110.0	42931.76350804
8110.5	42930.84030788
8111.0	42935.76466231
8111.5	42936.0005127
8112.0	42941.50466578
8112.5	42945.12988481
8113.0	42947.58968205
8113.5	42948.07436271
8114.0	42948.99086649
8114.5	42948.35630599
8115.0	42948.06906597
8115.5	42946.55803524
8116.0	42950.03230374
8116.5	42949.98825461
8117.0	42949.35781495
8117.5	42948.99165588
8118.0	42952.96464095
8118.5	42952.37259029
8119.0	42954.76115272
8119.5	42953.35693971
8120.0	42952.60077241
8120.5	42950.66826417
8121.0	42952.78642079
8121.5	42950.16108108
8122.0	42948.66911541
8122.5	42954.45002667
8123.0	42956.78862395
8123.5	42958.11997333
8124.0	42957.5499497
8124.5	42956.91955128
8125.0	42959.79658211
8125.5	42957.12831457
8126.0	42955.3565621
8126.5	42956.67187009
8127.0	42958.80762799
8127.5	42959.23322551
8128.0	42956.77381464
8128.5	42957.39312838
8129.0	42955.94605302
8129.5	42959.41770805
8130.0	42961.16874896
8130.5	42962.78528761
8131.0	42959.21860732
8131.5	42955.50767262
8132.0	42954.11882902
8132.5	42951.25090798
8133.0	42950.40321005
8133.5	42944.83690886
8134.0	42943.41276389
8134.5	42941.51505718
8135.0	42944.88269504
8135.5	42945.73731944
8136.0	42950.32030266
8136.5	42952.61747626
8137.0	42951.25622647
8137.5	42953.62769013
8138.0	42953.50904283
8138.5	42951.18153403
8139.0	42953.45793287
8139.5	42953.37723243
8140.0	42950.96061563
8140.5	42949.61668469
8141.0	42946.16133033
8141.5	42946.84254662
8142.0	42946.88759649
8142.5	42943.38166149
8143.0	42944.12168855
8143.5	42943.16427069
8144.0	42940.66233724
8144.5	42942.14770993
8145.0	42940.65029784
8145.5	42941.72215943
8146.0	42939.8377483
8146.5	42941.5407356
8147.0	42942.07080378
8147.5	42943.92980767
8148.0	42943.21536191
8148.5	42943.21408906
8149.0	42939.93600423
8149.5	42942.88541031
8150.0	42944.64506468
8150.5	42945.29067306
8151.0	42949.83316107
8151.5	42950.18200567
8152.0	42951.56669494
8152.5	42951.85531362
8153.0	42951.51316252
8153.5	42956.3047815
8154.0	42955.79449809
8154.5	42956.4522491
8155.0	42954.58653654
8155.5	42957.4802939
8156.0	42956.34233423
8156.5	42956.33674287
8157.0	42959.38575187
8157.5	42957.63903858
8158.0	42954.69762617
8158.5	42951.90156653
8159.0	42951.24466994
8159.5	42945.42505685
8160.0	42945.63663329
8160.5	42943.5661334
8161.0	42944.80942806
8161.5	42947.78566449
8162.0	42949.07669791
8162.5	42948.03293964
8163.0	42946.5519983
8163.5	42943.75009452
8164.0	42948.34342737
8164.5	42953.64975774
8165.0	42954.13949937
8165.5	42959.30630826
8166.0	42955.87449487
8166.5	42954.46022792
8167.0	42951.48426322
8167.5	42954.76490877
8168.0	42954.55504137
8168.5	42961.00333012
8169.0	42963.72060052
8169.5	42968.17641201
8170.0	42972.03423413
8170.5	42973.56154582
8171.0	42972.99168781
8171.5	42975.06034411
8172.0	42975.12382558
8172.5	42972.47368889
8173.0	42970.65921166
8173.5	42968.08606969
8174.0	42962.41924769
8174.5	42960.48200485
8175.0	42963.32762651
8175.5	42962.74871615
8176.0	42960.7532482
8176.5	42962.70072421
8177.0	42962.72511901
8177.5	42966.70848911
8178.0	42968.60486428
8178.5	42971.54656874
8179.0	42972.26713797
8179.5	42976.39658289
8180.0	42977.73014283
8180.5	42981.31513275
8181.0	42983.02719782
8181.5	42982.9860503
8182.0	42987.55580336
8182.5	42986.59932091
8183.0	42986.82165994
8183.5	42988.23468134
8184.0	42988.37202529
8184.5	42985.77313639
8185.0	42982.14827103
8185.5	42976.01870912
8186.0	42975.49584472
8186.5	42975.00429108
8187.0	42974.57001948
8187.5	42968.44443867
8188.0	42963.75038765
8188.5	42952.60794913
8189.0	42950.32918982
8189.5	42945.68972113
8190.0	42943.32504529
8190.5	42942.89210883
8191.0	42949.37832858
8191.5	42951.61309615
8192.0	42958.80306739
8192.5	42956.55939071
8193.0	42960.09625169
8193.5	42961.15695557
8194.0	42962.29659727
8194.5	42958.86807922
8195.0	42964.14408861
8195.5	42963.07234301
8196.0	42960.63746938
8196.5	42958.15949063
8197.0	42956.91006027
8197.5	42955.87966428
8198.0	42955.02766747
8198.5	42955.42898107
8199.0	42958.10426373
8199.5	42960.95779812
8200.0	42966.53890408
8200.5	42965.45810821
8201.0	42965.34676922
8201.5	42964.09043202
8202.0	42963.37724347
8202.5	42963.43702833
8203.0	42962.23787176
8203.5	42963.81711207
8204.0	42963.08410712
8204.5	42962.55258533
8205.0	42965.38313786
8205.5	42967.24155101
8206.0	42970.91162669
8206.5	42972.04425668
8207.0	42973.75495558
8207.5	42971.91919179
8208.0	42975.12098735
8208.5	42980.47679095
8209.0	42981.17071546
8209.5	42978.60057152
8210.0	42981.00770107
8210.5	42979.12757731
8211.0	42977.77820954
8211.5	42974.7015466
8212.0	42971.62401338
8212.5	42969.56679731
8213.0	42966.52670294
8213.5	42961.10124782
8214.0	42960.07983263
8214.5	42959.87134802
8215.0	42958.43977371
8215.5	42959.50604917
8216.0	42959.96251554
8216.5	42959.5015639
8217.0	42962.14757325
8217.5	42963.42871477
8218.0	42962.69484156
8218.5	42964.87099257
8219.0	42970.79192377
8219.5	42969.80312907
8220.0	42970.19863803
8220.5	42973.12508068
8221.0	42975.28403581
8221.5	42977.63989855
8222.0	42977.86493688
8222.5	42979.06087861
8223.0	42980.84789053
8223.5	42981.03492777
8224.0	42980.50853823
8224.5	42981.22417888
8225.0	42978.65202208
8225.5	42974.58249596
8226.0	42971.34738661
8226.5	42971.58650467
8227.0	42970.39259386
8227.5	42973.30510024
8228.0	42976.8164225
8228.5	42977.56685073
8229.0	42977.97603889
8229.5	42973.75360712
8230.0	42973.26956143
8230.5	42974.96503923
8231.0	42975.50302644
8231.5	42977.5434625
8232.0	42978.38125704
8232.5	42977.36132949
8233.0	42978.42747074
8233.5	42981.55485389
8234.0	42977.32474897
8234.5	42978.6760742
8235.0	42976.31953416
8235.5	42971.54876258
8236.0	42970.77994187
8236.5	42965.93933687
8237.0	42964.11469971
8237.5	42963.57015355
8238.0	42965.76905331
8238.5	42964.63991867
8239.0	42968.9575576
8239.5	42969.80038451
8240.0	42967.29040253
8240.5	42963.72616182
8241.0	42961.6565281
8241.5	42955.64747392
8242.0	42952.73212839
8242.5	42951.05283648
8243.0	42949.06440951
8243.5	42950.86298951
8244.0	42949.95623638
8244.5	42948.93677848
8245.0	42952.24549224
8245.5	42952.83826783
8246.0	42955.97018441
8246.5	42958.00082955
8247.0	42960.88197201
8247.5	42959.05987088
8248.0	42959.11059407
8248.5	42956.47400924
8249.0	42957.82850946
8249.5	42954.53743067
8250.0	42956.34551432
