6950.0	15528.70697718
6950.5	15531.94328748
6951.0	15535.14986886
6951.5	15537.2543072
6952.0	15539.87229564
6952.5	15543.67612821
6953.0	15547.52663327
6953.5	15550.76337343
6954.0	15553.95556285
6954.5	15557.37506261
6955.0	15560.20463854
6955.5	15562.2033361
6956.0	15564.86837659
6956.5	15566.71688343
6957.0	15568.17608801
6957.5	15568.9809922
6958.0	15569.06687594
6958.5	15570.0395879
6959.0	15572.02115022
6959.5	15575.54052887
6960.0	15579.48987072
6960.5	15583.96556101
6961.0	15588.56481964
6961.5	15591.81684236
6962.0	15594.4847822
6962.5	15596.21617678
6963.0	15597.50817405
6963.5	15597.85486663
6964.0	15597.61519053
6964.5	15597.90680991
6965.0	15598.55820659
6965.5	15600.1070911
6966.0	15602.7702145
6966.5	15606.68665128
6967.0	15610.91426385
6967.5	15615.2381263
6968.0	15619.54375923
6968.5	15623.83082079
6969.0	15627.64283664
6969.5	15631.26579525
6970.0	15634.75755045
6970.5	15636.72700245
6971.0	15638.59803478
6971.5	15638.97118116
6972.0	15639.92655935
6972.5	15640.63581393
6973.0	15642.32801599
6973.5	15644.50344527
6974.0	15647.18363372
6974.5	15649.4832111
6975.0	15651.83293681
6975.5	15655.36857857
6976.0	15657.82720934
6976.5	15660.79749747
6977.0	15664.31063967
6977.5	15667.80601956
6978.0	15671.04803643
6978.5	15673.58437975
6979.0	15675.68177238
6979.5	15676.84374963
6980.0	15677.88263993
6980.5	15678.87079707
6981.0	15679.7331646
6981.5	15680.99118586
6982.0	15683.09670546
6982.5	15685.36120966
6983.0	15687.67146418
6983.5	15689.0946384
6984.0	15691.34573061
6984.5	15692.41838999
6985.0	15693.44116442
6985.5	15694.98226741
6986.0	15696.7219983
6986.5	15698.99817529
6987.0	15700.86559759
6987.5	15702.37639002
6988.0	15703.8847568
6988.5	15705.57793632
6989.0	15707.74711395
6989.5	15710.92372769
6990.0	15714.90188281
6990.5	15719.44047939
6991.0	15723.93014757
6991.5	15727.14158376
6992.0	15729.98342932
6992.5	15732.58308327
6993.0	15734.9179117
6993.5	15737.24315165
6994.0	15739.00750937
6994.5	15739.8002442
6995.0	15741.08581794
6995.5	15743.33411144
6996.0	15746.26569509
6996.5	15748.98422742
6997.0	15751.37381962
6997.5	15753.48480145
6998.0	15756.04885625
6998.5	15758.6927308
6999.0	15761.50939337
6999.5	15763.53328642
7000.0	15765.49501595
7000.5	15766.62565441
7001.0	15767.85217002
7001.5	15769.61292485
7002.0	15771.8791844
7002.5	15775.82014677
7003.0	15779.02879791
7003.5	15781.24629004
7004.0	15782.8329764
7004.5	15786.01327373
7005.0	15788.83564415
7005.5	15792.23920355
7006.0	15794.72972534
7006.5	15796.65724472
7007.0	15799.24391528
7007.5	15803.11851812
7008.0	15807.8830839
7008.5	15812.14117032
7009.0	15815.98654467
7009.5	15818.95759501
7010.0	15821.17591401
7010.5	15823.47283044
7011.0	15825.03420057
7011.5	15827.04121942
7012.0	15828.50908877
7012.5	15830.08300486
7013.0	15831.22250475
7013.5	15833.10875663
7014.0	15835.28256078
7014.5	15836.99142041
7015.0	15838.0580432
7015.5	15840.07490225
7016.0	15843.00538507
7016.5	15845.15757028
7017.0	15847.46498662
7017.5	15850.28626293
7018.0	15854.45873456
7018.5	15858.69616812
7019.0	15861.19773291
7019.5	15862.80240028
7020.0	15863.87298986
7020.5	15865.28345405
7021.0	15866.80442346
7021.5	15868.23364428
7022.0	15869.95773787
7022.5	15871.39966894
7023.0	15874.24263879
7023.5	15877.8655279
7024.0	15881.45129326
7024.5	15884.14732055
7025.0	15887.02778675
7025.5	15890.1772118
7026.0	15893.45519773
7026.5	15896.21494535
7027.0	15898.44561853
7027.5	15900.57140057
7028.0	15902.98011791
7028.5	15905.29912056
7029.0	15908.84324942
7029.5	15913.21171978
7030.0	15916.34500318
7030.5	15918.23985573
7031.0	15920.59740543
7031.5	15921.9997927
7032.0	15923.21682355
7032.5	15924.72306422
7033.0	15927.916504
7033.5	15931.51756769
7034.0	15934.20981499
7034.5	15935.83948461
7035.0	15937.42157388
7035.5	15940.02058751
7036.0	15942.66697382
7036.5	15945.744212
7037.0	15949.1238305
7037.5	15952.47272095
7038.0	15955.14539375
7038.5	15957.06472286
7039.0	15958.05175763
7039.5	15959.25176659
7040.0	15960.38650384
7040.5	15961.10014309
7041.0	15962.66726339
7041.5	15965.07750456
7042.0	15968.11956077
7042.5	15969.79889712
7043.0	15971.8532381
7043.5	15974.53390482
7044.0	15978.65136276
7044.5	15981.42875288
7045.0	15984.75219174
7045.5	15988.13099334
7046.0	15991.27068825
7046.5	15993.54793316
7047.0	15995.08338912
7047.5	15996.34667721
7048.0	15997.97785552
7048.5	15998.86688489
7049.0	16001.13713635
7049.5	16002.56618953
7050.0	16003.63044785
7050.5	16004.80987679
7051.0	16006.52966432
7051.5	16007.81357478
7052.0	16009.53979499
7052.5	16011.41846986
7053.0	16014.42259527
7053.5	16016.50796642
7054.0	16018.3390986
7054.5	16019.80207859
7055.0	16021.59990065
7055.5	16024.53300032
7056.0	16027.2835524
7056.5	16030.60513149
7057.0	16034.52733223
7057.5	16037.27283398
7058.0	16040.51878121
7058.5	16043.59682231
7059.0	16047.23522375
7059.5	16051.69342786
7060.0	16056.12795808
7060.5	16060.24885094
7061.0	16063.57059564
7061.5	16066.81423541
7062.0	16070.2861744
7062.5	16073.02816455
7063.0	16074.72205842
7063.5	16076.27112383
7064.0	16078.74109803
7064.5	16082.1940889
7065.0	16084.41546115
7065.5	16086.46475813
7066.0	16087.41959356
7066.5	16087.7595772
7067.0	16087.7879408
7067.5	16088.92098243
7068.0	16089.65587227
7068.5	16091.07161751
7069.0	16094.09532625
7069.5	16096.5157395
7070.0	16101.12170993
7070.5	16105.53991552
7071.0	16108.38993889
7071.5	16110.55975728
7072.0	16111.56837965
7072.5	16112.3107844
7073.0	16112.82828172
7073.5	16113.77273807
7074.0	16115.59398653
7074.5	16118.8114872
7075.0	16121.96012998
7075.5	16125.24899061
7076.0	16128.86071179
7076.5	16132.51989555
7077.0	16135.96582529
7077.5	16139.19177842
7078.0	16141.39769587
7078.5	16142.38343011
7079.0	16142.43437921
7079.5	16143.34617118
7080.0	16144.25591506
7080.5	16146.08211709
7081.0	16148.27152889
7081.5	16150.48475251
7082.0	16152.85672675
7082.5	16155.44536814
7083.0	16157.22184191
7083.5	16158.38380271
7084.0	16159.54984793
7084.5	16161.02649936
7085.0	16163.01290412
7085.5	16165.21228237
7086.0	16167.7906669
7086.5	16171.13694897
7087.0	16174.00854113
7087.5	16176.31282126
7088.0	16178.99786837
7088.5	16181.34375941
7089.0	16183.46620333
7089.5	16185.24261328
7090.0	16186.61722561
7090.5	16187.71604259
7091.0	16189.24435729
7091.5	16190.87900773
7092.0	16192.52172284
7092.5	16194.8645293
7093.0	16197.91284361
7093.5	16201.24241667
7094.0	16203.98951477
7094.5	16206.88476986
7095.0	16209.62778669
7095.5	16213.12741895
7096.0	16215.53838099
7096.5	16217.02889154
7097.0	16217.64696266
7097.5	16217.60471905
7098.0	16217.43818692
7098.5	16216.99622555
7099.0	16217.59296794
7099.5	16220.11208617
7100.0	16223.72936754
7100.5	16227.21809097
7101.0	16230.48057343
7101.5	16234.46082155
7102.0	16238.33629249
7102.5	16242.21543866
7103.0	16245.13762612
7103.5	16246.90767989
7104.0	16247.81238349
7104.5	16249.13713635
7105.0	16250.13510056
7105.5	16251.74033129
7106.0	16253.24105543
7106.5	16255.80911509
7107.0	16258.9966247
7107.5	16261.55664164
7108.0	16261.97831265
7108.5	16261.11204646
7109.0	16259.0587789
7109.5	16255.8515768
7110.0	16252.62139028
7110.5	16250.44202896
7111.0	16248.99385516
7111.5	16249.43221749
7112.0	16251.20190983
7112.5	16253.89957334
7113.0	16257.11499796
7113.5	16259.484649
7114.0	16260.51643143
7114.5	16260.92349037
7115.0	16260.95049667
7115.5	16261.06224386
7116.0	16262.1771571
7116.5	16263.81419847
7117.0	16264.99127392
7117.5	16266.28270452
7118.0	16266.53061315
7118.5	16266.33425296
7119.0	16266.4496999
7119.5	16267.11680576
7120.0	16267.90651541
7120.5	16269.17029748
7121.0	16269.28208399
7121.5	16269.0259524
7122.0	16268.64004178
7122.5	16268.62547761
7123.0	16268.84565068
7123.5	16268.77365239
7124.0	16267.59986905
7124.5	16266.35643313
7125.0	16264.22504886
7125.5	16262.76313448
7126.0	16261.87979284
7126.5	16261.36733599
7127.0	16260.24504963
7127.5	16258.76260823
7128.0	16255.13067238
7128.5	16250.801335
7129.0	16248.03031153
7129.5	16246.95271072
7130.0	16246.89761162
7130.5	16249.67428274
7131.0	16253.07409995
7131.5	16256.74386607
7132.0	16260.81618666
7132.5	16264.04571657
7133.0	16267.35678753
7133.5	16269.46876854
7134.0	16261.29209665
7134.5	16218.99898281
7135.0	16129.24850749
7135.5	16078.83918738
7136.0	16110.58965741
7136.5	16173.99733711
7137.0	16227.2092757
7137.5	16257.55005232
7138.0	16270.34018757
7138.5	16274.29165899
7139.0	16261.47700589
7139.5	16209.68009307
7140.0	16130.22362809
7140.5	16104.63112619
7141.0	16147.63055018
7141.5	16206.8445045
7142.0	16255.07318712
7142.5	16285.096448
7143.0	16296.02483804
7143.5	16302.69538344
7144.0	16308.72565776
7144.5	16314.68313141
7145.0	16319.98925759
7145.5	16324.63177894
7146.0	16329.14350034
7146.5	16331.83843301
7147.0	16334.92112899
7147.5	16337.84749227
7148.0	16340.07717527
7148.5	16342.07933529
7149.0	16343.87644269
7149.5	16346.867283
7150.0	16350.89824607
7150.5	16354.68697961
7151.0	16359.10762033
7151.5	16361.99176136
7152.0	16364.75772786
7152.5	16367.47392212
7153.0	16370.61881316
7153.5	16373.89403762
7154.0	16377.03631292
7154.5	16379.51044182
7155.0	16382.09515454
7155.5	16385.06911189
7156.0	16387.49227716
7156.5	16389.20012603
7157.0	16390.21632816
7157.5	16391.74761216
7158.0	16392.82868733
7158.5	16393.13955135
7159.0	16394.60439314
7159.5	16395.53955655
7160.0	16397.03186143
7160.5	16398.20168444
7161.0	16400.24341668
7161.5	16402.24779498
7162.0	16404.51171982
7162.5	16406.86304473
7163.0	16409.24609689
7163.5	16410.77157935
7164.0	16412.58945555
7164.5	16415.24185856
7165.0	16417.7575793
7165.5	16421.05945133
7166.0	16423.02569252
7166.5	16424.36714727
7167.0	16425.01327922
7167.5	16426.78311465
7168.0	16428.7530019
7168.5	16431.33135066
7169.0	16433.49332374
7169.5	16435.44531342
7170.0	16436.98253446
7170.5	16438.45191774
7171.0	16440.32400819
7171.5	16441.78420874
7172.0	16443.40441456
7172.5	16444.52413712
7173.0	16445.87817873
7173.5	16446.62042538
7174.0	16447.29260831
7174.5	16448.20311813
7175.0	16449.7336362
7175.5	16450.94934595
7176.0	16451.93327837
7176.5	16454.11562119
7177.0	16457.20747286
7177.5	16460.86154372
7178.0	16464.94406509
7178.5	16468.65649306
7179.0	16471.85742281
7179.5	16474.44732948
7180.0	16476.64594595
7180.5	16479.82989982
7181.0	16483.18443807
7181.5	16486.81370624
7182.0	16489.93750257
7182.5	16492.19156732
7183.0	16494.44822224
7183.5	16496.66438984
7184.0	16499.03658954
7184.5	16501.59210476
7185.0	16503.79257087
7185.5	16505.79058353
7186.0	16507.87196743
7186.5	16510.16191286
7187.0	16512.67477878
7187.5	16515.33403019
7188.0	16518.09366811
7188.5	16520.65432091
7189.0	16523.41535581
7189.5	16524.96112364
7190.0	16526.67699524
7190.5	16528.58953089
7191.0	16531.03401468
7191.5	16533.48826185
7192.0	16535.79239742
7192.5	16538.24160993
7193.0	16540.25982909
7193.5	16541.15260542
7194.0	16542.40234783
7194.5	16543.36301028
7195.0	16544.02131334
7195.5	16544.72758468
7196.0	16545.42241698
7196.5	16546.10327287
7197.0	16547.56924457
7197.5	16549.54582652
7198.0	16552.26550913
7198.5	16555.65822775
7199.0	16559.25318019
7199.5	16562.75162833
7200.0	16566.10873893
7200.5	16568.29633704
7201.0	16570.42222131
7201.5	16573.5607494
7202.0	16575.91524122
7202.5	16578.24373834
7203.0	16580.88492866
7203.5	16583.89354349
7204.0	16585.97685721
7204.5	16587.46160039
7205.0	16588.2922111
7205.5	16590.28300579
7206.0	16593.59502534
7206.5	16597.12972516
7207.0	16600.06126152
7207.5	16601.45456607
7208.0	16603.07628918
7208.5	16604.65580173
7209.0	16606.46468333
7209.5	16608.48612888
7210.0	16610.31451168
7210.5	16612.69111687
7211.0	16615.50527195
7211.5	16618.08184994
7212.0	16619.67027963
7212.5	16621.46747245
7213.0	16623.18608538
7213.5	16625.2872846
7214.0	16627.83432361
7214.5	16630.35604523
7215.0	16632.99298093
7215.5	16636.06892932
7216.0	16638.73210841
7216.5	16641.62556642
7217.0	16643.39038696
7217.5	16645.20175209
7218.0	16645.95682755
7218.5	16648.25163883
7219.0	16651.84362056
7219.5	16655.2088568
7220.0	16658.49405582
7220.5	16661.45586182
7221.0	16663.56004346
7221.5	16665.85794042
7222.0	16668.28987679
7222.5	16670.15145168
7223.0	16672.42998227
7223.5	16674.99511572
7224.0	16679.11240294
7224.5	16682.7297693
7225.0	16685.36650098
7225.5	16687.07234171
7226.0	16688.13862448
7226.5	16688.83408995
7227.0	16689.62815777
7227.5	16691.19646842
7228.0	16693.41393576
7228.5	16694.46053974
7229.0	16695.1765556
7229.5	16696.96284689
7230.0	16699.81144346
7230.5	16702.63176033
7231.0	16704.43389466
7231.5	16706.29489829
7232.0	16707.46279087
7232.5	16708.48143057
7233.0	16709.12134265
7233.5	16709.22202056
7234.0	16709.40147546
7234.5	16710.6138675
7235.0	16712.91885953
7235.5	16715.35887511
7236.0	16717.87185228
7236.5	16719.80546732
7237.0	16722.03369669
7237.5	16724.27375214
7238.0	16726.32814821
7238.5	16728.30538478
7239.0	16729.82049696
7239.5	16731.66425782
7240.0	16733.84159473
7240.5	16736.04760804
7241.0	16738.27348647
7241.5	16740.46713273
7242.0	16742.56921069
7242.5	16743.74238942
7243.0	16744.81093261
7243.5	16745.28511681
7244.0	16746.49796602
7244.5	16748.57010857
7245.0	16750.84018967
7245.5	16753.1275354
7246.0	16755.60244085
7246.5	16758.40358538
7247.0	16761.35825176
7247.5	16764.89529191
7248.0	16768.19949418
7248.5	16771.21379625
7249.0	16772.72365191
7249.5	16773.62211035
7250.0	16774.60319176
7250.5	16775.94424231
7251.0	16777.15152448
7251.5	16778.90715736
7252.0	16780.65690005
7252.5	16783.91285921
7253.0	16787.05226908
7253.5	16790.4401383
7254.0	16793.80827735
7254.5	16797.39960652
7255.0	16801.2861859
7255.5	16805.24430767
7256.0	16808.58706914
7256.5	16810.80673113
7257.0	16811.59797592
7257.5	16811.954244
7258.0	16812.54112215
7258.5	16813.67741915
7259.0	16816.07513671
7259.5	16819.17003493
7260.0	16821.77959034
7260.5	16823.47879615
7261.0	16824.63995699
7261.5	16826.83001694
7262.0	16830.06879086
7262.5	16833.83275935
7263.0	16837.27799441
7263.5	16839.14168327
7264.0	16840.34646661
7264.5	16841.27981975
7265.0	16841.30250168
7265.5	16841.77608377
7266.0	16842.49013719
7266.5	16844.28640095
7267.0	16846.5405807
7267.5	16848.51644367
7268.0	16850.42896192
7268.5	16852.20058336
7269.0	16854.10577318
7269.5	16855.46793853
7270.0	16858.19290992
7270.5	16861.01365807
7271.0	16864.11686732
7271.5	16866.12929292
7272.0	16867.05486335
7272.5	16867.72022063
7273.0	16869.34471472
7273.5	16870.74139742
7274.0	16871.97336438
7274.5	16872.36489146
7275.0	16873.06054156
7275.5	16873.75014309
7276.0	16875.57246408
7276.5	16878.50845998
7277.0	16881.66294386
7277.5	16885.67118029
7278.0	16889.6679549
7278.5	16892.44038169
7279.0	16894.05718643
7279.5	16895.11146971
7280.0	16895.97169479
7280.5	16896.59254133
7281.0	16897.29729664
7281.5	16898.64500124
7282.0	16901.01916566
7282.5	16903.12858846
7283.0	16905.75519758
7283.5	16909.27255924
7284.0	16913.21668413
7284.5	16916.48196666
7285.0	16918.86484467
7285.5	16921.23666032
7286.0	16923.19928279
7286.5	16924.79686034
7287.0	16926.07877314
7287.5	16927.42678475
7288.0	16929.00837404
7288.5	16931.12462424
7289.0	16932.49884836
7289.5	16934.4470427
7290.0	16937.15921352
7290.5	16940.20343242
7291.0	16943.57188509
7291.5	16945.41176939
7292.0	16946.51224246
7292.5	16946.92694999
7293.0	16948.64824081
7293.5	16951.40915932
7294.0	16954.20347615
7294.5	16955.90148164
7295.0	16956.9060653
7295.5	16957.17250913
7296.0	16957.58186973
7296.5	16958.26239624
7297.0	16960.3821834
7297.5	16962.81863453
7298.0	16966.34067316
7298.5	16969.50790962
7299.0	16973.33188242
7299.5	16976.61112609
7300.0	16979.07827464
7300.5	16981.8956526
7301.0	16985.05592317
7301.5	16987.32589551
7302.0	16990.38575402
7302.5	16993.52852536
7303.0	16997.21362963
7303.5	17000.47107451
7304.0	17003.48604105
7304.5	17005.81603303
7305.0	17007.01405739
7305.5	17008.43410973
7306.0	17010.4185601
7306.5	17011.38484305
7307.0	17012.63722007
7307.5	17013.83632799
7308.0	17014.63210361
7308.5	17015.49469519
7309.0	17017.20539686
7309.5	17019.060446
7310.0	17020.68239735
7310.5	17021.5424224
7311.0	17022.02061293
7311.5	17023.66858271
7312.0	17025.37664645
7312.5	17027.81022912
7313.0	17031.14706923
7313.5	17034.28275459
7314.0	17038.28161712
7314.5	17041.98646437
7315.0	17045.77937255
7315.5	17048.79134746
7316.0	17050.83467291
7316.5	17051.27260359
7317.0	17051.17985775
7317.5	17051.54351541
7318.0	17052.30620862
7318.5	17053.06792694
7319.0	17055.47177792
7319.5	17058.16796845
7320.0	17061.15173237
7320.5	17063.8282767
7321.0	17066.20658932
7321.5	17068.34886297
7322.0	17070.40270518
7322.5	17072.15797774
7323.0	17075.10888728
7323.5	17077.92496034
7324.0	17080.64791459
7324.5	17083.03551761
7325.0	17084.27242771
7325.5	17085.08022437
7326.0	17086.25036698
7326.5	17088.79852313
7327.0	17091.75315386
7327.5	17095.07251278
7328.0	17097.32305286
7328.5	17098.51395576
7329.0	17099.76334431
7329.5	17101.13189603
7330.0	17104.07713212
7330.5	17106.89766667
7331.0	17109.37337796
7331.5	17111.52083022
7332.0	17112.84497287
7332.5	17113.63728847
7333.0	17113.3952718
7333.5	17113.27866067
7334.0	17113.64673186
7334.5	17113.94192999
7335.0	17115.62483732
7335.5	17117.17100118
7336.0	17118.39077698
7336.5	17120.53713683
7337.0	17123.13886743
7337.5	17125.63830483
7338.0	17128.75578014
7338.5	17131.65465914
7339.0	17134.79881001
7339.5	17138.25777975
7340.0	17141.15770946
7340.5	17143.39286275
7341.0	17145.58856941
7341.5	17147.62292822
7342.0	17149.93523795
7342.5	17152.40577804
7343.0	17155.9943514
7343.5	17159.57658784
7344.0	17162.80705026
7344.5	17165.0362041
7345.0	17166.77031553
7345.5	17168.38448496
7346.0	17169.27263732
7346.5	17170.97376164
7347.0	17173.1574823
7347.5	17175.08881981
7348.0	17177.29267398
7348.5	17179.18821611
7349.0	17180.04296436
7349.5	17181.23959781
7350.0	17183.13892101
7350.5	17184.63590426
7351.0	17187.04781278
7351.5	17188.54875211
7352.0	17189.92716133
7352.5	17191.98487757
7353.0	17193.87173254
7353.5	17196.41838554
7354.0	17199.85328535
7354.5	17203.70941049
7355.0	17206.50686185
7355.5	17208.91722374
7356.0	17210.8817266
7356.5	17212.67032065
7357.0	17214.38215401
7357.5	17216.8048436
7358.0	17219.25622289
7358.5	17222.1664968
7359.0	17224.1185485
7359.5	17226.2123467
7360.0	17228.56137318
7360.5	17230.9898672
7361.0	17232.64339787
7361.5	17234.26112062
7362.0	17234.56368067
7362.5	17234.63356967
7363.0	17235.07320925
7363.5	17235.9224474
7364.0	17236.44321844
7364.5	17237.73262693
7365.0	17240.07242825
7365.5	17243.69132463
7366.0	17246.97383673
7366.5	17248.59624246
7367.0	17250.38401869
7367.5	17252.13925518
7368.0	17253.09948537
7368.5	17255.39459862
7369.0	17256.94630083
7369.5	17258.71611055
7370.0	17261.70014558
7370.5	17264.8531507
7371.0	17267.48403068
7371.5	17270.69876432
7372.0	17273.65819097
7372.5	17276.27081367
7373.0	17278.77809872
7373.5	17280.90812546
7374.0	17283.12515501
7374.5	17285.07941851
7375.0	17287.77037498
7375.5	17289.95720721
7376.0	17292.05080604
7376.5	17293.41363852
7377.0	17294.99129999
7377.5	17296.55309111
7378.0	17298.72158603
7378.5	17300.70063068
7379.0	17302.22037953
7379.5	17303.50501042
7380.0	17304.76709347
7380.5	17306.84660737
7381.0	17308.58974058
7381.5	17310.88005731
7382.0	17312.50013673
7382.5	17313.55275453
7383.0	17314.96041854
7383.5	17316.53218834
7384.0	17318.20729254
7384.5	17319.09994669
7385.0	17320.33412742
7385.5	17322.10009208
7386.0	17324.58677121
7386.5	17327.83333476
7387.0	17330.83963316
7387.5	17333.89985996
7388.0	17336.09378017
7388.5	17338.71049604
7389.0	17340.60864703
7389.5	17342.45634178
7390.0	17344.61581416
7390.5	17347.94575333
7391.0	17350.70089778
7391.5	17353.04196035
7392.0	17354.35490303
7392.5	17355.04130105
7393.0	17356.27392763
7393.5	17358.19194239
7394.0	17360.21344385
7394.5	17362.32310692
7395.0	17364.43474651
7395.5	17365.97201155
7396.0	17368.77031722
7396.5	17371.07959824
7397.0	17373.44413838
7397.5	17375.41505599
7398.0	17376.53860057
7398.5	17377.18982166
7399.0	17378.47280204
7399.5	17380.80421903
7400.0	17384.10488877
7400.5	17387.4910429
7401.0	17390.34940289
7401.5	17392.57760925
7402.0	17394.59012168
7402.5	17395.87916856
7403.0	17397.75108012
7403.5	17399.3517211
7404.0	17401.13732153
7404.5	17403.43984385
7405.0	17405.7178644
7405.5	17407.44682694
7406.0	17407.77889609
7406.5	17407.20707524
7407.0	17406.32018125
7407.5	17405.88800272
7408.0	17406.13620047
7408.5	17406.06224202
7409.0	17405.99877184
7409.5	17406.12422635
7410.0	17407.63873015
7410.5	17409.68068132
7411.0	17412.64077148
7411.5	17415.55027168
7412.0	17418.69238259
7412.5	17421.45374924
7413.0	17424.11549092
7413.5	17426.6230408
7414.0	17429.31234788
7414.5	17432.51841113
7415.0	17434.61656441
7415.5	17436.61540973
7416.0	17438.28819735
7416.5	17440.02456521
7417.0	17442.3630776
7417.5	17444.3571847
7418.0	17446.49364185
7418.5	17448.35173134
7419.0	17449.8882525
7419.5	17451.58570515
7420.0	17452.93575837
7420.5	17453.58541091
7421.0	17454.40759015
7421.5	17455.95375385
7422.0	17457.15244235
7422.5	17459.1776446
7423.0	17461.38443933
7423.5	17463.19101479
7424.0	17464.5626555
7424.5	17466.00439457
7425.0	17466.48027896
7425.5	17467.95831045
7426.0	17469.60366031
7426.5	17472.7742524
7427.0	17476.67429943
7427.5	17479.61637683
7428.0	17482.14884201
7428.5	17485.86051963
7429.0	17489.02403776
7429.5	17491.94762771
7430.0	17495.56402602
7430.5	17498.97552035
7431.0	17501.68241905
7431.5	17504.58845846
7432.0	17506.18165502
7432.5	17508.0998832
7433.0	17510.95428652
7433.5	17514.02550984
7434.0	17516.62748589
7434.5	17518.83477919
7435.0	17520.66550738
7435.5	17522.84136028
7436.0	17525.43582959
7436.5	17527.45727048
7437.0	17528.55497125
7437.5	17529.42061073
7438.0	17529.77660172
7438.5	17529.56859905
7439.0	17529.65436201
7439.5	17530.00776227
7440.0	17530.85101892
7440.5	17532.43594599
7441.0	17534.17221296
7441.5	17536.89699012
7442.0	17539.89210223
7442.5	17543.30589904
7443.0	17545.78107339
7443.5	17548.03529983
7444.0	17549.88212439
7444.5	17551.37549823
7445.0	17553.59886192
7445.5	17555.45471295
7446.0	17557.69766089
7446.5	17559.8904552
7447.0	17562.03364692
7447.5	17563.70710645
7448.0	17564.29675745
7448.5	17565.45024767
7449.0	17565.48627247
7449.5	17566.31444825
7450.0	17567.43900886
7450.5	17568.25737331
7451.0	17569.30125937
7451.5	17570.60760721
7452.0	17572.48819099
7452.5	17575.64500397
7453.0	17578.67858544
7453.5	17581.66297426
7454.0	17584.64407114
7454.5	17587.8306746
7455.0	17589.79074419
7455.5	17591.9038729
7456.0	17592.94182508
7456.5	17594.53466101
7457.0	17595.31146756
7457.5	17595.68018513
7458.0	17595.55093362
7458.5	17596.19096419
7459.0	17597.0616965
7459.5	17598.5639315
7460.0	17600.41522521
7460.5	17602.50533874
7461.0	17604.64401788
7461.5	17606.96751378
7462.0	17609.38422046
7462.5	17611.46108219
7463.0	17613.34715961
7463.5	17615.90250975
7464.0	17618.23571244
7464.5	17620.58515273
7465.0	17623.47894776
7465.5	17625.93858375
7466.0	17628.164867
7466.5	17629.43215319
7467.0	17630.94588902
7467.5	17632.45783199
7468.0	17634.55190241
7468.5	17636.47227701
7469.0	17637.60543434
7469.5	17639.0085667
7470.0	17640.60534146
7470.5	17642.48348093
7471.0	17644.33173579
7471.5	17646.41246038
7472.0	17647.48673627
7472.5	17648.516337
7473.0	17649.87323577
7473.5	17651.19465055
7474.0	17653.22063439
7474.5	17655.018452
7475.0	17658.12017249
7475.5	17661.72707197
7476.0	17665.72182846
7476.5	17669.9098923
7477.0	17673.67357735
7477.5	17677.77989382
7478.0	17680.4520164
7478.5	17683.51649433
7479.0	17685.89243968
7479.5	17687.91359478
7480.0	17690.07466335
7480.5	17690.82387838
7481.0	17691.76350798
7481.5	17691.97862414
7482.0	17691.82202238
7482.5	17692.21016709
7483.0	17693.68919889
7483.5	17694.726483
7484.0	17695.57238127
7484.5	17695.61533757
7485.0	17695.08761326
7485.5	17693.46002669
7486.0	17691.65840312
7486.5	17690.98973038
7487.0	17691.76292525
7487.5	17694.32899875
7488.0	17698.19358585
7488.5	17702.01938779
7489.0	17704.87337318
7489.5	17707.39367538
7490.0	17708.38343606
7490.5	17709.61039235
7491.0	17711.65184451
7491.5	17713.75923782
7492.0	17716.40213552
7492.5	17718.65811655
7493.0	17720.09185408
7493.5	17721.64899823
7494.0	17722.79618928
7494.5	17724.21384004
7495.0	17725.59573225
7495.5	17727.52530022
7496.0	17729.46499881
7496.5	17731.2021098
7497.0	17734.16067668
7497.5	17736.4835429
7498.0	17738.75709368
7498.5	17740.24681143
7499.0	17741.5409106
7499.5	17742.14702671
7500.0	17743.74488035
7500.5	17744.90314693
7501.0	17746.50429053
7501.5	17748.31877439
7502.0	17750.48300027
7502.5	17752.61414956
7503.0	17754.99289155
7503.5	17757.1717097
7504.0	17759.9988562
7504.5	17763.04155416
7505.0	17765.19352815
7505.5	17766.50008285
7506.0	17767.8311081
7506.5	17768.82481488
7507.0	17769.48606389
7507.5	17770.62474139
7508.0	17771.95957983
7508.5	17773.53463774
7509.0	17775.77655723
7509.5	17776.91677305
7510.0	17777.81023858
7510.5	17779.10974538
7511.0	17780.53757522
7511.5	17781.5754018
7512.0	17782.07416161
7512.5	17780.93157333
7513.0	17777.65819921
7513.5	17770.72933773
7514.0	17761.03178719
7514.5	17755.69183806
7515.0	17757.70231092
7515.5	17761.41408263
7516.0	17763.41754818
7516.5	17762.874388
7517.0	17761.65336931
7517.5	17759.6875798
7518.0	17757.75330254
7518.5	17756.12353433
7519.0	17755.02552447
7519.5	17755.72659248
7520.0	17755.55996247
7520.5	17748.59798765
7521.0	17726.82466588
7521.5	17670.39977579
7522.0	17547.85410942
7522.5	17381.44751978
7523.0	17288.33547286
7523.5	17397.60320582
7524.0	17557.50299169
7524.5	17679.38630898
7525.0	17746.76020821
7525.5	17754.79679848
7526.0	17713.99258198
7526.5	17606.88268528
7527.0	17445.82693523
7527.5	17330.9311567
7528.0	17414.39755739
7528.5	17573.01368453
7529.0	17705.36104875
7529.5	17794.74755567
7530.0	17833.5240086
7530.5	17844.09173215
7531.0	17849.42691219
7531.5	17849.79897502
7532.0	17845.20886899
7532.5	17838.93284165
7533.0	17837.2799885
7533.5	17843.27103199
7534.0	17850.87053603
7534.5	17856.73008214
7535.0	17860.90685692
7535.5	17863.76927388
7536.0	17865.70460421
7536.5	17866.3489078
7537.0	17867.18144016
7537.5	17868.35954101
7538.0	17872.07291222
7538.5	17878.12318246
7539.0	17884.2157839
7539.5	17887.5111026
7540.0	17888.74778309
7540.5	17890.17370741
7541.0	17891.16825675
7541.5	17893.11755495
7542.0	17894.97558911
7542.5	17896.63566935
7543.0	17897.38761672
7543.5	17897.21204965
7544.0	17898.02075675
7544.5	17899.24113532
7545.0	17900.15699873
7545.5	17902.21799344
7546.0	17904.38987253
7546.5	17907.00618512
7547.0	17909.99256255
7547.5	17912.73337368
7548.0	17915.64590686
7548.5	17919.7692541
7549.0	17922.5146734
7549.5	17926.07972765
7550.0	17928.83292288
7550.5	17930.82193928
7551.0	17932.65898977
7551.5	17934.53777254
7552.0	17936.13453173
7552.5	17937.81394314
7553.0	17938.9856935
7553.5	17939.88667534
7554.0	17939.7719065
7554.5	17941.07423046
7555.0	17942.27030056
7555.5	17944.10282242
7556.0	17945.90623249
7556.5	17947.41927639
7557.0	17949.09726503
7557.5	17949.73093826
7558.0	17950.26642714
7558.5	17951.57932718
7559.0	17953.26198717
7559.5	17954.72045769
7560.0	17956.75332042
7560.5	17958.19869827
7561.0	17959.38488316
7561.5	17960.2805814
7562.0	17960.80413903
7562.5	17960.60435869
7563.0	17961.41133736
7563.5	17963.0657606
7564.0	17965.65366128
7564.5	17968.9806748
7565.0	17972.7305995
7565.5	17975.23782104
7566.0	17976.70174595
7566.5	17977.60981335
7567.0	17977.09535327
7567.5	17977.61967248
7568.0	17978.35302845
7568.5	17980.81836167
7569.0	17983.55717501
7569.5	17986.47549888
7570.0	17989.77303726
7570.5	17992.90517085
7571.0	17995.55578298
7571.5	17996.70485774
7572.0	17995.65822709
7572.5	17992.95660672
7573.0	17989.75108035
7573.5	17989.08796936
7574.0	17990.0015815
7574.5	17990.72344289
7575.0	17991.02581119
7575.5	17992.19989833
7576.0	17993.64593811
7576.5	17996.83856185
7577.0	17999.81327061
7577.5	18001.81087171
7578.0	18001.63503514
7578.5	18000.8909875
7579.0	18001.41726845
7579.5	18004.88414212
7580.0	18008.03616234
7580.5	18009.90004076
7581.0	18010.08390253
7581.5	18010.25706425
7582.0	18011.06515281
7582.5	18012.55297523
7583.0	18014.13161049
7583.5	18015.0169553
7584.0	18016.06939445
7584.5	18017.57611112
7585.0	18019.37575393
7585.5	18021.20065654
7586.0	18021.79171606
7586.5	18022.29091466
7587.0	18023.66499455
7587.5	18025.24851548
7588.0	18026.27739165
7588.5	18027.92233704
7589.0	18030.28387734
7589.5	18032.32559052
7590.0	18034.06052905
7590.5	18034.60415955
7591.0	18037.10062309
7591.5	18040.21572629
7592.0	18042.69545078
7592.5	18044.21203985
7593.0	18045.45885018
7593.5	18045.62581912
7594.0	18045.06067622
7594.5	18043.8992172
7595.0	18044.33525419
7595.5	18045.36118733
7596.0	18047.49052057
7596.5	18049.6925147
7597.0	18051.13491022
7597.5	18051.87369777
7598.0	18051.47792633
7598.5	18050.30032454
7599.0	18050.63309631
7599.5	18053.03207312
7600.0	18057.20008725
7600.5	18060.919313
7601.0	18063.24215324
7601.5	18064.67707465
7602.0	18067.84421774
7602.5	18071.76303278
7603.0	18076.53130635
7603.5	18080.63348711
7604.0	18084.49076281
7604.5	18085.78634885
7605.0	18084.80804824
7605.5	18083.74113224
7606.0	18083.08094195
7606.5	18082.65044235
7607.0	18083.14996118
7607.5	18083.65567944
7608.0	18084.61368102
7608.5	18085.66611336
7609.0	18087.28758021
7609.5	18087.21687317
7610.0	18085.22335018
7610.5	18084.63441468
7611.0	18085.2247813
7611.5	18088.19961511
7612.0	18091.97383855
7612.5	18094.825176
7613.0	18095.41036244
7613.5	18095.50634994
7614.0	18098.26748698
7614.5	18103.308679
7615.0	18107.01282325
7615.5	18111.10276702
7616.0	18114.51971803
7616.5	18117.89439426
7617.0	18120.84366607
7617.5	18122.46961112
7618.0	18124.05983868
7618.5	18124.67707666
7619.0	18126.04401771
7619.5	18127.45698107
7620.0	18129.33886437
7620.5	18129.91290098
7621.0	18129.14055666
7621.5	18129.64795371
7622.0	18130.98026725
7622.5	18131.28742956
7623.0	18130.7963258
7623.5	18130.37524183
7624.0	18129.95249653
7624.5	18129.5366165
7625.0	18128.95939469
7625.5	18128.87185804
7626.0	18129.08165168
7626.5	18131.56076978
7627.0	18134.76931519
7627.5	18136.47496981
7628.0	18136.84421688
7628.5	18136.99129993
7629.0	18136.71885232
7629.5	18137.05005417
7630.0	18138.67149067
7630.5	18140.58147667
7631.0	18143.70386795
7631.5	18144.72376215
7632.0	18144.74498366
7632.5	18145.73472098
7633.0	18146.96936963
7633.5	18147.3063395
7634.0	18149.39147155
7634.5	18151.45633203
7635.0	18153.70359351
7635.5	18155.36440576
7636.0	18157.40473161
7636.5	18159.81090368
7637.0	18163.16156831
7637.5	18166.23682579
7638.0	18171.02618463
7638.5	18175.49344197
7639.0	18178.22926869
7639.5	18179.9428468
7640.0	18182.91724441
7640.5	18186.19423816
7641.0	18187.9142404
7641.5	18189.04846533
7642.0	18191.66271343
7642.5	18195.51842886
7643.0	18198.1717959
7643.5	18199.6621562
7644.0	18201.2235881
7644.5	18201.84396636
7645.0	18201.95095355
7645.5	18203.21127064
7646.0	18203.47308593
7646.5	18204.3808874
7647.0	18204.39552247
7647.5	18204.25399896
7648.0	18204.32539882
7648.5	18205.23095641
7649.0	18206.41797919
7649.5	18208.61375077
7650.0	18210.36165471
7650.5	18210.47446005
7651.0	18210.29044267
7651.5	18211.31916711
7652.0	18212.88321488
7652.5	18216.17963499
7653.0	18219.28340768
7653.5	18220.2982036
7654.0	18221.20052824
7654.5	18222.98150476
7655.0	18226.69485538
7655.5	18230.27960359
7656.0	18233.26491566
7656.5	18236.67623815
7657.0	18240.32081875
7657.5	18242.0154641
7658.0	18242.20574978
7658.5	18242.68034921
7659.0	18243.18309138
7659.5	18244.55778687
7660.0	18246.83748858
7660.5	18248.82447387
7661.0	18251.20602038
7661.5	18253.38883213
7662.0	18253.86957876
7662.5	18254.63718296
7663.0	18255.91740165
7663.5	18257.43496704
7664.0	18258.93483977
7664.5	18260.44231542
7665.0	18261.83702837
7665.5	18262.75708013
7666.0	18263.35597255
7666.5	18264.76052207
7667.0	18265.40969752
7667.5	18266.3131387
7668.0	18268.58371126
7668.5	18270.97388092
7669.0	18273.24206612
7669.5	18276.21389069
7670.0	18278.07700803
7670.5	18279.33249245
7671.0	18279.92726898
7671.5	18281.48199637
7672.0	18284.03074438
7672.5	18287.76206045
7673.0	18291.96140695
7673.5	18295.83696155
7674.0	18298.8993476
7674.5	18301.26459137
7675.0	18302.68895703
7675.5	18305.04625649
7676.0	18308.04406338
7676.5	18308.93418581
7677.0	18308.9158237
7677.5	18307.42414637
7678.0	18306.88753779
7678.5	18307.11453384
7679.0	18309.23339446
7679.5	18312.71581711
7680.0	18314.74045742
7680.5	18316.51126624
7681.0	18318.93839153
7681.5	18322.25523494
7682.0	18325.90472393
7682.5	18329.17442695
7683.0	18331.23552585
7683.5	18333.70733478
7684.0	18335.21021604
7684.5	18337.04125505
7685.0	18337.13818113
7685.5	18337.19700206
7686.0	18337.65516371
7686.5	18337.63974173
7687.0	18337.5297342
7687.5	18336.81764684
7688.0	18335.98147004
7688.5	18334.3325055
7689.0	18333.79688082
7689.5	18333.70099424
7690.0	18334.32936496
7690.5	18334.97621966
7691.0	18336.69822341
7691.5	18338.46814123
7692.0	18340.01677285
7692.5	18342.18572493
7693.0	18344.68909009
7693.5	18347.10352962
7694.0	18348.8757152
7694.5	18350.17197537
7695.0	18350.90964328
7695.5	18353.27943986
7696.0	18355.16086527
7696.5	18358.68694169
7697.0	18361.32678046
7697.5	18362.56955389
7698.0	18364.11449049
7698.5	18365.66620852
7699.0	18368.93244811
7699.5	18372.75352617
7700.0	18375.32350942
7700.5	18375.38005643
7701.0	18374.97600716
7701.5	18375.27823364
7702.0	18376.19364785
7702.5	18377.84364163
7703.0	18378.91836794
7703.5	18380.42521429
7704.0	18381.14182422
7704.5	18381.11013944
7705.0	18380.15397353
7705.5	18380.0368559
7706.0	18380.84980124
7706.5	18382.26015289
7707.0	18384.48302976
7707.5	18384.74925942
7708.0	18385.02696932
7708.5	18385.16671873
7709.0	18385.87578938
7709.5	18387.17287149
7710.0	18389.07627688
7710.5	18391.62654205
7711.0	18393.56281551
7711.5	18395.13226199
7712.0	18397.74906522
7712.5	18401.4108388
7713.0	18404.23636888
7713.5	18406.3992673
7714.0	18408.08953576
7714.5	18410.25263919
7715.0	18412.16576853
7715.5	18414.00846997
7716.0	18416.22818659
7716.5	18417.22479727
7717.0	18417.58728601
7717.5	18417.17984585
7718.0	18418.07148985
7718.5	18418.92955597
7719.0	18419.03341848
7719.5	18418.55848178
7720.0	18419.19105501
7720.5	18419.94402058
7721.0	18421.47973582
7721.5	18423.638123
7722.0	18426.67261004
7722.5	18429.23315846
7723.0	18429.72777168
7723.5	18429.20141223
7724.0	18430.13845137
7724.5	18432.43854626
7725.0	18435.85584349
7725.5	18439.45377497
7726.0	18441.8293172
7726.5	18443.04659177
7727.0	18444.73327636
7727.5	18445.38897529
7728.0	18447.11594466
7728.5	18448.89936759
7729.0	18450.82180521
7729.5	18452.67853756
7730.0	18454.86971881
7730.5	18457.17898385
7731.0	18458.83199041
7731.5	18459.87710629
7732.0	18461.07090657
7732.5	18462.06614203
7733.0	18463.07653159
7733.5	18464.43640917
7734.0	18465.9619363
7734.5	18466.86255594
7735.0	18467.69318973
7735.5	18468.65376803
7736.0	18468.81964009
7736.5	18468.57529535
7737.0	18468.74525283
7737.5	18470.02859429
7738.0	18471.81365184
7738.5	18473.61518627
7739.0	18474.75125917
7739.5	18476.0970148
7740.0	18477.8700551
7740.5	18479.87968489
7741.0	18482.28128091
7741.5	18484.20814723
7742.0	18484.77104932
7742.5	18485.42598954
7743.0	18487.76499743
7743.5	18489.19210262
7744.0	18489.3832988
7744.5	18488.86994617
7745.0	18488.36637796
7745.5	18488.03848368
7746.0	18488.13673368
7746.5	18488.73909734
7747.0	18489.77477764
7747.5	18493.16788109
7748.0	18497.16341607
7748.5	18500.56745287
7749.0	18503.03005742
7749.5	18505.51434457
7750.0	18507.99068921
7750.5	18511.62618793
7751.0	18515.67040106
7751.5	18519.67551162
7752.0	18524.87669398
7752.5	18528.77121952
7753.0	18530.36279104
7753.5	18530.40384748
7754.0	18529.51860981
7754.5	18529.65599486
7755.0	18531.81155853
7755.5	18534.02599563
7756.0	18536.00911966
7756.5	18537.1370195
7757.0	18537.16555188
7757.5	18536.93346462
7758.0	18536.67753954
7758.5	18538.17897038
7759.0	18540.66961096
7759.5	18544.65894233
7760.0	18546.93960745
7760.5	18548.59283938
7761.0	18549.79796414
7761.5	18550.83022966
7762.0	18551.55079958
7762.5	18552.43410465
7763.0	18554.24300955
7763.5	18556.02767396
7764.0	18557.11180071
7764.5	18557.34715355
7765.0	18557.40138836
7765.5	18557.87489206
7766.0	18557.63457381
7766.5	18557.15199251
7767.0	18557.76991682
7767.5	18557.26693241
7768.0	18556.42849757
7768.5	18556.91197208
7769.0	18557.54580275
7769.5	18557.40567433
7770.0	18557.74923154
7770.5	18557.74963688
7771.0	18558.11837998
7771.5	18557.34960841
7772.0	18556.27446281
7772.5	18555.45215415
7773.0	18554.93346696
7773.5	18555.09264017
7774.0	18554.06734371
7774.5	18553.16132867
7775.0	18552.29022563
7775.5	18552.30716375
7776.0	18550.75101176
7776.5	18548.29637881
7777.0	18544.80068317
7777.5	18540.77534627
7778.0	18536.0478412
7778.5	18528.93850552
7779.0	18519.69504071
7779.5	18504.69588837
7780.0	18480.33227227
7780.5	18439.33808705
7781.0	18368.20999053
7781.5	18218.64605865
7782.0	17954.51604142
7782.5	17611.00785133
7783.0	17444.45398599
7783.5	17649.12196962
7784.0	17949.70727653
7784.5	18039.91938279
7785.0	17873.18921324
7785.5	17610.94890228
7786.0	17560.98366993
7786.5	17834.75517889
7787.0	18218.798837
7787.5	18465.75628598
7788.0	18582.3491607
7788.5	18618.79533109
7789.0	18632.56414859
7789.5	18639.96772215
7790.0	18645.7402969
7790.5	18651.00159181
7791.0	18654.06993756
7791.5	18657.83440596
7792.0	18661.40766781
7792.5	18663.62316677
7793.0	18664.88449773
7793.5	18665.08655594
7794.0	18664.90223935
7794.5	18665.00121117
7795.0	18665.64044418
7795.5	18666.29906227
7796.0	18666.80435259
7796.5	18667.1284458
7797.0	18667.52219086
7797.5	18668.17228666
7798.0	18669.64336189
7798.5	18671.50959978
7799.0	18675.07089496
7799.5	18679.03295978
7800.0	18682.46575926
7800.5	18683.78343041
7801.0	18684.42438267
7801.5	18684.68161436
7802.0	18685.96213267
7802.5	18686.30384983
7803.0	18686.96035729
7803.5	18686.41660503
7804.0	18685.54293365
7804.5	18684.20599579
7805.0	18685.44462234
7805.5	18687.56168964
7806.0	18688.3036335
7806.5	18687.33144474
7807.0	18686.41113119
7807.5	18687.40359565
7808.0	18689.67098917
7808.5	18691.84242593
7809.0	18693.89227236
7809.5	18695.16596795
7810.0	18696.32741269
7810.5	18696.6062666
7811.0	18696.76030018
7811.5	18697.46621565
7812.0	18698.80549236
7812.5	18699.40413443
7813.0	18700.99423912
7813.5	18702.86132395
7814.0	18705.55441601
7814.5	18709.37648832
7815.0	18714.07859944
7815.5	18718.14924269
7816.0	18721.3197299
7816.5	18723.93331824
7817.0	18726.04975535
7817.5	18727.84383231
7818.0	18729.33895927
7818.5	18731.22824821
7819.0	18733.18759233
7819.5	18734.96887684
7820.0	18736.8734111
7820.5	18738.1368761
7821.0	18738.85810376
7821.5	18739.4310366
7822.0	18739.98870653
7822.5	18739.81129002
7823.0	18739.82486447
7823.5	18739.67137641
7824.0	18740.91730879
7824.5	18741.78467348
7825.0	18742.25560156
7825.5	18742.54673704
7826.0	18742.74165835
7826.5	18742.47938492
7827.0	18742.85268694
7827.5	18743.81304037
7828.0	18746.56116405
7828.5	18749.72973912
7829.0	18753.18633164
7829.5	18755.98235081
7830.0	18758.16476737
7830.5	18760.62704789
7831.0	18762.80109996
7831.5	18765.82399946
7832.0	18767.09167434
7832.5	18768.27154751
7833.0	18768.0148188
7833.5	18767.49917154
7834.0	18767.24682602
7834.5	18767.44184027
7835.0	18768.18772921
7835.5	18769.05200833
7836.0	18770.58540178
7836.5	18771.99107112
7837.0	18772.69184558
7837.5	18774.85722646
7838.0	18776.35588651
7838.5	18778.41974077
7839.0	18780.76026128
7839.5	18783.54234654
7840.0	18785.84067072
7840.5	18787.34465499
7841.0	18786.57189377
7841.5	18786.85545702
7842.0	18787.3768217
7842.5	18788.73133276
7843.0	18790.42172183
7843.5	18791.86574805
7844.0	18792.01522055
7844.5	18791.68562188
7845.0	18791.77025002
7845.5	18791.7291719
7846.0	18793.12766668
7846.5	18795.94967713
7847.0	18798.93200133
7847.5	18801.74790867
7848.0	18804.33414525
7848.5	18806.51713331
7849.0	18807.30544439
7849.5	18807.81625423
7850.0	18808.21899284
7850.5	18810.23080373
7851.0	18812.44751098
7851.5	18814.99385885
7852.0	18817.1866779
7852.5	18818.6511358
7853.0	18819.76901822
7853.5	18821.14865802
7854.0	18823.86506152
7854.5	18827.77179402
7855.0	18829.90927919
7855.5	18830.92868177
7856.0	18831.21807646
7856.5	18831.48017812
7857.0	18831.90221988
7857.5	18832.29013473
7858.0	18831.27802089
7858.5	18829.78734842
7859.0	18828.2297858
7859.5	18827.47447711
7860.0	18827.29749512
7860.5	18827.51410252
7861.0	18827.47690921
7861.5	18827.58229043
7862.0	18827.83000432
7862.5	18829.17747072
7863.0	18831.89101999
7863.5	18835.83404564
7864.0	18839.79177777
7864.5	18843.41252821
7865.0	18846.01966849
7865.5	18847.40948957
7866.0	18847.66948132
7866.5	18849.07524886
7867.0	18851.90345341
7867.5	18854.5029383
7868.0	18856.16004068
7868.5	18856.32498624
7869.0	18856.03926493
7869.5	18855.32428423
7870.0	18854.72232814
7870.5	18854.27596132
7871.0	18854.93602733
7871.5	18856.20717633
7872.0	18858.77406454
7872.5	18861.495438
7873.0	18865.27488108
7873.5	18868.92432937
7874.0	18872.15258585
7874.5	18874.83267651
7875.0	18876.60404223
7875.5	18877.99623233
7876.0	18879.14539699
7876.5	18879.39890439
7877.0	18879.36977124
7877.5	18879.66018001
7878.0	18880.61759317
7878.5	18881.31561908
7879.0	18881.61433806
7879.5	18882.91985902
7880.0	18884.31728074
7880.5	18886.37386611
7881.0	18887.37249673
7881.5	18888.43559036
7882.0	18888.50761959
7882.5	18889.07254642
7883.0	18889.48945801
7883.5	18888.95133242
7884.0	18889.14848378
7884.5	18890.67909119
7885.0	18893.97438918
7885.5	18897.96651982
7886.0	18900.72553294
7886.5	18901.26338172
7887.0	18901.18358301
7887.5	18901.04489878
7888.0	18901.99762683
7888.5	18904.44992213
7889.0	18907.61786796
7889.5	18910.6007619
7890.0	18913.18930054
7890.5	18916.56554444
7891.0	18919.71589395
7891.5	18922.5563833
7892.0	18924.67449092
7892.5	18926.40452263
7893.0	18927.97361263
7893.5	18929.87526774
7894.0	18932.37264162
7894.5	18935.54351799
7895.0	18938.00114608
7895.5	18939.71182025
7896.0	18941.92514435
7896.5	18944.13672378
7897.0	18947.59966668
7897.5	18950.72182396
7898.0	18952.7210573
7898.5	18954.73362932
7899.0	18955.35767
7899.5	18955.0143799
7900.0	18954.24023352
7900.5	18953.36162878
7901.0	18954.04533169
7901.5	18957.0379382
7902.0	18960.88208714
7902.5	18963.70661089
7903.0	18965.82383264
7903.5	18967.37434437
7904.0	18968.16045498
7904.5	18969.20681775
7905.0	18970.68062451
7905.5	18972.33874209
7906.0	18974.16800258
7906.5	18975.45919926
7907.0	18975.67798308
7907.5	18975.55243689
7908.0	18975.27055181
7908.5	18974.83279375
7909.0	18974.21953501
7909.5	18972.43338102
7910.0	18968.11538768
7910.5	18955.91153592
7911.0	18926.37598229
7911.5	18868.71353926
7912.0	18795.13667691
7912.5	18752.84429474
7913.0	18725.41160603
7913.5	18632.26008773
7914.0	18457.20460588
7914.5	18337.55168035
7915.0	18399.94697807
7915.5	18581.94196954
7916.0	18682.9719612
7916.5	18700.31448078
7917.0	18738.15615787
7917.5	18808.64891937
7918.0	18864.12670752
7918.5	18907.48884899
7919.0	18934.13842865
7919.5	18947.25309312
7920.0	18954.98602066
7920.5	18960.60051198
7921.0	18965.51106463
7921.5	18970.63736339
7922.0	18975.18810562
7922.5	18977.74862287
7923.0	18980.08523752
7923.5	18981.63835659
7924.0	18983.18733665
7924.5	18983.70657107
7925.0	18984.78489012
7925.5	18985.65627673
7926.0	18986.41491453
7926.5	18987.58441413
7927.0	18988.46729348
7927.5	18989.753768
7928.0	18991.77760955
7928.5	18993.65786596
7929.0	18996.02774135
7929.5	18998.43412893
7930.0	19001.2461701
7930.5	19004.76322841
7931.0	19006.54326013
7931.5	19007.081587
7932.0	19008.74770849
7932.5	19010.12394328
7933.0	19012.05832399
7933.5	19013.31978329
7934.0	19013.75822608
7934.5	19014.89937026
7935.0	19017.82327868
7935.5	19020.61856076
7936.0	19022.9303736
7936.5	19023.9042233
7937.0	19024.09557394
7937.5	19025.22473062
7938.0	19026.61421717
7938.5	19028.99930068
7939.0	19031.28338228
7939.5	19032.75979963
7940.0	19033.6417684
7940.5	19033.54124437
7941.0	19033.82911148
7941.5	19034.40171613
7942.0	19034.81712116
7942.5	19036.20077191
7943.0	19037.65906176
7943.5	19039.55349981
7944.0	19040.55380371
7944.5	19043.18437857
7945.0	19046.17353111
7945.5	19049.65642626
7946.0	19053.44684
7946.5	19057.58493947
7947.0	19060.55083282
7947.5	19061.9229635
7948.0	19062.00327343
7948.5	19061.81733115
7949.0	19061.02170791
7949.5	19059.44272867
7950.0	19058.39645448
7950.5	19058.78189006
7951.0	19059.98279249
7951.5	19061.8474002
7952.0	19063.10367678
7952.5	19064.26859054
7953.0	19065.60623754
7953.5	19066.02576679
7954.0	19066.61648027
7954.5	19067.75869014
7955.0	19068.02689113
7955.5	19069.15756645
7956.0	19070.44720935
7956.5	19071.57063388
7957.0	19071.51587678
7957.5	19072.13660518
7958.0	19073.55069953
7958.5	19076.4956153
7959.0	19080.00469831
7959.5	19082.65551262
7960.0	19084.71826817
7960.5	19085.68415595
7961.0	19087.10945594
7961.5	19087.68353061
7962.0	19089.08131466
7962.5	19090.13859992
7963.0	19091.4195853
7963.5	19092.62093633
7964.0	19093.89651593
7964.5	19094.77192897
7965.0	19095.57732783
7965.5	19095.83303743
7966.0	19096.12062155
7966.5	19095.98571757
7967.0	19095.74526966
7967.5	19095.98513583
7968.0	19097.31807682
7968.5	19100.25350743
7969.0	19102.11626811
7969.5	19104.55220162
7970.0	19106.1380134
7970.5	19108.52616467
7971.0	19111.86245414
7971.5	19114.40712411
7972.0	19115.33061122
7972.5	19114.28767362
7973.0	19113.88321848
7973.5	19112.69848917
7974.0	19111.61360389
7974.5	19111.03660253
7975.0	19111.68635174
7975.5	19111.74873556
7976.0	19111.62575189
7976.5	19112.44109812
7977.0	19113.74405077
7977.5	19115.70264773
7978.0	19116.68319411
7978.5	19117.83005233
7979.0	19118.32768124
7979.5	19118.98107171
7980.0	19119.74186326
7980.5	19119.97054834
7981.0	19121.33996065
7981.5	19123.3905948
7982.0	19126.44659513
7982.5	19129.59981888
7983.0	19133.62894197
7983.5	19137.21844651
7984.0	19139.65270684
7984.5	19141.29573533
7985.0	19142.69168898
7985.5	19143.08338674
7986.0	19142.98104337
7986.5	19142.26403671
7987.0	19141.06299541
7987.5	19140.2333024
7988.0	19140.58278079
7988.5	19140.57429927
7989.0	19140.96118366
7989.5	19142.12957047
7990.0	19143.9327921
7990.5	19145.72953718
7991.0	19146.1757821
7991.5	19145.62115445
7992.0	19144.49719006
7992.5	19144.22608029
7993.0	19144.24774883
7993.5	19144.82970712
7994.0	19145.14133694
7994.5	19145.78667749
7995.0	19146.38401929
7995.5	19147.27760635
7996.0	19148.42721248
7996.5	19150.30463349
7997.0	19152.93335434
7997.5	19156.4680107
7998.0	19160.04064488
7998.5	19162.7757832
7999.0	19164.42589081
7999.5	19165.0629012
8000.0	19165.1158418
8000.5	19165.94511357
8001.0	19167.11057991
8001.5	19169.20766285
8002.0	19171.57020906
8002.5	19173.62010409
8003.0	19175.86405482
8003.5	19177.49656185
8004.0	19178.7154341
8004.5	19180.46859047
8005.0	19182.45606755
8005.5	19183.9529611
8006.0	19184.97880632
8006.5	19185.99478734
8007.0	19187.80012216
8007.5	19189.9070476
8008.0	19191.75423936
8008.5	19192.39532571
8009.0	19192.58239768
8009.5	19193.70522479
8010.0	19194.81243447
8010.5	19196.90073218
8011.0	19198.92840247
8011.5	19200.92450741
8012.0	19202.78649214
8012.5	19203.065445
8013.0	19203.28032619
8013.5	19203.28904867
8014.0	19203.02475986
8014.5	19203.90133452
8015.0	19205.36684199
8015.5	19206.61213825
8016.0	19207.29408311
8016.5	19207.91824995
8017.0	19209.34066492
8017.5	19209.842947
8018.0	19210.66208531
8018.5	19211.26630572
8019.0	19210.30721816
8019.5	19209.62017346
8020.0	19209.91038094
8020.5	19211.39602445
8021.0	19213.20445119
8021.5	19214.92237646
8022.0	19216.42390659
8022.5	19216.51518523
8023.0	19217.30031603
8023.5	19218.52897454
8024.0	19219.52728463
8024.5	19220.30334259
8025.0	19220.30904844
8025.5	19219.78828637
8026.0	19218.91130857
8026.5	19219.18910216
8027.0	19221.00880435
8027.5	19223.70601011
8028.0	19225.84745549
8028.5	19226.69053488
8029.0	19227.49553499
8029.5	19228.34382513
8030.0	19228.9241064
8030.5	19229.14907794
8031.0	19230.46488788
8031.5	19231.6276372
8032.0	19234.39792664
8032.5	19236.85304884
8033.0	19239.08341636
8033.5	19241.80039273
8034.0	19243.84173976
8034.5	19245.12939017
8035.0	19246.38357979
8035.5	19248.14826839
8036.0	19251.16754564
8036.5	19254.11982527
8037.0	19255.49035957
8037.5	19255.95561533
8038.0	19255.48231137
8038.5	19255.41893935
8039.0	19256.29521305
8039.5	19257.22501897
8040.0	19258.35529529
8040.5	19259.63214362
8041.0	19260.79588439
8041.5	19261.48480455
8042.0	19260.74887951
8042.5	19260.0980563
8043.0	19260.35141298
8043.5	19260.63796985
8044.0	19261.73811464
8044.5	19263.30758628
8045.0	19264.50967005
8045.5	19266.27350093
8046.0	19268.11315485
8046.5	19270.1868847
8047.0	19271.23050959
8047.5	19272.70828016
8048.0	19274.8486786
8048.5	19277.08116856
8049.0	19278.31399472
8049.5	19279.74433438
8050.0	19280.71896257
8050.5	19281.77232449
8051.0	19282.68562162
8051.5	19282.74533805
8052.0	19282.7447331
8052.5	19282.52575269
8053.0	19282.51994581
8053.5	19283.18453865
8054.0	19283.78551023
8054.5	19284.83989139
8055.0	19284.40174811
8055.5	19284.67755218
8056.0	19284.26160739
8056.5	19284.38880086
8057.0	19283.92176374
8057.5	19283.36931337
8058.0	19283.58499236
8058.5	19283.11534451
8059.0	19283.15321781
8059.5	19284.34519618
8060.0	19287.10795642
8060.5	19289.4992744
8061.0	19291.18095916
8061.5	19292.93515852
8062.0	19292.96486652
8062.5	19292.44935236
8063.0	19292.95869902
8063.5	19294.90739067
8064.0	19297.7496645
8064.5	19300.03077257
8065.0	19301.38538452
8065.5	19301.91109244
8066.0	19302.89679815
8066.5	19303.73983635
8067.0	19303.93721219
8067.5	19305.24201659
8068.0	19306.67816301
8068.5	19308.27384345
8069.0	19309.30622649
8069.5	19310.36382174
8070.0	19311.35664782
8070.5	19311.52289594
8071.0	19311.80488923
8071.5	19312.68450304
8072.0	19314.3444497
8072.5	19316.90886598
8073.0	19317.57234202
8073.5	19318.51274403
8074.0	19319.72627701
8074.5	19320.82835652
8075.0	19321.3258775
8075.5	19321.90080257
8076.0	19322.18161167
8076.5	19322.93605205
8077.0	19324.09180152
8077.5	19325.06083765
8078.0	19326.15837634
8078.5	19327.31800989
8079.0	19328.66080759
8079.5	19328.85670362
8080.0	19328.14100639
8080.5	19326.68303345
8081.0	19324.18141192
8081.5	19323.11725045
8082.0	19323.40500147
8082.5	19325.85355074
8083.0	19330.05790623
8083.5	19333.74218822
8084.0	19337.37152754
8084.5	19339.4599221
8085.0	19341.68887199
8085.5	19342.77068275
8086.0	19344.03072763
8086.5	19344.62578458
8087.0	19344.75247401
8087.5	19345.80417868
8088.0	19347.61479843
8088.5	19349.198964
8089.0	19351.67493262
8089.5	19353.52618841
8090.0	19355.09661921
8090.5	19357.23798747
8091.0	19359.10198114
8091.5	19360.69584383
8092.0	19362.4423292
8092.5	19363.40284949
8093.0	19364.09769731
8093.5	19365.00701399
8094.0	19366.07078622
8094.5	19367.27463292
8095.0	19367.8932447
8095.5	19369.80133701
8096.0	19371.08985248
8096.5	19372.67366994
8097.0	19372.85437441
8097.5	19374.18997695
8098.0	19376.43660163
8098.5	19378.37578671
8099.0	19380.07797948
8099.5	19381.66215408
8100.0	19382.27532381