7500.0	29565.7714326
7500.5	29568.06981318
7501.0	29571.32455304
7501.5	29574.76894485
7502.0	29578.63583346
7502.5	29582.65461458
7503.0	29585.52035933
7503.5	29588.40315011
7504.0	29591.01430745
7504.5	29593.75273652
7505.0	29597.62309205
7505.5	29601.50759019
7506.0	29605.52321585
7506.5	29609.81077581
7507.0	29614.45107781
7507.5	29619.81777421
7508.0	29624.30486193
7508.5	29627.96438582
7509.0	29631.78779845
7509.5	29635.49313898
7510.0	29638.52953775
7510.5	29640.90189458
7511.0	29642.57495467
7511.5	29643.90365719
7512.0	29645.83293249
7512.5	29647.33951898
7513.0	29648.8535115
7513.5	29650.46114809
7514.0	29652.27232512
7514.5	29654.51119405
7515.0	29657.17948743
7515.5	29660.01320619
7516.0	29662.09742729
7516.5	29663.73829812
7517.0	29664.46516821
7517.5	29661.68787366
7518.0	29649.8313492
7518.5	29631.81402516
7519.0	29619.34095797
7519.5	29616.46164354
7520.0	29618.05235805
7520.5	29620.20686853
7521.0	29622.09905518
7521.5	29621.72852766
7522.0	29621.17549288
7522.5	29620.05983993
7523.0	29619.95337996
7523.5	29622.2054196
7524.0	29628.10378226
7524.5	29632.78110156
7525.0	29628.18316174
7525.5	29610.15618616
7526.0	29569.50286502
7526.5	29452.44273409
7527.0	29103.46471202
7527.5	28747.86930345
7528.0	28867.92768586
7528.5	29215.32044216
7529.0	29492.4623079
7529.5	29622.105819
7530.0	29650.83520471
7530.5	29636.60972936
7531.0	29576.87305109
7531.5	29375.41344992
7532.0	28973.373394
7532.5	28851.544263
7533.0	29116.84937327
7533.5	29420.45293154
7534.0	29631.87506499
7534.5	29726.35833413
7535.0	29760.93237146
7535.5	29778.9669903
7536.0	29789.79345648
7536.5	29795.57327033
7537.0	29791.52143034
7537.5	29777.56897002
7538.0	29767.01736089
7538.5	29767.20438191
7539.0	29773.03858402
7539.5	29780.36548837
7540.0	29787.05323695
7540.5	29792.68353079
7541.0	29796.75801878
7541.5	29800.25918125
7542.0	29803.72457123
7542.5	29809.44080207
7543.0	29819.46915115
7543.5	29832.76206448
7544.0	29842.18068806
7544.5	29846.95727671
7545.0	29849.74456341
7545.5	29853.38855875
7546.0	29856.31631954
7546.5	29860.08083955
7547.0	29864.07786017
7547.5	29866.68177697
7548.0	29869.63075232
7548.5	29872.76757649
7549.0	29877.02005589
7549.5	29880.89662013
7550.0	29884.25739465
7550.5	29887.0573271
7551.0	29890.84708903
7551.5	29894.57859492
7552.0	29898.79375054
7552.5	29903.2741518
7553.0	29908.56333303
7553.5	29913.55274443
7554.0	29918.72341435
7554.5	29923.82349092
7555.0	29929.16976083
7555.5	29933.53062558
7556.0	29937.65963433
7556.5	29941.31672418
7557.0	29943.92210492
7557.5	29945.4877837
7558.0	29946.01211926
7558.5	29946.77082313
7559.0	29948.26943671
7559.5	29950.19071494
7560.0	29952.24683648
7560.5	29955.0624236
7561.0	29958.6584001
7561.5	29962.21552072
7562.0	29965.34798451
7562.5	29966.96842998
7563.0	29969.07100665
7563.5	29971.84073561
7564.0	29974.96502334
7564.5	29978.82622583
7565.0	29981.86556228
7565.5	29983.99180812
7566.0	29985.136929
7566.5	29985.98339282
7567.0	29985.62795554
7567.5	29985.51895936
7568.0	29987.95120396
7568.5	29991.43778422
7569.0	29996.34590437
7569.5	30001.6613743
7570.0	30007.56046424
7570.5	30011.46011016
7571.0	30014.38972918
7571.5	30016.25301945
7572.0	30017.09863433
7572.5	30019.18913386
7573.0	30021.04688364
7573.5	30024.94271711
7574.0	30029.08683892
7574.5	30033.90054443
7575.0	30039.33440555
7575.5	30044.60055731
7576.0	30046.47186871
7576.5	30045.33532162
7577.0	30041.26823065
7577.5	30035.58988991
7578.0	30034.81414609
7578.5	30038.66130541
7579.0	30041.59211956
7579.5	30043.76553532
7580.0	30046.12790356
7580.5	30048.92030018
7581.0	30051.78730543
7581.5	30056.36868549
7582.0	30061.46887448
7582.5	30061.90034087
7583.0	30060.15128932
7583.5	30059.37368807
7584.0	30063.46198553
7584.5	30068.6821596
7585.0	30071.13071729
7585.5	30072.4315146
7586.0	30074.86740249
7586.5	30078.095147
7587.0	30080.26073101
7587.5	30082.81985221
7588.0	30084.57847319
7588.5	30085.30838039
7589.0	30086.69790432
7589.5	30090.72544032
7590.0	30094.55842169
7590.5	30096.79969054
7591.0	30098.86902755
7591.5	30100.76570252
7592.0	30102.72421481
7592.5	30105.65488683
7593.0	30109.70631521
7593.5	30114.77352099
7594.0	30117.71474853
7594.5	30116.99233084
7595.0	30117.16645033
7595.5	30120.25784045
7596.0	30124.46555637
7596.5	30130.08737159
7597.0	30135.40001552
7597.5	30137.62943246
7598.0	30139.43394729
7598.5	30139.85095439
7599.0	30140.25173769
7599.5	30142.43519113
7600.0	30143.84814725
7600.5	30145.80750559
7601.0	30149.90572094
7601.5	30154.14286624
7602.0	30156.78669601
7602.5	30157.20720901
7603.0	30156.80961834
7603.5	30157.67966264
7604.0	30160.71803303
7604.5	30164.70323358
7605.0	30170.12386562
7605.5	30176.32024773
7606.0	30181.03954875
7606.5	30185.63646825
7607.0	30189.70304946
7607.5	30195.47314677
7608.0	30202.69005149
7608.5	30208.23661636
7609.0	30212.18829414
7609.5	30213.87377888
7610.0	30214.89456985
7610.5	30215.68774473
7611.0	30215.63508419
7611.5	30214.28301045
7612.0	30214.50634115
7612.5	30215.56892516
7613.0	30219.61749134
7613.5	30224.634631
7614.0	30228.22804326
7614.5	30228.18574163
7615.0	30227.07436455
7615.5	30226.40238925
7616.0	30226.57396482
7616.5	30230.35179949
7617.0	30236.08400039
7617.5	30239.27728203
7618.0	30240.37111745
7618.5	30241.20302904
7619.0	30245.57740615
7619.5	30252.66446773
7620.0	30259.4518361
7620.5	30265.79565165
7621.0	30270.48426945
7621.5	30274.60647758
7622.0	30279.57763216
7622.5	30283.10201849
7623.0	30284.0406229
7623.5	30285.09384128
7624.0	30287.96655473
7624.5	30291.34579914
7625.0	30296.05883911
7625.5	30298.59603063
7626.0	30299.75100895
7626.5	30302.95281659
7627.0	30305.43647313
7627.5	30304.73916623
7628.0	30303.00383683
7628.5	30302.59484451
7629.0	30303.44488569
7629.5	30304.83461573
7630.0	30305.57124994
7630.5	30305.38627481
7631.0	30306.37811757
7631.5	30311.98043002
7632.0	30317.86760434
7632.5	30320.52858754
7633.0	30319.78387282
7633.5	30319.70580201
7634.0	30320.77650196
7634.5	30323.0314183
7635.0	30327.30628293
7635.5	30332.10764201
7636.0	30335.22224714
7636.5	30335.28269034
7637.0	30333.70006579
7637.5	30333.95843409
7638.0	30335.17706239
7638.5	30337.67501821
7639.0	30341.69267775
7639.5	30346.24212426
7640.0	30349.50317639
7640.5	30352.7753643
7641.0	30357.24589944
7641.5	30362.24281305
7642.0	30366.0922377
7642.5	30371.75834154
7643.0	30378.76421182
7643.5	30383.45918539
7644.0	30386.08275895
7644.5	30390.29451171
7645.0	30395.21017345
7645.5	30398.7140237
7646.0	30402.25643696
7646.5	30406.32574385
7647.0	30410.62725889
7647.5	30414.00459922
7648.0	30416.41599836
7648.5	30420.11159225
7649.0	30423.79790103
7649.5	30426.71174869
7650.0	30427.24296196
7650.5	30426.11194647
7651.0	30426.00457233
7651.5	30428.68552969
7652.0	30431.65792174
7652.5	30432.87573826
7653.0	30434.26276306
7653.5	30436.76098553
7654.0	30439.34275495
7654.5	30442.09308067
7655.0	30444.92995013
7655.5	30446.48396406
7656.0	30449.19250638
7656.5	30453.85077429
7657.0	30459.30026922
7657.5	30464.46011894
7658.0	30468.5803837
7658.5	30471.34993717
7659.0	30474.09158321
7659.5	30478.23322325
7660.0	30482.58275611
7660.5	30485.5560314
7661.0	30487.59792062
7661.5	30493.29294809
7662.0	30498.59271178
7662.5	30500.64849422
7663.0	30501.16112625
7663.5	30503.16448105
7664.0	30505.19910302
7664.5	30506.54639308
7665.0	30509.49605854
7665.5	30514.46370699
7666.0	30519.74824217
7666.5	30523.72304375
7667.0	30524.9746895
7667.5	30525.98220712
7668.0	30529.04353253
7668.5	30532.38626051
7669.0	30535.19462871
7669.5	30537.63999531
7670.0	30538.29806934
7670.5	30539.11666481
7671.0	30540.32244206
7671.5	30541.27687241
7672.0	30542.63634482
7672.5	30545.39127991
7673.0	30548.56972489
7673.5	30551.60934416
7674.0	30555.63553369
7674.5	30557.5692277
7675.0	30558.5320395
7675.5	30560.50663319
7676.0	30563.39627857
7676.5	30566.37570446
7677.0	30570.13958359
7677.5	30575.83197429
7678.0	30583.69902696
7678.5	30590.34691111
7679.0	30595.00905808
7679.5	30600.36110392
7680.0	30604.39699538
7680.5	30607.42878609
7681.0	30611.50941605
7681.5	30613.76528404
7682.0	30613.88391431
7682.5	30613.92299704
7683.0	30614.49118795
7683.5	30616.71172072
7684.0	30618.78908055
7684.5	30621.48734663
7685.0	30624.65470183
7685.5	30627.30771161
7686.0	30630.91437926
7686.5	30636.11828564
7687.0	30641.84673453
7687.5	30646.49953049
7688.0	30650.3162864
7688.5	30653.47851106
7689.0	30655.9229549
7689.5	30658.28162758
7690.0	30659.28941133
7690.5	30660.51462467
7691.0	30662.16946556
7691.5	30663.24774696
7692.0	30663.54159188
7692.5	30664.72366016
7693.0	30666.44707782
7693.5	30668.40008653
7694.0	30669.28102569
7694.5	30670.72564226
7695.0	30671.1293094
7695.5	30672.8042784
7696.0	30677.40498673
7696.5	30681.71465343
7697.0	30684.2219725
7697.5	30686.26852665
7698.0	30689.15529043
7698.5	30692.75570935
7699.0	30695.64325268
7699.5	30696.52885718
7700.0	30697.38828103
7700.5	30699.81003312
7701.0	30704.38059689
7701.5	30709.92737946
7702.0	30713.70515133
7702.5	30715.96708951
7703.0	30717.41638436
7703.5	30719.85826218
7704.0	30724.30084868
7704.5	30731.03718592
7705.0	30737.54354369
7705.5	30741.21773869
7706.0	30741.19398872
7706.5	30739.75988188
7707.0	30738.72389653
7707.5	30739.77558461
7708.0	30742.6789402
7708.5	30746.74490146
7709.0	30749.91375989
7709.5	30751.17366279
7710.0	30750.63590314
7710.5	30750.50724999
7711.0	30751.76469699
7711.5	30751.30312657
7712.0	30752.02386593
7712.5	30753.6404285
7713.0	30755.19761406
7713.5	30755.96021215
7714.0	30757.67054994
7714.5	30761.26658563
7715.0	30765.76901531
7715.5	30770.01825774
7716.0	30773.63049614
7716.5	30777.85160923
7717.0	30782.869401
7717.5	30787.58034207
7718.0	30790.62211535
7718.5	30792.33891954
7719.0	30794.00757127
7719.5	30796.68515568
7720.0	30799.00265636
7720.5	30802.47381512
7721.0	30806.34378845
7721.5	30810.43657315
7722.0	30813.86030503
7722.5	30815.65745203
7723.0	30816.47193124
7723.5	30816.91120388
7724.0	30817.94741329
7724.5	30817.00813609
7725.0	30815.71586655
7725.5	30816.30160668
7726.0	30819.28469017
7726.5	30825.33223918
7727.0	30833.07526194
7727.5	30838.92062503
7728.0	30841.4278235
7728.5	30843.36995079
7729.0	30846.69795041
7729.5	30850.65231555
7730.0	30856.5397391
7730.5	30862.51723048
7731.0	30867.06555633
7731.5	30869.73831587
7732.0	30871.18439452
7732.5	30872.16939671
7733.0	30874.89331127
7733.5	30878.32072071
7734.0	30880.42256462
7734.5	30881.82647722
7735.0	30884.22632075
7735.5	30887.36791036
7736.0	30888.963906
7736.5	30890.56947445
7737.0	30892.22541174
7737.5	30893.9832078
7738.0	30896.10047851
7738.5	30899.47878569
7739.0	30903.39279112
7739.5	30906.74844438
7740.0	30909.10306114
7740.5	30910.30640702
7741.0	30910.42907538
7741.5	30910.5760176
7742.0	30912.40800423
7742.5	30914.89876451
7743.0	30916.65174718
7743.5	30919.38107542
7744.0	30923.07337476
7744.5	30925.53478243
7745.0	30928.15176761
7745.5	30930.86972332
7746.0	30933.24634407
7746.5	30934.33408111
7747.0	30935.03008495
7747.5	30935.84865703
7748.0	30936.69111382
7748.5	30937.8058705
7749.0	30938.9210926
7749.5	30939.15580821
7750.0	30938.07711963
7750.5	30937.85139239
7751.0	30939.93725192
7751.5	30941.74266183
7752.0	30944.36653653
7752.5	30949.37299117
7753.0	30955.84059606
7753.5	30961.84016291
7754.0	30967.02191591
7754.5	30971.00384986
7755.0	30974.6082846
7755.5	30979.01895304
7756.0	30984.52734415
7756.5	30991.36330184
7757.0	30997.83380391
7757.5	31003.12581877
7758.0	31006.58913684
7758.5	31006.92275557
7759.0	31006.13244911
7759.5	31006.44647843
7760.0	31010.6688126
7760.5	31015.22473833
7761.0	31017.41093649
7761.5	31017.43214927
7762.0	31017.1293414
7762.5	31017.83752984
7763.0	31019.1064401
7763.5	31020.73861226
7764.0	31025.46708633
7764.5	31031.01388886
7765.0	31035.83634856
7765.5	31039.09017133
7766.0	31041.58006417
7766.5	31044.26703828
7767.0	31046.12167199
7767.5	31047.85346798
7768.0	31050.6814291
7768.5	31054.50983652
7769.0	31057.89969139
7769.5	31059.71886073
7770.0	31060.29822926
7770.5	31061.48302799
7771.0	31062.18908882
7771.5	31062.93065865
7772.0	31062.64919819
7772.5	31061.76854151
7773.0	31058.80203581
7773.5	31055.61941652
7774.0	31055.44517087
7774.5	31056.84870845
7775.0	31057.2251091
7775.5	31057.93504532
7776.0	31057.63206898
7776.5	31057.7352981
7777.0	31057.02435825
7777.5	31054.85249628
7778.0	31054.1742003
7778.5	31055.23579895
7779.0	31055.06180561
7779.5	31054.51136635
7780.0	31054.60130469
7780.5	31053.97087191
7781.0	31052.5459392
7781.5	31049.64717677
7782.0	31045.00854616
7782.5	31039.80546996
7783.0	31033.43861357
7783.5	31024.61274808
7784.0	31011.02368687
7784.5	30990.21693191
7785.0	30959.29617628
7785.5	30912.41195679
7786.0	30829.82545779
7786.5	30669.051717
7787.0	30336.39697389
7787.5	29772.95967184
7788.0	29211.6626755
7788.5	29242.58987618
7789.0	29796.04430778
7789.5	30311.69773033
7790.0	30304.88289064
7790.5	29846.65746143
7791.0	29321.73355977
7791.5	29400.09710554
7792.0	30028.71062268
7792.5	30648.82198344
7793.0	30982.17734425
7793.5	31110.27318492
7794.0	31159.01203407
7794.5	31181.9320528
7795.0	31196.32984488
7795.5	31205.60469921
7796.0	31212.0665604
7796.5	31218.27266197
7797.0	31224.8079768
7797.5	31230.61644165
7798.0	31234.3103025
7798.5	31236.57801216
7799.0	31238.07545959
7799.5	31239.26975496
7800.0	31241.7766021
7800.5	31245.71516552
7801.0	31248.85514138
7801.5	31251.10107126
7802.0	31253.03346301
7802.5	31255.51099107
7803.0	31258.75589338
7803.5	31260.64514464
7804.0	31264.08710152
7804.5	31269.81121567
7805.0	31276.24966384
7805.5	31280.9302829
7806.0	31283.51603423
7806.5	31285.77150764
7807.0	31288.13890708
7807.5	31290.18963982
7808.0	31291.88251375
7808.5	31291.93515412
7809.0	31289.35620187
7809.5	31287.48058042
7810.0	31287.55455434
7810.5	31290.78924897
7811.0	31293.97064094
7811.5	31294.65251817
7812.0	31295.15474953
7812.5	31296.52668466
7813.0	31298.56090674
7813.5	31300.52512516
7814.0	31303.86871991
7814.5	31307.4832723
7815.0	31310.36229693
7815.5	31312.4008572
7816.0	31314.0209619
7816.5	31315.12471813
7817.0	31317.36530013
7817.5	31320.43065078
7818.0	31323.48943033
7818.5	31326.39340945
7819.0	31329.26103793
7819.5	31332.85516439
7820.0	31338.27668875
7820.5	31344.4057935
7821.0	31349.35449273
7821.5	31353.62611276
7822.0	31358.07995009
7822.5	31361.88069938
7823.0	31365.60263657
7823.5	31369.00601087
7824.0	31372.05623332
7824.5	31375.26871672
7825.0	31378.79451757
7825.5	31381.75052423
7826.0	31383.85379172
7826.5	31384.99466064
7827.0	31385.49413016
7827.5	31385.00049746
7828.0	31383.88133188
7828.5	31382.75492387
7829.0	31382.10682976
7829.5	31383.43529751
7830.0	31385.33631996
7830.5	31387.35004301
7831.0	31387.65137649
7831.5	31387.69558435
7832.0	31387.48912316
7832.5	31388.00488689
7833.0	31389.60435628
7833.5	31393.54650575
7834.0	31397.86800103
7834.5	31402.00001981
7835.0	31405.18074484
7835.5	31409.2676418
7836.0	31414.67234838
7836.5	31420.54846179
7837.0	31424.13532133
7837.5	31425.25220373
7838.0	31425.22992814
7838.5	31424.99467066
7839.0	31424.25567875
7839.5	31424.5799024
7840.0	31426.89600025
7840.5	31428.8477351
7841.0	31429.92207078
7841.5	31431.60159058
7842.0	31433.7311581
7842.5	31436.3540895
7843.0	31440.59998995
7843.5	31445.33823956
7844.0	31449.15847015
7844.5	31453.3166759
7845.0	31456.53301626
7845.5	31458.15823259
7846.0	31457.80134693
7846.5	31457.78429949
7847.0	31458.87068201
7847.5	31461.72471426
7848.0	31466.78219449
7848.5	31471.48264108
7849.0	31474.42835973
7849.5	31474.97245997
7850.0	31474.70760035
7850.5	31475.16945249
7851.0	31477.77355995
7851.5	31482.37117334
7852.0	31487.17045814
7852.5	31490.97772434
7853.0	31494.75140883
7853.5	31498.16332176
7854.0	31500.44474075
7854.5	31501.71142398
7855.0	31503.6094123
7855.5	31505.16881452
7856.0	31507.20094632
7856.5	31508.77996636
7857.0	31510.66247339
7857.5	31511.50141093
7858.0	31513.95654509
7858.5	31516.17337306
7859.0	31519.83690259
7859.5	31524.95561914
7860.0	31529.27440941
7860.5	31532.15542801
7861.0	31534.06898665
7861.5	31535.89296193
7862.0	31538.29185611
7862.5	31540.35116948
7863.0	31540.12337579
7863.5	31537.66105637
7864.0	31535.11860138
7864.5	31533.7277127
7865.0	31534.08337583
7865.5	31536.06240843
7866.0	31537.94074421
7866.5	31540.0693109
7867.0	31541.43398904
7867.5	31543.19643301
7868.0	31546.03627851
7868.5	31550.10787283
7869.0	31555.26314414
7869.5	31560.83173226
7870.0	31565.91189093
7870.5	31569.50234412
7871.0	31569.68953512
7871.5	31569.52216477
7872.0	31570.97581001
7872.5	31573.14908089
7873.0	31575.26627997
7873.5	31576.34248131
7874.0	31577.12222128
7874.5	31577.82691339
7875.0	31578.50579733
7875.5	31578.16612
7876.0	31579.96470296
7876.5	31583.60195481
7877.0	31588.33323442
7877.5	31593.41701139
7878.0	31599.87526315
7878.5	31606.66306645
7879.0	31613.23122389
7879.5	31618.3017549
7880.0	31622.52557387
7880.5	31625.79982508
7881.0	31629.4494297
7881.5	31632.1770075
7882.0	31633.31353676
7882.5	31633.75617101
7883.0	31633.71213147
7883.5	31633.55468192
7884.0	31634.1024041
7884.5	31635.61128039
7885.0	31637.47333089
7885.5	31639.8790937
7886.0	31642.68542425
7886.5	31645.09118356
7887.0	31645.9317279
7887.5	31645.29353973
7888.0	31646.79631844
7888.5	31648.99956925
7889.0	31652.10669825
7889.5	31655.31788943
7890.0	31660.33994581
7890.5	31666.74778529
7891.0	31672.83515191
7891.5	31676.2367211
7892.0	31677.78475931
7892.5	31678.31876122
7893.0	31678.61220417
7893.5	31679.4366008
7894.0	31682.28104862
7894.5	31686.42311613
7895.0	31690.42274908
7895.5	31694.45847609
7896.0	31698.19281022
7896.5	31701.9592581
7897.0	31705.93587157
7897.5	31710.67075695
7898.0	31714.41820184
7898.5	31718.23189974
7899.0	31721.56634197
7899.5	31724.91254467
7900.0	31729.48720529
7900.5	31733.04639923
7901.0	31735.58081028
7901.5	31738.68644561
7902.0	31742.16261408
7902.5	31745.49282342
7903.0	31748.06377663
7903.5	31749.85127629
7904.0	31750.12297582
7904.5	31750.21027486
7905.0	31748.72779075
7905.5	31747.5197779
7906.0	31747.72659901
7906.5	31750.28015443
7907.0	31754.78445815
7907.5	31760.27880777
7908.0	31764.72912893
7908.5	31768.07842768
7909.0	31769.78219536
7909.5	31771.21905947
7910.0	31774.34330032
7910.5	31778.29877777
7911.0	31781.55671894
7911.5	31784.52983975
7912.0	31786.53982656
7912.5	31787.91946458
7913.0	31787.80172373
7913.5	31787.4811888
7914.0	31787.01858078
7914.5	31785.35054088
7915.0	31781.23429696
7915.5	31771.88152704
7916.0	31747.77222724
7916.5	31688.24932801
7917.0	31578.31143434
7917.5	31466.39897351
7918.0	31398.51885431
7918.5	31384.4260767
7919.0	31257.54057413
7919.5	30964.4035767
7920.0	30714.82837602
7920.5	30782.75434769
7921.0	31162.22297278
7921.5	31330.23119641
7922.0	31330.52162169
7922.5	31361.1043219
7923.0	31481.57544347
7923.5	31594.80967971
7924.0	31678.50073834
7924.5	31728.66266677
7925.0	31753.02470757
7925.5	31768.30750894
7926.0	31778.59797423
7926.5	31786.8800158
7927.0	31794.12771601
7927.5	31801.11154896
7928.0	31807.15545608
7928.5	31812.1577027
7929.0	31816.62100177
7929.5	31819.26512467
7930.0	31821.76671762
7930.5	31824.64428627
7931.0	31828.84735708
7931.5	31833.23777869
7932.0	31836.06685734
7932.5	31837.99126886
7933.0	31839.93467807
7933.5	31842.99563319
7934.0	31845.55298996
7934.5	31848.8372486
7935.0	31852.49824584
7935.5	31857.20976129
7936.0	31861.10069126
7936.5	31864.02707772
7937.0	31867.00076798
7937.5	31869.74259764
7938.0	31871.91593146
7938.5	31872.99337033
7939.0	31873.80266403
7939.5	31875.01991769
7940.0	31877.27794427
7940.5	31880.23179488
7941.0	31883.46627554
7941.5	31885.71881405
7942.0	31887.33625094
7942.5	31889.01736621
7943.0	31890.91213767
7943.5	31894.37502923
7944.0	31898.96229901
7944.5	31904.23474544
7945.0	31907.88500735
7945.5	31909.74312065
7946.0	31910.5354291
7946.5	31912.37516666
7947.0	31914.42971596
7947.5	31916.40835833
7948.0	31918.76364883
7948.5	31921.26001996
7949.0	31924.04218687
7949.5	31925.86961363
7950.0	31927.87821341
7950.5	31930.79733299
7951.0	31933.35439556
7951.5	31937.04513395
7952.0	31942.83508987
7952.5	31949.12403415
7953.0	31953.67834627
7953.5	31956.87776799
7954.0	31957.87576048
7954.5	31957.67340445
7955.0	31955.66840519
7955.5	31953.96830957
7956.0	31953.98824721
7956.5	31955.76940748
7957.0	31957.9164618
7957.5	31959.04995491
7958.0	31960.62937232
7958.5	31962.18420808
7959.0	31964.55269049
7959.5	31967.2431512
7960.0	31970.1725755
7960.5	31973.14974073
7961.0	31976.22719525
7961.5	31979.10216053
7962.0	31980.93810987
7962.5	31981.91395065
7963.0	31982.13861461
7963.5	31983.5751705
7964.0	31986.83857154
7964.5	31991.57717458
7965.0	31996.08699448
7965.5	31998.97318558
7966.0	32002.41337219
7966.5	32005.71732896
7967.0	32008.36676456
7967.5	32011.33736053
7968.0	32014.1748453
7968.5	32017.23893297
7969.0	32018.81881565
7969.5	32020.04583717
7970.0	32020.87396091
7970.5	32020.82207967
7971.0	32021.32224113
7971.5	32021.52750239
7972.0	32022.21461869
7972.5	32023.43249625
7973.0	32026.35997839
7973.5	32030.49171771
7974.0	32034.94945832
7974.5	32039.60219779
7975.0	32042.23770641
7975.5	32045.20308279
7976.0	32048.79219838
7976.5	32053.0633925
7977.0	32057.63971091
7977.5	32059.1057613
7978.0	32059.68701475
7978.5	32058.00696072
7979.0	32055.87735423
7979.5	32053.6058464
7980.0	32052.71133468
7980.5	32053.58854912
7981.0	32055.16268504
7981.5	32057.06378346
7982.0	32058.72276086
7982.5	32060.61951482
7983.0	32063.30391001
7983.5	32067.02355463
7984.0	32070.09364658
7984.5	32071.39563746
7985.0	32072.18357552
7985.5	32071.70462499
7986.0	32072.48532756
7986.5	32073.91536356
7987.0	32076.46154003
7987.5	32079.86613324
7988.0	32085.23716656
7988.5	32091.41062475
7989.0	32097.02711008
7989.5	32102.78028687
7990.0	32107.35613912
7990.5	32110.39025995
7991.0	32112.1156
7991.5	32111.40408797
7992.0	32109.08323761
7992.5	32106.36209651
7993.0	32104.88265446
7993.5	32105.26094188
7994.0	32107.44029476
7994.5	32110.40283229
7995.0	32114.62838696
7995.5	32117.61585386
7996.0	32119.93353561
7996.5	32121.47157334
7997.0	32121.83660076
7997.5	32121.42679796
7998.0	32120.63825152
7998.5	32121.5110828
7999.0	32122.89553009
7999.5	32124.76093746
8000.0	32126.19584801
8000.5	32127.16634903
8001.0	32128.25894585
8001.5	32129.76003173
8002.0	32131.60648875
8002.5	32134.02867905
8003.0	32137.10570611
8003.5	32140.75538955
8004.0	32144.21933054
8004.5	32147.4214823
8005.0	32148.94387539
8005.5	32149.80628559
8006.0	32150.87738803
8006.5	32154.14940388
8007.0	32158.0210171
8007.5	32161.26999042
8008.0	32163.91302399
8008.5	32165.87548875
8009.0	32167.9166487
8009.5	32169.73604114
8010.0	32172.09574222
8010.5	32174.1676846
8011.0	32176.49947141
8011.5	32179.14715301
8012.0	32182.66941409
8012.5	32186.14074388
8013.0	32189.58633736
8013.5	32191.64729169
8014.0	32193.28457134
8014.5	32194.4133751
8015.0	32196.18366579
8015.5	32199.40239844
8016.0	32203.11380555
8016.5	32206.05039585
8017.0	32208.75967981
8017.5	32211.34023778
8018.0	32213.71442076
8018.5	32215.89100529
8019.0	32217.52566344
8019.5	32217.88934399
8020.0	32218.92469497
8020.5	32220.47152071
8021.0	32222.7397614
8021.5	32225.27318359
8022.0	32228.34261485
8022.5	32230.76776399
8023.0	32232.763358
8023.5	32234.84580446
8024.0	32236.78711691
8024.5	32238.49157295
8025.0	32238.94745099
8025.5	32238.9070222
8026.0	32239.56346559
8026.5	32241.56225217
8027.0	32244.93024882
8027.5	32247.64123567
8028.0	32249.36985207
8028.5	32251.78304745
8029.0	32254.66994779
8029.5	32257.15155209
8030.0	32258.65813575
8030.5	32259.32980693
8031.0	32260.22697135
8031.5	32261.50961522
8032.0	32263.26693061
8032.5	32265.75847633
8033.0	32269.08378034
8033.5	32270.84825031
8034.0	32272.13026784
8034.5	32272.27848818
8035.0	32273.54463867
8035.5	32274.35411351
8036.0	32275.2297609
8036.5	32275.92140647
8037.0	32277.36003805
8037.5	32280.62365109
8038.0	32284.43236298
8038.5	32289.76470653
8039.0	32294.60950899
8039.5	32299.53518524
8040.0	32303.29090602
8040.5	32307.30293348
8041.0	32310.89576198
8041.5	32314.58593507
8042.0	32317.50944631
8042.5	32318.95736013
8043.0	32319.41491782
8043.5	32319.30401386
8044.0	32320.11862678
8044.5	32320.43406852
8045.0	32321.35668041
8045.5	32323.46570342
8046.0	32325.83919837
8046.5	32328.02747397
8047.0	32328.79118933
8047.5	32328.46100191
8048.0	32328.50518102
8048.5	32329.40054734
8049.0	32331.13222688
8049.5	32333.14999193
8050.0	32334.93030015
8050.5	32337.35722756
8051.0	32338.64629492
8051.5	32339.93426578
8052.0	32341.46675824
8052.5	32343.64412671
8053.0	32344.84757924
8053.5	32346.49878278
8054.0	32347.94213359
8054.5	32350.03796718
8055.0	32351.91544754
8055.5	32353.22730483
8056.0	32355.08152101
8056.5	32357.53730305
8057.0	32359.96110699
8057.5	32361.93186304
8058.0	32363.55276461
8058.5	32365.46721854
8059.0	32368.53557457
8059.5	32370.51512058
8060.0	32372.0736373
8060.5	32373.08090942
8061.0	32374.26298276
8061.5	32375.87350667
8062.0	32377.25641327
8062.5	32379.09021651
8063.0	32380.21044369
8063.5	32380.70022163
8064.0	32380.31358717
8064.5	32380.62424573
8065.0	32381.79552482
8065.5	32384.21739308
8066.0	32386.72994911
8066.5	32390.23584186
8067.0	32393.99306569
8067.5	32397.03442512
8068.0	32399.95064463
8068.5	32403.85902142
8069.0	32407.91098647
8069.5	32412.39028583
8070.0	32416.06669068
8070.5	32418.86871812
8071.0	32420.59117736
8071.5	32422.19405144
8072.0	32423.31688996
8072.5	32425.19095638
8073.0	32426.96949254
8073.5	32428.67938643
8074.0	32431.14708261
8074.5	32432.45353797
8075.0	32433.29822368
8075.5	32433.06823205
8076.0	32433.37761787
8076.5	32434.23238754
8077.0	32435.57267732
8077.5	32438.39413358
8078.0	32441.83363993
8078.5	32444.2038792
8079.0	32447.01085096
8079.5	32448.62679495
8080.0	32449.81099175
8080.5	32450.38732665
8081.0	32451.18188605
8081.5	32451.7245683
8082.0	32454.37425282
8082.5	32456.79204961
8083.0	32459.55884942
8083.5	32461.16696651
8084.0	32462.03135712
8084.5	32463.06958668
8085.0	32463.87467196
8085.5	32463.83846615
8086.0	32462.88050911
8086.5	32460.84498058
8087.0	32459.45893808
8087.5	32461.92237982
8088.0	32466.54134926
8088.5	32471.85668824
8089.0	32477.37718482
8089.5	32482.13804698
8090.0	32486.39158802
8090.5	32489.74629424
8091.0	32493.18743513
8091.5	32495.56060099
8092.0	32497.65104558
8092.5	32499.62114968
8093.0	32501.31677845
8093.5	32502.98767873
8094.0	32504.82381943
8094.5	32507.73509307
8095.0	32510.79529852
8095.5	32514.32695336
8096.0	32517.37516066
8096.5	32520.19272942
8097.0	32522.71786448
8097.5	32524.77608773
8098.0	32525.6331687
8098.5	32527.16439803
8099.0	32529.16736566
8099.5	32531.74330678
8100.0	32534.28213907
8100.5	32536.17972391
8101.0	32538.35964963
8101.5	32540.49760825
8102.0	32542.84687174
8102.5	32544.23980044
8103.0	32545.56251042
8103.5	32548.03235323
8104.0	32549.98237586
8104.5	32552.31204975
8105.0	32554.03525524
8105.5	32556.00061925
8106.0	32556.97323922
8106.5	32557.60955924
8107.0	32558.22637974
8107.5	32559.14907636
8108.0	32558.97437169
8108.5	32559.40355258
8109.0	32559.70035845
8109.5	32559.64017131
8110.0	32559.15948305
8110.5	32560.21302134
8111.0	32562.11778483
8111.5	32564.74196874
8112.0	32567.85833379
8112.5	32570.4953968
8113.0	32572.06094759
8113.5	32572.79568211
8114.0	32572.95998841
8114.5	32572.84234205
8115.0	32573.62192868
8115.5	32574.96128713
8116.0	32576.58677476
8116.5	32577.70774998
8117.0	32578.67740639
8117.5	32579.80715906
8118.0	32581.62149935
8118.5	32584.35329642
8119.0	32586.7840423
8119.5	32589.1911223
8120.0	32590.55767561
8120.5	32591.91525187
8121.0	32593.96353899
8121.5	32596.13336237
8122.0	32599.49715385
8122.5	32602.64483117
8123.0	32605.16986918
8123.5	32605.83097843
8124.0	32606.44193304
8124.5	32606.62331943
8125.0	32607.94522794
8125.5	32609.46206224
8126.0	32612.5501187
8126.5	32615.60808748
8127.0	32618.19629063
8127.5	32620.76363188
8128.0	32622.04856103
8128.5	32623.73207405
8129.0	32624.42712276
8129.5	32624.49370197
8130.0	32624.13530667
8130.5	32624.34982223
8131.0	32625.09425135
8131.5	32626.02186067
8132.0	32627.25082107
8132.5	32628.48076743
8133.0	32631.13614277
8133.5	32634.1101425
8134.0	32636.21418383
8134.5	32639.13411365
8135.0	32640.99682645
8135.5	32642.05129619
8136.0	32642.54763105
8136.5	32642.92732253
8137.0	32644.19817069
8137.5	32645.66828108
8138.0	32647.11554547
8138.5	32648.15180612
8139.0	32650.22826832
8139.5	32653.30583149
8140.0	32657.64936979
8140.5	32661.50035187
8141.0	32664.43637909
8141.5	32665.51198475
8142.0	32666.35380815
8142.5	32668.07812995
8143.0	32668.49701484
8143.5	32669.80072374
8144.0	32669.17010348
8144.5	32668.32332848
8145.0	32668.24555072
8145.5	32668.29578385
8146.0	32670.44730929
8146.5	32672.31416058
8147.0	32673.57385155
8147.5	32674.42332408
8148.0	32675.01428481
8148.5	32675.94144791
8149.0	32676.16524
8149.5	32675.84467906
8150.0	32676.02390888
8150.5	32676.72238175
8151.0	32678.83960444
8151.5	32682.77672231
8152.0	32687.21452572
8152.5	32691.90480016
8153.0	32695.03053367
8153.5	32695.95899528
8154.0	32696.47508668
8154.5	32697.18261661
8155.0	32697.97557688
8155.5	32699.10989441
8156.0	32699.3789131
8156.5	32699.42647637
8157.0	32698.81458373
8157.5	32698.56389579
8158.0	32699.1855047
8158.5	32699.40187574
8159.0	32700.09812835
8159.5	32701.90447157
8160.0	32704.35305347
8160.5	32707.71895079
8161.0	32711.52654655
8161.5	32716.81096167
8162.0	32723.4521247
8162.5	32729.63692511
8163.0	32734.84886628
8163.5	32739.45631515
8164.0	32743.19062521
8164.5	32745.62654167
8165.0	32747.72950694
8165.5	32749.78174928
8166.0	32750.59018957
8166.5	32749.94775577
8167.0	32748.6876088
8167.5	32747.54531058
8168.0	32747.58420429
8168.5	32749.83096653
8169.0	32752.94731359
8169.5	32755.65054578
8170.0	32758.19949524
8170.5	32760.73672356
8171.0	32762.68981596
8171.5	32764.62371113
8172.0	32766.45106273
8172.5	32768.12099724
8173.0	32769.17886129
8173.5	32770.95534304
8174.0	32773.4903077
8174.5	32776.27907487
8175.0	32778.82275649
8175.5	32780.71912249
8176.0	32781.78073765
8176.5	32781.89143625
8177.0	32781.91250318
8177.5	32782.55821575
8178.0	32783.84868425
8178.5	32785.0467693
8179.0	32785.3212999
8179.5	32783.74164061
8180.0	32782.40740795
8180.5	32781.16981259
8181.0	32781.18741098
8181.5	32782.19107323
8182.0	32784.52583595
8182.5	32787.31585148
8183.0	32790.27098468
8183.5	32793.07675089
8184.0	32796.34625644
8184.5	32798.78143207
8185.0	32800.95882735
8185.5	32803.43580985
8186.0	32806.69003881
8186.5	32809.31203333
8187.0	32811.24787746
8187.5	32813.6280655
8188.0	32815.65429613
8188.5	32817.13101428
8189.0	32818.23056275
8189.5	32820.63133523
8190.0	32822.40526587
8190.5	32824.55742034
8191.0	32826.03491457
8191.5	32827.43383277
8192.0	32829.29647997
8192.5	32832.14774858
8193.0	32835.73497389
8193.5	32839.03986172
8194.0	32841.74369891
8194.5	32842.65127835
8195.0	32842.28161602
8195.5	32841.94158724
8196.0	32842.2568411
8196.5	32843.89688583
8197.0	32845.42773139
8197.5	32846.64073485
8198.0	32846.28028198
8198.5	32845.57472544
8199.0	32845.12342721
8199.5	32844.85985683
8200.0	32845.75001767
8200.5	32847.33326105
8201.0	32849.5216918
8201.5	32852.26667709
8202.0	32855.08927518
8202.5	32859.18679016
8203.0	32863.01117283
8203.5	32866.2778212
8204.0	32868.09167738
8204.5	32869.30428478
8205.0	32869.99396031
8205.5	32869.21400677
8206.0	32867.87375157
8206.5	32866.96032366
8207.0	32867.65022239
8207.5	32868.30346468
8208.0	32868.41718013
8208.5	32867.52430293
8209.0	32866.98376587
8209.5	32868.26116502
8210.0	32870.35167954
8210.5	32873.45806726
8211.0	32876.14567807
8211.5	32877.93512628
8212.0	32879.53490371
8212.5	32880.83151558
8213.0	32881.74658852
8213.5	32883.74151494
8214.0	32886.16385202
8214.5	32887.95953745
8215.0	32889.89802064
8215.5	32891.72170625
8216.0	32893.0255797
8216.5	32894.10252421
8217.0	32895.82740178
8217.5	32897.89072674
8218.0	32900.26643437
8218.5	32903.08423015
8219.0	32905.34918357
8219.5	32908.72201552
8220.0	32911.39611095
8220.5	32915.17085656
8221.0	32918.80348182
8221.5	32922.27457861
8222.0	32925.78518086
8222.5	32927.44781925
8223.0	32929.36213775
8223.5	32930.18435952
8224.0	32931.31890812
8224.5	32933.27985841
8225.0	32935.74084563
8225.5	32939.11613431
8226.0	32942.32360589
8226.5	32944.53112115
8227.0	32946.13830515
8227.5	32946.12191574
8228.0	32945.15771048
8228.5	32943.96846858
8229.0	32943.81413195
8229.5	32944.83074703
8230.0	32945.62221245
8230.5	32946.71837595
8231.0	32946.96233607
8231.5	32947.37149108
8232.0	32947.26553407
8232.5	32947.23945469
8233.0	32948.46235128
8233.5	32950.04597715
8234.0	32951.62406229
8234.5	32952.91975844
8235.0	32954.04217005
8235.5	32955.11015787
8236.0	32957.25340746
8236.5	32960.25147352
8237.0	32961.86985165
8237.5	32963.68805944
8238.0	32964.9644496
8238.5	32965.57651088
8239.0	32967.45570189
8239.5	32969.24052108
8240.0	32972.22545377
8240.5	32975.01136107
8241.0	32977.16520136
8241.5	32978.91899541
8242.0	32981.61215801
8242.5	32983.77127412
8243.0	32985.41359102
8243.5	32986.80687537
8244.0	32988.53615608
8244.5	32989.19913826
8245.0	32989.89458334
8245.5	32990.64497083
8246.0	32992.16497993
8246.5	32993.76572559
8247.0	32995.45267114
8247.5	32997.05861425
8248.0	32998.64280379
8248.5	32998.92545489
8249.0	32998.21821029
8249.5	32996.68665486
8250.0	32994.52629978
8250.5	32993.77795319
8251.0	32994.87850799
8251.5	32996.42760127
8252.0	32998.19612651
8252.5	32999.17368384
8253.0	33000.17679022
8253.5	33000.97964619
8254.0	33001.85380793
8254.5	33003.16095025
8255.0	33004.77646797
8255.5	33006.12707118
8256.0	33007.57969113
8256.5	33008.68735163
8257.0	33010.27154559
8257.5	33011.31386833
8258.0	33012.568663
8258.5	33014.6775587
8259.0	33017.1785804
8259.5	33018.52001772
8260.0	33019.47223655
8260.5	33019.65363376
8261.0	33019.6185716
8261.5	33020.42003185
8262.0	33021.42440056
8262.5	33023.09912577
8263.0	33026.0035763
8263.5	33028.94159896
8264.0	33031.856868
8264.5	33034.38563838
8265.0	33037.29902335
8265.5	33039.4698242
8266.0	33042.09984426
8266.5	33043.83301983
8267.0	33045.56591081
8267.5	33046.93016335
8268.0	33048.71415298
8268.5	33050.16890711
8269.0	33052.7045735
8269.5	33054.26482598
8270.0	33054.86432335
8270.5	33054.75363544
8271.0	33054.80621988
8271.5	33054.63911333
8272.0	33054.37183939
8272.5	33054.53180399
8273.0	33054.70063689
8273.5	33055.73710999
8274.0	33056.62963318
8274.5	33057.24089444
8275.0	33059.26489642
8275.5	33061.60875819
8276.0	33064.30566675
8276.5	33066.39604524
8277.0	33067.85113335
8277.5	33068.61415043
8278.0	33068.97023238
8278.5	33069.19285209
8279.0	33068.82335055
8279.5	33068.39745626
8280.0	33067.30265185
8280.5	33066.42887365
8281.0	33064.77477942
8281.5	33062.92626387
8282.0	33061.53957014
8282.5	33060.86959723
8283.0	33060.70299971
8283.5	33060.22434253
8284.0	33059.6494714
8284.5	33060.19179361
8285.0	33059.8016285
8285.5	33058.25409591
8286.0	33056.4321842
8286.5	33054.68330117
8287.0	33053.3681997
8287.5	33051.3326287
8288.0	33048.77153277
8288.5	33046.1322282
8289.0	33044.94129539
8289.5	33044.62355317
8290.0	33045.02290539
8290.5	33045.09437077
8291.0	33044.65857846
8291.5	33044.96016116
8292.0	33046.40488583
8292.5	33047.23322195
8293.0	33047.01684029
8293.5	33046.44136622
8294.0	33043.51222291
8294.5	33039.10775177
8295.0	33033.88837904
8295.5	33027.06963592
8296.0	33019.35413283
8296.5	33008.87007911
8297.0	32995.11171294
8297.5	32975.81756086
8298.0	32948.57583937
8298.5	32906.66182515
8299.0	32847.1396365
8299.5	32766.73810246
8300.0	32682.28344472
8300.5	32619.09731904
8301.0	32586.58368576
8301.5	32570.6311318
8302.0	32553.74783442
8302.5	32522.0907726
8303.0	32458.13563634
8303.5	32337.29165981
8304.0	32120.71781235
8304.5	31759.09644724
8305.0	31259.42428908
8305.5	30729.12155597
8306.0	30442.59661699
8306.5	30536.6224539
8307.0	30908.07118846
8307.5	31345.08404033
8308.0	31779.93624064
8308.5	32168.63647835
8309.0	32432.02005311
8309.5	32525.51848078
8310.0	32508.03137329
8310.5	32480.85992419
8311.0	32469.52591311
8311.5	32376.17863232
8312.0	32203.55419002
8312.5	31972.7805793
8313.0	31586.09758734
8313.5	31070.46424991
8314.0	30678.28601822
8314.5	30592.36700843
8315.0	30796.74336481
8315.5	31114.86087225
8316.0	31444.79213984
8316.5	31772.90978884
8317.0	32119.0176047
8317.5	32413.67250888
8318.0	32613.26740883
8318.5	32724.39663944
8319.0	32791.79308884
8319.5	32839.72615741
8320.0	32879.90301115
8320.5	32916.08852602
8321.0	32954.51757859
8321.5	32997.23370118
8322.0	33046.73736528
8322.5	33101.17933871
8323.0	33151.93217495
8323.5	33187.08644423
8324.0	33204.92704648
8324.5	33213.89641174
8325.0	33218.97262882
8325.5	33221.83640792
8326.0	33224.05747924
8326.5	33227.07328768
8327.0	33229.37490593
8327.5	33231.60647714
8328.0	33233.36673029
8328.5	33235.23568957
8329.0	33236.30515489
8329.5	33238.36607572
8330.0	33238.9606714
8330.5	33239.24076238
8331.0	33238.11899451
8331.5	33235.49014948
8332.0	33231.62359499
8332.5	33225.83771545
8333.0	33219.3717314
8333.5	33212.80918204
8334.0	33207.28947684
8334.5	33203.65451951
8335.0	33202.33960945
8335.5	33203.56575031
8336.0	33205.17645713
8336.5	33208.26139768
8337.0	33212.16550514
8337.5	33216.79539894
8338.0	33220.88539773
8338.5	33223.29538433
8339.0	33224.21525788
8339.5	33224.29049251
8340.0	33224.68813648
8340.5	33223.86680808
8341.0	33222.6093638
8341.5	33221.67471186
8342.0	33222.13576849
8342.5	33221.78390304
8343.0	33219.57603238
8343.5	33217.03769031
8344.0	33215.24661757
8344.5	33214.59347481
8345.0	33216.21982521
8345.5	33217.94688726
8346.0	33220.32942103
8346.5	33221.60488992
8347.0	33220.43377927
8347.5	33218.0895238
8348.0	33214.13142477
8348.5	33209.49599957
8349.0	33204.4484681
8349.5	33200.05579642
8350.0	33196.19657305
8350.5	33192.95932323
8351.0	33188.79655259
8351.5	33184.71394386
8352.0	33181.06848457
8352.5	33178.83992425
8353.0	33177.3069233
8353.5	33177.30253677
8354.0	33177.72643124
8354.5	33178.28015626
8355.0	33180.91285162
8355.5	33183.96328087
8356.0	33186.54481549
8356.5	33188.97680121
8357.0	33190.65537701
8357.5	33191.76841213
8358.0	33193.19434877
8358.5	33194.72509065
8359.0	33195.91903421
8359.5	33196.19844594
8360.0	33196.89242983
8360.5	33197.15749974
8361.0	33198.87188228
8361.5	33200.66294034
8362.0	33203.50609381
8362.5	33207.68735123
8363.0	33210.80360605
8363.5	33214.13849881
8364.0	33217.11962613
8364.5	33220.96854813
8365.0	33224.58794267
8365.5	33228.26804487
8366.0	33231.25756369
8366.5	33233.98722851
8367.0	33236.43758366
8367.5	33239.33588382
8368.0	33242.44971941
8368.5	33245.27403383
8369.0	33248.44965087
8369.5	33251.37189126
8370.0	33253.45874463
8370.5	33255.70443998
8371.0	33257.64163499
8371.5	33259.33910543
8372.0	33259.90378684
8372.5	33259.79077848
8373.0	33259.57342596
8373.5	33258.55092013
8374.0	33258.36611812
8374.5	33257.46411073
8375.0	33257.54508542
8375.5	33257.81990231
8376.0	33258.93939145
8376.5	33261.40875572
8377.0	33262.79083691
8377.5	33263.49303789
8378.0	33263.57902636
8378.5	33264.21004349
8379.0	33264.94854402
8379.5	33266.78785543
8380.0	33268.21613481
8380.5	33270.66226765
8381.0	33273.60494322
8381.5	33277.19356154
8382.0	33280.07417882
8382.5	33282.64742192
8383.0	33284.40406997
8383.5	33284.57925034
8384.0	33283.91990233
8384.5	33283.34069397
8385.0	33282.43665333
8385.5	33282.06953215
8386.0	33281.81587185
8386.5	33282.68499615
8387.0	33283.9270789
8387.5	33285.2060385
8388.0	33286.70433447
8388.5	33286.81096286
8389.0	33285.80107297
8389.5	33283.98682468
8390.0	33282.45734294
8390.5	33281.12592487
8391.0	33280.42885642
8391.5	33279.92973771
8392.0	33279.91666813
8392.5	33280.76621631
8393.0	33282.40867941
8393.5	33283.45539831
8394.0	33284.07219026
8394.5	33284.97977929
8395.0	33286.42417296
8395.5	33289.60761515
8396.0	33291.85804765
8396.5	33293.27093131
8397.0	33292.85475205
8397.5	33291.98282928
8398.0	33290.99080417
8398.5	33290.34019421
8399.0	33290.3777386
8399.5	33290.33592432
8400.0	33290.72500914
8400.5	33289.99727313
8401.0	33290.28873363
8401.5	33290.4020011
8402.0	33290.70777412
8402.5	33291.43214654
8403.0	33292.35483609
8403.5	33293.10939612
8404.0	33293.47345021
8404.5	33293.55886455
8405.0	33294.20629499
8405.5	33295.25993871
8406.0	33297.60631626
8406.5	33300.89875237
8407.0	33304.61020571
8407.5	33308.33558234
8408.0	33311.35926205
8408.5	33313.05262102
8409.0	33313.84622383
8409.5	33314.22602887
8410.0	33314.65705673
8410.5	33315.96545098
8411.0	33317.3932278
8411.5	33319.249855
8412.0	33321.10518505
8412.5	33324.14735971
8413.0	33327.92951966
8413.5	33331.60204316
8414.0	33333.63348695
8414.5	33334.64987362
8415.0	33335.68483931
8415.5	33337.28683855
8416.0	33339.90337165
8416.5	33342.84052859
8417.0	33346.17711203
8417.5	33348.16046941
8418.0	33349.70178238
8418.5	33350.85699956
8419.0	33351.24968403
8419.5	33352.75549102
8420.0	33353.94286662
8420.5	33355.50127715
8421.0	33356.6108502
8421.5	33357.56482765
8422.0	33357.48308982
8422.5	33355.74997143
8423.0	33353.06478863
8423.5	33350.52028659
8424.0	33347.81853207
8424.5	33346.23116834
8425.0	33345.17446944
8425.5	33344.98124573
8426.0	33344.70667542
8426.5	33344.26445906
8427.0	33343.75524268
8427.5	33344.72242329
8428.0	33345.35837325
8428.5	33346.22201255
8429.0	33347.18804117
8429.5	33348.17938431
8430.0	33350.73139972
8430.5	33352.91665315
8431.0	33355.45278035
8431.5	33357.34885341
8432.0	33359.17039904
8432.5	33361.3380291
8433.0	33364.13091294
8433.5	33366.24654561
8434.0	33368.16046748
8434.5	33369.77978529
8435.0	33370.87929024
8435.5	33371.18502556
8436.0	33371.6168891
8436.5	33371.35882582
8437.0	33371.83256398
8437.5	33373.52354118
8438.0	33376.10837998
8438.5	33378.93427195
8439.0	33380.70413116
8439.5	33382.94624274
8440.0	33384.31529388
8440.5	33386.20088145
8441.0	33388.30018404
8441.5	33390.6820135
8442.0	33392.59082374
8442.5	33393.17048193
8443.0	33393.75832483
8443.5	33392.95762509
8444.0	33392.47554256
8444.5	33392.22392915
8445.0	33391.273653
8445.5	33390.8918908
8446.0	33390.83355891
8446.5	33391.94420698
8447.0	33393.83200144
8447.5	33396.2002083
8448.0	33398.68224905
8448.5	33401.20693551
8449.0	33402.92587163
8449.5	33404.94813483
8450.0	33406.85132667
8450.5	33408.29995924
8451.0	33410.32731029
8451.5	33412.451446
8452.0	33414.26391812
8452.5	33414.84824489
8453.0	33414.51308928
8453.5	33414.13955434
8454.0	33414.42905361
8454.5	33415.7920287
8455.0	33418.03874634
8455.5	33419.95982347
8456.0	33421.51688423
8456.5	33422.03620223
8457.0	33422.78184144
8457.5	33423.18355763
8458.0	33423.71014566
8458.5	33423.74519268
8459.0	33424.18352327
8459.5	33425.30473087
8460.0	33427.83431208
8460.5	33429.85233494
8461.0	33431.66341849
8461.5	33432.07612751
8462.0	33432.00576317
8462.5	33431.2731942
8463.0	33431.60318491
8463.5	33432.04324511
8464.0	33433.63182239
8464.5	33435.54370151
8465.0	33437.65951426
8465.5	33437.9528918
8466.0	33437.74958979
8466.5	33438.02562658
8467.0	33438.33397088
8467.5	33439.09650826
8468.0	33439.67641407
8468.5	33440.91078564
8469.0	33440.79269903
8469.5	33441.28810521
8470.0	33442.05170638
8470.5	33443.043126
8471.0	33443.18817834
8471.5	33443.78239942
8472.0	33444.78909589
8472.5	33446.79781129
8473.0	33448.06047578
8473.5	33448.82650574
8474.0	33449.69008948
8474.5	33449.23075596
8475.0	33448.22687334
8475.5	33447.45265516
8476.0	33446.58920734
8476.5	33446.50271454
8477.0	33447.7631256
8477.5	33447.9957106
8478.0	33448.38192133
8478.5	33450.94434577
8479.0	33454.01270121
8479.5	33458.81035892
8480.0	33463.96777508
8480.5	33468.38020699
8481.0	33471.66723686
8481.5	33474.52080269
8482.0	33476.29239173
8482.5	33477.67818685
8483.0	33477.64703319
8483.5	33476.70253592
8484.0	33474.18639429
8484.5	33472.57671098
8485.0	33471.66360576
8485.5	33472.55582137
8486.0	33474.46158921
8486.5	33476.34837577
8487.0	33477.01899751
8487.5	33476.56983637
8488.0	33476.04293878
8488.5	33475.32783037
8489.0	33475.59623629
8489.5	33477.71158728
8490.0	33480.40322833
8490.5	33483.42475399
8491.0	33486.15604937
8491.5	33487.69079762
8492.0	33488.76957272
8492.5	33488.82776534
8493.0	33488.587854
8493.5	33488.28641656
8494.0	33488.18694054
8494.5	33488.78788191
8495.0	33490.00971462
8495.5	33491.36605529
8496.0	33492.61946588
8496.5	33493.25956232
8497.0	33492.46319835
8497.5	33491.39938837
8498.0	33490.81202862
8498.5	33491.3758259
8499.0	33492.64397068
8499.5	33495.39772681
8500.0	33497.72117021
8500.5	33500.32226657
8501.0	33502.14020568
8501.5	33504.68941372
8502.0	33507.66776006
8502.5	33510.3656307
8503.0	33511.88927653
8503.5	33513.17703909
8504.0	33513.55297846
8504.5	33513.47508177
8505.0	33513.12664609
8505.5	33512.77643212
8506.0	33513.10306592
8506.5	33513.64331974
8507.0	33514.55432266
8507.5	33515.30849236
8508.0	33516.39341286
8508.5	33516.8840946
8509.0	33516.7919624
8509.5	33516.61680163
8510.0	33516.90460231
8510.5	33517.33654478
8511.0	33518.17503469
8511.5	33518.68139588
8512.0	33516.75374761
8512.5	33511.74937078
8513.0	33501.27325231
8513.5	33481.29134896
8514.0	33450.83934343
8514.5	33411.94842049
8515.0	33376.72149058
8515.5	33355.0062385
8516.0	33344.83923067
8516.5	33338.20553533
8517.0	33334.36990029
8517.5	33333.20430914
8518.0	33334.02277186
8518.5	33334.03358656
8519.0	33334.40813217
8519.5	33335.9272252
8520.0	33337.11443366
8520.5	33338.33523165
8521.0	33340.95499633
8521.5	33342.15962561
8522.0	33343.81851649
8522.5	33348.20750531
8523.0	33352.26751362
8523.5	33354.83570076
8524.0	33354.66670203
8524.5	33354.32564955
8525.0	33354.1749625
8525.5	33355.62653931
8526.0	33358.6246878
8526.5	33364.440927
8527.0	33372.7012872
8527.5	33379.91081779
8528.0	33382.91952681
8528.5	33383.66120562
8529.0	33382.7018333
8529.5	33380.95155669
8530.0	33378.56792345
8530.5	33378.30338696
8531.0	33380.53473448
8531.5	33382.07334458
8532.0	33379.83959211
8532.5	33376.8598432
8533.0	33378.84046577
8533.5	33384.79365959
8534.0	33388.91625969
8534.5	33390.46961682
8535.0	33392.48999141
8535.5	33393.90440836
8536.0	33394.06904177
8536.5	33391.44051077
8537.0	33384.15418757
8537.5	33378.4156339
8538.0	33379.13803014
8538.5	33387.03215067
8539.0	33396.78149149
8539.5	33402.55094433
8540.0	33402.89088519
8540.5	33401.38205896
8541.0	33400.6866893
8541.5	33401.48141967
8542.0	33405.11591189
8542.5	33408.86197807
8543.0	33412.91569458
8543.5	33415.71795424
8544.0	33415.11941403
8544.5	33413.13200145
8545.0	33412.20245959
8545.5	33412.32957558
8546.0	33412.8118341
8546.5	33414.1045271
8547.0	33414.92809227
8547.5	33417.19618897
8548.0	33422.26372188
8548.5	33426.45414162
8549.0	33429.76628413
8549.5	33434.11316216
8550.0	33437.90803438
8550.5	33436.80204761
8551.0	33432.32805353
8551.5	33427.6412648
8552.0	33427.15174793
8552.5	33429.2724395
8553.0	33432.29350797
8553.5	33433.9059521
8554.0	33434.68276943
8554.5	33435.36670836
8555.0	33436.67428648
8555.5	33437.82835244
8556.0	33440.09301842
8556.5	33443.15932995
8557.0	33446.89587123
8557.5	33448.95046256
8558.0	33447.16402359
8558.5	33443.61295827
8559.0	33439.7979792
8559.5	33437.8543886
8560.0	33439.03647325
8560.5	33442.41914669
8561.0	33446.25952193
8561.5	33449.20295147
8562.0	33450.00989548
8562.5	33450.16094163
8563.0	33449.04024773
8563.5	33448.55471943
8564.0	33449.01277952
8564.5	33452.61637464
8565.0	33456.39417551
8565.5	33458.18746369
8566.0	33456.75670987
8566.5	33454.39303648
8567.0	33453.33787487
8567.5	33455.44486386
8568.0	33459.16666927
8568.5	33462.66619512
8569.0	33467.08175135
8569.5	33472.2013049
8570.0	33477.42593243
8570.5	33483.43884474
8571.0	33490.99653676
8571.5	33497.02112935
8572.0	33500.77238843
8572.5	33502.71321009
8573.0	33503.26294447
8573.5	33501.79269701
8574.0	33501.71447855
8574.5	33503.40772684
8575.0	33505.07379435
8575.5	33505.7686947
8576.0	33506.2830948
8576.5	33508.50336402
8577.0	33512.72178148
8577.5	33519.09840491
8578.0	33524.14925485
8578.5	33526.75398308
8579.0	33527.48030328
8579.5	33528.13311405
8580.0	33529.7699832
8580.5	33531.24968176
8581.0	33533.75276681
8581.5	33536.02214527
8582.0	33536.05445444
8582.5	33535.04756727
8583.0	33532.19105289
8583.5	33529.96428546
8584.0	33527.55453219
8584.5	33525.65613154
8585.0	33524.561719
8585.5	33521.83646022
8586.0	33519.45697889
8586.5	33517.52374873
8587.0	33516.48842172
8587.5	33516.69215045
8588.0	33518.42368645
8588.5	33523.44762836
8589.0	33529.42097825
8589.5	33534.08699917
8590.0	33536.36851121
8590.5	33535.22186873
8591.0	33532.22198032
8591.5	33528.94094781
8592.0	33526.42559073
8592.5	33525.17749472
8593.0	33526.52131834
8593.5	33528.51023463
8594.0	33529.45603319
8594.5	33530.01222491
8595.0	33530.26152089
8595.5	33529.789392
8596.0	33527.75220114
8596.5	33525.93269386
8597.0	33524.92797124
8597.5	33524.13137227
8598.0	33526.72349641
8598.5	33531.03351243
8599.0	33535.48953401
8599.5	33538.92581285
8600.0	33539.25155094
8600.5	33536.21837878
8601.0	33533.16019737
8601.5	33532.6466745
8602.0	33534.95366888
8602.5	33539.69885025
8603.0	33547.33612843
8603.5	33554.79411773
8604.0	33558.82296873
8604.5	33559.94441735
8605.0	33559.31756582
8605.5	33559.42365078
8606.0	33561.22063263
8606.5	33563.63398466
8607.0	33565.36500439
8607.5	33566.31008756
8608.0	33568.42462751
8608.5	33570.18208452
8609.0	33571.10074729
8609.5	33571.67014226
8610.0	33573.37757641
8610.5	33575.89804832
8611.0	33578.35615393
8611.5	33578.60491346
8612.0	33578.74766634
8612.5	33578.04260546
8613.0	33576.56055413
8613.5	33577.05286278
8614.0	33578.36665642
8614.5	33577.7242585
8615.0	33575.09393046
8615.5	33571.18564186
8616.0	33569.79241108
8616.5	33568.67402481
8617.0	33567.73067658
8617.5	33566.3470263
8618.0	33565.43147862
8618.5	33562.65710448
8619.0	33557.32353457
8619.5	33548.16319461
8620.0	33534.06979286
8620.5	33511.20093934
8621.0	33468.83779978
8621.5	33380.55642495
8622.0	33234.86342684
8622.5	33039.62660029
8623.0	32811.14884683
8623.5	32765.18135775
8624.0	32831.5256927
8624.5	32870.04614809
8625.0	33015.7089981
8625.5	33260.21091835
8626.0	33461.72096929
8626.5	33550.2955161
8627.0	33584.17072283
8627.5	33599.74911699
8628.0	33607.42033204
8628.5	33611.21919022
8629.0	33612.93432494
8629.5	33616.52095251
8630.0	33621.6192647
8630.5	33626.31047654
8631.0	33629.52853379
8631.5	33629.96516342
8632.0	33628.47382438
8632.5	33627.04169376
8633.0	33626.21803556
8633.5	33627.07716013
8634.0	33629.64934804
8634.5	33632.54102886
8635.0	33636.69396441
8635.5	33640.95027244
8636.0	33644.79546608
8636.5	33646.24817924
8637.0	33644.06978564
8637.5	33641.02004941
8638.0	33639.50729534
8638.5	33640.47092822
8639.0	33642.28090603
8639.5	33642.99919878
8640.0	33641.86014575
8640.5	33639.24489844
8641.0	33637.04604676
8641.5	33636.37848487
8642.0	33637.13916928
8642.5	33638.93752951
8643.0	33639.72139596
8643.5	33638.69959978
8644.0	33637.59817701
8644.5	33638.36052575
8645.0	33641.94210674
8645.5	33646.08726293
8646.0	33648.62191828
8646.5	33650.41120631
8647.0	33652.06201137
8647.5	33654.62482641
8648.0	33656.71722332
8648.5	33658.8316386
8649.0	33659.98557826
8649.5	33661.85745905
8650.0	33664.59684081
8650.5	33667.71887914
8651.0	33670.72503814
8651.5	33672.26648825
8652.0	33672.58153634
8652.5	33672.44459478
8653.0	33672.52093777
8653.5	33673.85893167
8654.0	33676.07906504
8654.5	33678.66196458
8655.0	33681.09569865
8655.5	33682.8767967
8656.0	33684.48794187
8656.5	33684.17252931
8657.0	33685.47729152
8657.5	33687.31811164
8658.0	33688.24609498
8658.5	33687.42831963
8659.0	33686.23475079
8659.5	33686.14328727
8660.0	33686.03967915
8660.5	33686.23104757
8661.0	33687.20023834
8661.5	33688.22909543
8662.0	33689.55299656
8662.5	33690.27007118
8663.0	33689.59627824
8663.5	33687.55251978
8664.0	33684.76918238
8664.5	33682.48137587
8665.0	33681.05607743
8665.5	33682.14138628
8666.0	33683.34597892
8666.5	33684.50038083
8667.0	33684.66704268
8667.5	33685.46534724
8668.0	33687.21743355
8668.5	33689.74725652
8669.0	33691.67580752
8669.5	33694.84469401
8670.0	33696.88200325
8670.5	33696.82979091
8671.0	33695.45939129
8671.5	33695.0184295
8672.0	33696.71200783
8672.5	33699.24884334
8673.0	33700.69967986
8673.5	33700.28804704
8674.0	33698.21481942
8674.5	33697.17324749
8675.0	33697.06941729
8675.5	33698.5361151
8676.0	33700.48954102
8676.5	33701.96714022
8677.0	33704.09977976
8677.5	33707.39530162
8678.0	33711.15689319
8678.5	33711.93913235
8679.0	33711.12459105
8679.5	33710.13250885
8680.0	33709.8651967
8680.5	33711.59739906
8681.0	33713.79158392
8681.5	33716.25760514
8682.0	33718.26054375
8682.5	33718.46261836
8683.0	33717.00733591
8683.5	33714.44961202
8684.0	33712.44737417
8684.5	33711.84838086
8685.0	33710.59935271
8685.5	33710.40498627
8686.0	33709.32740212
8686.5	33708.85022647
8687.0	33707.54755496
8687.5	33706.62703745
8688.0	33706.18561216
8688.5	33707.59850536
8689.0	33708.30508392
8689.5	33710.48114289
8690.0	33712.79918607
8690.5	33713.4681743
8691.0	33713.7628764
8691.5	33713.14645609
8692.0	33714.24312126
8692.5	33716.2028299
8693.0	33719.31948523
8693.5	33722.74478714
8694.0	33725.78197124
8694.5	33727.81035046
8695.0	33728.95673365
8695.5	33728.17096007
8696.0	33721.45589702
8696.5	33706.61095527
8697.0	33683.56823488
8697.5	33654.96234433
8698.0	33632.42833905
8698.5	33623.49563694
8699.0	33630.14833873
8699.5	33641.69520006
8700.0	33654.03670925
8700.5	33669.17479588
8701.0	33685.49550756
8701.5	33699.01032236
8702.0	33708.05075222
8702.5	33712.21539946
8703.0	33712.91584504
8703.5	33709.05057634
8704.0	33701.06364042
8704.5	33686.00848797
8705.0	33664.4556362
8705.5	33645.64244795
8706.0	33637.5645326
8706.5	33642.45777238
8707.0	33651.31088218
8707.5	33661.20446703
8708.0	33673.34067194
8708.5	33686.96495687
8709.0	33700.77331722
8709.5	33710.55365547
8710.0	33715.67359088
8710.5	33720.22501963
8711.0	33724.29939357
8711.5	33727.29815865
8712.0	33730.12873508
8712.5	33731.02519037
8713.0	33731.63339044
8713.5	33732.90874262
8714.0	33735.50529589
8714.5	33738.47609295
8715.0	33741.68093415
8715.5	33743.67366499
8716.0	33744.49474994
8716.5	33744.78730852
8717.0	33745.95396071
8717.5	33749.41822534
8718.0	33751.98742665
8718.5	33753.13358755
8719.0	33753.92306678
8719.5	33753.65632327
8720.0	33752.89818152
8720.5	33751.35111614
8721.0	33749.34699535
8721.5	33748.17788339
8722.0	33748.94958411
8722.5	33750.06155227
8723.0	33752.4095573
8723.5	33754.4642731
8724.0	33756.09110301
8724.5	33755.83060376
8725.0	33756.12947717
8725.5	33756.61043696
8726.0	33757.89390223
8726.5	33759.26616007
8727.0	33760.26683414
8727.5	33760.70671047
8728.0	33761.33534183
8728.5	33761.00827676
8729.0	33759.24414924
8729.5	33757.95243201
8730.0	33757.86138851
8730.5	33758.23051376
8731.0	33760.34950308
8731.5	33764.99048814
8732.0	33770.95853051
8732.5	33777.07432792
8733.0	33780.52179751
8733.5	33781.61683793
8734.0	33781.53653207
8734.5	33781.36191604
8735.0	33780.2952142
8735.5	33780.35985766
8736.0	33781.31671622
8736.5	33783.56599105
8737.0	33786.06938689
8737.5	33788.23619245
8738.0	33789.8026624
8738.5	33790.99591055
8739.0	33790.02749657
8739.5	33787.51962838
8740.0	33784.03731757
8740.5	33780.81766848
8741.0	33779.30384429
8741.5	33779.25464852
8742.0	33779.08728347
8742.5	33778.84271452
8743.0	33778.56670521
8743.5	33780.71633002
8744.0	33783.4255767
8744.5	33785.01671612
8745.0	33785.12780752
8745.5	33783.70462322
8746.0	33780.76268781
8746.5	33777.92019667
8747.0	33776.3383927
8747.5	33775.72160438
8748.0	33775.16486914
8748.5	33776.82826054
8749.0	33779.63027866
8749.5	33781.82528208
8750.0	33781.91796452
8750.5	33780.60027018
8751.0	33780.04829457
8751.5	33779.90062447
8752.0	33780.70510928
8752.5	33783.00595391
8753.0	33785.79382985
8753.5	33787.80086996
8754.0	33788.91832726
8754.5	33788.40854927
8755.0	33788.05572096
8755.5	33788.29738816
8756.0	33788.29532104
8756.5	33787.57765334
8757.0	33786.05073882
8757.5	33785.08794595
8758.0	33784.65291867
8758.5	33785.78289377
8759.0	33788.25938582
8759.5	33792.17266623
8760.0	33796.66145948
8760.5	33800.34006862
8761.0	33803.29415096
8761.5	33804.94228281
8762.0	33805.88550331
8762.5	33806.16137818
8763.0	33806.68671143
8763.5	33806.5334864
8764.0	33806.56234375
8764.5	33806.07044517
8765.0	33805.52871634
8765.5	33804.92249198
8766.0	33805.13615159
8766.5	33805.14237312
8767.0	33806.14633158
8767.5	33807.53065338
8768.0	33809.02217482
8768.5	33808.76461897
8769.0	33808.29873461
8769.5	33808.84998573
8770.0	33809.35503562
8770.5	33809.05387929
8771.0	33808.66875841
8771.5	33808.05573215
8772.0	33808.66913629
8772.5	33810.87995923
8773.0	33813.45177203
8773.5	33815.38243661
8774.0	33816.17438061
8774.5	33816.09379708
8775.0	33815.62407851
8775.5	33814.38783753
8776.0	33813.1092329
8776.5	33811.82633061
8777.0	33810.5720599
8777.5	33809.37846178
8778.0	33808.02234576
8778.5	33806.89069433
8779.0	33807.50125318
8779.5	33809.30501137
8780.0	33810.68291814
8780.5	33812.04093373
8781.0	33813.15105849
8781.5	33813.72942899
8782.0	33812.8324284
8782.5	33811.43795975
8783.0	33809.50549351
8783.5	33807.41991098
8784.0	33806.02456343
8784.5	33805.25134756
8785.0	33804.75857879
8785.5	33803.11017878
8786.0	33802.12333877
8786.5	33799.960893
8787.0	33797.68111551
8787.5	33796.7898926
8788.0	33797.37609028
8788.5	33799.04776065
8789.0	33800.32352464
8789.5	33802.65534417
8790.0	33804.71119912
8790.5	33807.33715412
8791.0	33810.5476236
8791.5	33813.02614507
8792.0	33813.6060813
8792.5	33813.58421666
8793.0	33811.95377383
8793.5	33809.8031281
8794.0	33807.58447532
8794.5	33806.0863994
8795.0	33804.31316277
8795.5	33802.3569955
8796.0	33801.22622175
8796.5	33800.36914042
8797.0	33799.03248447
8797.5	33797.74895338
8798.0	33795.26648141
8798.5	33793.08121861
8799.0	33792.2169645
8799.5	33792.85000917
8800.0	33793.50649149
8800.5	33795.22395758
8801.0	33796.61551683
8801.5	33797.11526183
8802.0	33798.1780143
8802.5	33799.77813648
8803.0	33801.48745943
8803.5	33802.37551773
8804.0	33803.1958982
8804.5	33803.65528758
8805.0	33804.30018753
8805.5	33804.86021838
8806.0	33805.66533122
8806.5	33806.61199456
8807.0	33806.94173503
8807.5	33807.0178082
8808.0	33807.31244133
8808.5	33807.12578753
8809.0	33807.1055808
8809.5	33806.56983155
8810.0	33806.25608699
8810.5	33805.15502614
8811.0	33803.82859759
8811.5	33801.70741284
8812.0	33799.31538598
8812.5	33799.08011742
8813.0	33801.06906436
8813.5	33803.08459906
8814.0	33804.49474249
8814.5	33805.20759866
8815.0	33806.73850881
8815.5	33808.91873789
8816.0	33810.37606222
8816.5	33810.54070248
8817.0	33809.73019814
8817.5	33808.51258254
8818.0	33807.44800466
8818.5	33806.0071124
8819.0	33804.29174483
8819.5	33801.10630975
8820.0	33798.04195688
8820.5	33795.48959663
8821.0	33792.13222807
8821.5	33788.3094592
8822.0	33783.29694449
8822.5	33778.37496162
8823.0	33774.1562977
8823.5	33769.52970814
8824.0	33763.64532921
8824.5	33756.55051357
8825.0	33748.4031939
8825.5	33738.77162032
8826.0	33728.96750421
8826.5	33716.38970833
8827.0	33699.22258762
8827.5	33674.61103626
8828.0	33637.41436863
8828.5	33584.05285657
8829.0	33499.6835972
8829.5	33355.88140956
8830.0	33120.38742792
8830.5	32798.92995258
8831.0	32424.56718351
8831.5	32141.34871785
8832.0	32190.30795917
8832.5	32406.49692055
8833.0	32531.78043986
8833.5	32458.69248729
8834.0	32394.02216005
8834.5	32637.72315899
8835.0	33079.99378983
8835.5	33463.30269221
8836.0	33676.99527094
8836.5	33772.68025435
8837.0	33812.82391431
8837.5	33832.15255971
8838.0	33843.42661072
8838.5	33849.84683685
8839.0	33853.13559107
8839.5	33854.65122237
8840.0	33855.14135042
8840.5	33855.11868751
8841.0	33854.7054782
8841.5	33854.30064374
8842.0	33855.42336694
8842.5	33857.14341039
8843.0	33858.08664429
8843.5	33858.14139873
8844.0	33856.6616394
8844.5	33854.18113818
8845.0	33852.28433631
8845.5	33850.95340076
8846.0	33850.92357148
8846.5	33852.14644459
8847.0	33854.16599641
8847.5	33855.82994536
8848.0	33858.23576159
8848.5	33861.46172763
8849.0	33862.81452226
8849.5	33862.27502809
8850.0	33860.14688404
8850.5	33858.46638759
8851.0	33856.67519764
8851.5	33855.07542968
8852.0	33853.96258807
8852.5	33852.76184807
8853.0	33852.11221043
8853.5	33853.10416892
8854.0	33854.36601072
8854.5	33854.46660993
8855.0	33853.93482806
8855.5	33852.26018363
8856.0	33850.6980129
8856.5	33849.15857642
8857.0	33847.55853782
8857.5	33847.52443025
8858.0	33849.59796073
8858.5	33852.32743453
8859.0	33856.50454901
8859.5	33861.61412288
8860.0	33866.3288189
8860.5	33871.01927107
8861.0	33873.67121743
8861.5	33874.97985405
8862.0	33874.15287679
8862.5	33871.44074301
8863.0	33868.86735685
8863.5	33867.16586972
8864.0	33866.54197134
8864.5	33866.34732504
8865.0	33866.57874847
8865.5	33865.67678406
8866.0	33864.98074744
8866.5	33864.52289118
8867.0	33864.07926542
8867.5	33864.03951643
8868.0	33864.56092734
8868.5	33865.14483469
8869.0	33866.55444864
8869.5	33867.5959609
8870.0	33869.69801799
8870.5	33871.13434872
8871.0	33872.17443206
8871.5	33873.65562851
8872.0	33875.40829453
8872.5	33876.88778919
8873.0	33878.43582528
8873.5	33878.72266114
8874.0	33878.53538116
8874.5	33877.53375704
8875.0	33876.76528668
8875.5	33875.58981513
8876.0	33873.89666926
8876.5	33872.29580253
8877.0	33869.93636344
8877.5	33868.38577502
8878.0	33867.65128832
8878.5	33869.25882571
8879.0	33871.21265516
8879.5	33872.60147832
8880.0	33873.82928171
8880.5	33873.68087888
8881.0	33873.49058212
8881.5	33872.54874863
8882.0	33870.21154218
8882.5	33868.52331343
8883.0	33866.94753125
8883.5	33866.99545569
8884.0	33867.20656665
8884.5	33867.36734153
8885.0	33868.8669968
8885.5	33870.48631709
8886.0	33872.78096163
8886.5	33875.02681723
8887.0	33875.95447389
8887.5	33877.01802203
8888.0	33877.59959556
8888.5	33877.4140724
8889.0	33877.42092098
8889.5	33878.05650893
8890.0	33877.7446163
8890.5	33876.83692126
8891.0	33875.82674336
8891.5	33875.34904796
8892.0	33874.61361586
8892.5	33874.572375
8893.0	33874.81814247
8893.5	33876.10046764
8894.0	33877.52633633
8894.5	33878.74575226
8895.0	33878.79313112
8895.5	33877.8553925
8896.0	33876.96156168
8896.5	33876.51762619
8897.0	33876.83961365
8897.5	33877.31024949
8898.0	33877.66967161
8898.5	33877.13947277
8899.0	33877.511072
8899.5	33877.84257019
8900.0	33879.63918771
8900.5	33881.68293129
8901.0	33883.55764151
8901.5	33883.12615602
8902.0	33881.88577923
8902.5	33880.0288969
8903.0	33878.06818081
8903.5	33876.01439717
8904.0	33874.33433767
8904.5	33873.73503588
8905.0	33873.18825999
8905.5	33873.76774083
8906.0	33874.73316305
8906.5	33875.13863898
8907.0	33874.51318574
8907.5	33873.90363594
8908.0	33874.4445937
8908.5	33875.53577186
8909.0	33877.74916169
8909.5	33879.82785588
8910.0	33882.30023766
8910.5	33884.00836388
8911.0	33885.09118445
8911.5	33884.23487742
8912.0	33884.60266451
8912.5	33883.09311915
8913.0	33882.08665059
8913.5	33880.79104049
8914.0	33880.40768167
8914.5	33879.45074868
8915.0	33878.4109934
8915.5	33877.21804724
8916.0	33875.97226655
8916.5	33875.92060805
8917.0	33876.06567378
8917.5	33876.72868533
8918.0	33877.34500112
8918.5	33878.5921527
8919.0	33879.02830006
8919.5	33879.97680698
8920.0	33879.87901936
8920.5	33880.44645837
8921.0	33880.82185311
8921.5	33880.54810264
8922.0	33880.85909809
8922.5	33880.01274334
8923.0	33878.9822162
8923.5	33878.64729473
8924.0	33879.35934078
8924.5	33879.96665386
8925.0	33880.70692158
8925.5	33881.35073422
8926.0	33881.23621261
8926.5	33880.52313379
8927.0	33878.58364793
8927.5	33876.99006744
8928.0	33876.89770508
8928.5	33878.60578391
8929.0	33880.10615515
8929.5	33880.78419336
8930.0	33880.81206345
8930.5	33881.48371968
8931.0	33881.94241263
8931.5	33881.72161047
8932.0	33880.8896375
8932.5	33880.17814999
8933.0	33879.00148125
8933.5	33878.40293475
8934.0	33876.94973672
8934.5	33871.72028095
8935.0	33859.38228045
8935.5	33832.19089492
8936.0	33782.84521264
8936.5	33707.82831127
8937.0	33627.71617311
8937.5	33577.27993526
8938.0	33569.93192392
8938.5	33604.05691611
8939.0	33643.59179892
8939.5	33719.61581379
8940.0	33787.71103716
8940.5	33821.22246803
8941.0	33836.31875315
8941.5	33844.43799486
8942.0	33851.08997702
8942.5	33856.60516763
8943.0	33861.63399093
8943.5	33865.44933787
8944.0	33869.41047025
8944.5	33872.92455277
8945.0	33875.64813581
8945.5	33877.51994817
8946.0	33877.79817556
8946.5	33877.86590464
8947.0	33878.05658395
8947.5	33877.86211092
8948.0	33877.5048011
8948.5	33876.85266693
8949.0	33875.50730138
8949.5	33873.92329848
8950.0	33872.5809552
8950.5	33871.76551615
8951.0	33870.60804657
8951.5	33869.98134549
8952.0	33870.24714626
8952.5	33872.43337657
8953.0	33874.73589251
8953.5	33877.66017197
8954.0	33877.55013483
8954.5	33877.3479147
8955.0	33874.6932979
8955.5	33872.46197869
8956.0	33870.70811175
8956.5	33869.71671519
8957.0	33869.31705524
8957.5	33868.84643803
8958.0	33867.58100361
8958.5	33866.31849334
8959.0	33865.0649489
8959.5	33865.26199824
8960.0	33865.82040397
8960.5	33866.69323834
8961.0	33866.90643415
8961.5	33867.03077229
8962.0	33867.05796528
8962.5	33867.52659301
8963.0	33868.41827052
8963.5	33870.30734561
8964.0	33872.91840869
8964.5	33874.57874985
8965.0	33875.40988168
8965.5	33875.76103815
8966.0	33874.57043808
8966.5	33873.45102794
8967.0	33872.41874069
8967.5	33871.76285609
8968.0	33870.73203739
8968.5	33869.65542632
8969.0	33869.10088313
8969.5	33870.12038456
8970.0	33871.5559761
8970.5	33873.82846555
8971.0	33875.20809027
8971.5	33875.39567189
8972.0	33875.17537505
8972.5	33875.240546
8973.0	33874.74255696
8973.5	33873.68992283
8974.0	33872.99005107
8974.5	33872.87624145
8975.0	33872.33695068
8975.5	33871.32835048
8976.0	33870.04428648
8976.5	33868.9567426
8977.0	33867.6491193
8977.5	33866.13237286
8978.0	33864.53630708
8978.5	33863.45786765
8979.0	33861.79053434
8979.5	33860.75889167
8980.0	33859.34562884
8980.5	33856.88899603
8981.0	33854.12385326
8981.5	33852.12809078
8982.0	33851.26540686
8982.5	33851.13274113
8983.0	33851.09413203
8983.5	33850.26526215
8984.0	33849.13921061
8984.5	33848.24851573
8985.0	33848.67006652
8985.5	33849.40920092
8986.0	33850.18008658
8986.5	33851.51486546
8987.0	33852.6070764
8987.5	33852.63068372
8988.0	33852.52469733
8988.5	33851.39677018
8989.0	33849.42735946
8989.5	33846.92322005
8990.0	33843.86712844
8990.5	33840.75604394
8991.0	33838.96704205
8991.5	33837.65300748
8992.0	33836.60536593
8992.5	33835.61851684
8993.0	33834.75577072
8993.5	33834.42506687
8994.0	33834.77826803
8994.5	33835.95336616
8995.0	33836.67532886
8995.5	33837.39009455
8996.0	33838.16188064
8996.5	33837.57747241
8997.0	33835.79723635
8997.5	33833.72445742
8998.0	33831.85771652
8998.5	33831.79977831
8999.0	33831.72572581
8999.5	33832.18848916
9000.0	33833.09701359
9000.5	33833.63577683
9001.0	33834.43386486
9001.5	33834.67125239
9002.0	33835.01634612
9002.5	33836.10178129
9003.0	33837.22793084
9003.5	33838.07648575
9004.0	33838.96146862
9004.5	33838.21210409
9005.0	33837.32423227
9005.5	33837.045111
9006.0	33838.01128703
9006.5	33839.40091654
9007.0	33839.47946431
9007.5	33839.88307967
9008.0	33839.0079444
9008.5	33839.02975582
9009.0	33837.59655097
9009.5	33836.58791135
9010.0	33836.37900421
9010.5	33835.70786028
9011.0	33834.66705135
9011.5	33833.5440248
9012.0	33833.73680856
9012.5	33833.83071028
9013.0	33833.68534288
9013.5	33832.96924145
9014.0	33831.92586086
9014.5	33830.87977253
9015.0	33829.70956111
9015.5	33828.85681611
9016.0	33827.37820039
9016.5	33826.26162388
9017.0	33826.34447573
9017.5	33826.6076723
9018.0	33828.76085838
9018.5	33829.95965499
9019.0	33831.545556
9019.5	33832.11054268
9020.0	33832.7144593
9020.5	33832.67765272
9021.0	33832.9293184
9021.5	33833.68814613
9022.0	33834.60487748
9022.5	33834.29836534
9023.0	33833.42083743
9023.5	33831.31715083
9024.0	33829.32946445
9024.5	33827.67726982
9025.0	33826.81251079
9025.5	33826.99580246
9026.0	33828.38434127
9026.5	33830.11958722
9027.0	33830.87104299
9027.5	33831.69572877
9028.0	33832.20654308
9028.5	33832.44737841
9029.0	33832.89955403
9029.5	33833.43360164
9030.0	33833.67700714
9030.5	33833.7035322
9031.0	33832.77231072
9031.5	33830.63076658
9032.0	33828.07443307
9032.5	33826.11496735
9033.0	33825.84580462
9033.5	33826.77300512
9034.0	33827.87286888
9034.5	33829.15209918
9035.0	33830.17188331
9035.5	33831.14328478
9036.0	33830.9503764
9036.5	33830.14978968
9037.0	33828.43016407
9037.5	33827.08841539
9038.0	33824.07851072
9038.5	33821.27838016
9039.0	33818.33082846
9039.5	33816.74177858
9040.0	33815.62214438
9040.5	33815.32890701
9041.0	33815.00288004
9041.5	33813.75608168
9042.0	33812.14355703
9042.5	33812.1710295
9043.0	33813.20367056
9043.5	33814.38875215
9044.0	33816.02507031
9044.5	33816.40322644
9045.0	33816.32001312
9045.5	33816.52193844
9046.0	33816.60571799
9046.5	33817.32575891
9047.0	33816.83046228
9047.5	33815.99096618
9048.0	33814.62653503
9048.5	33812.50316477
9049.0	33810.41374651
9049.5	33809.18115493
9050.0	33810.58160525
9050.5	33812.390859
9051.0	33814.30620314
9051.5	33814.70628151
9052.0	33814.88777566
9052.5	33814.32119418
9053.0	33814.18424559
9053.5	33813.41074873
9054.0	33813.02873067
9054.5	33812.42022728
9055.0	33812.03088334
9055.5	33811.23846892
9056.0	33809.88595953
9056.5	33807.35484605
9057.0	33806.34129281
9057.5	33805.43703055
9058.0	33804.18284536
9058.5	33802.44914583
9059.0	33800.50955045
9059.5	33798.30122272
9060.0	33795.24946315
9060.5	33793.89769154
9061.0	33792.42087077
9061.5	33791.47081545
9062.0	33789.9741047
9062.5	33788.29370069
9063.0	33785.98747798
9063.5	33784.10170028
9064.0	33783.05875984
9064.5	33782.99920047
9065.0	33782.6385128
9065.5	33782.57005146
9066.0	33782.18861976
9066.5	33782.16354773
9067.0	33782.21238536
9067.5	33782.39622667
9068.0	33784.50324978
9068.5	33785.98664173
9069.0	33788.48328337
9069.5	33789.34912796
9070.0	33789.94668887
9070.5	33790.08693709
9071.0	33789.84959651
9071.5	33789.70538547
9072.0	33789.38299809
9072.5	33788.92168526
9073.0	33788.24118469
9073.5	33788.18401424
9074.0	33787.41313382
9074.5	33786.88379526
9075.0	33786.71466428
9075.5	33786.53311094
9076.0	33786.30136547
9076.5	33785.94567337
9077.0	33785.02332827
9077.5	33782.99067659
9078.0	33780.83551501
9078.5	33778.86752363
9079.0	33776.85734318
9079.5	33775.24934304
9080.0	33773.63481257
9080.5	33771.26358802
9081.0	33768.30787989
9081.5	33765.62162894
9082.0	33761.94443505
9082.5	33758.68865497
9083.0	33752.53185455
9083.5	33742.03030299
9084.0	33723.69177064
9084.5	33692.97724366
9085.0	33650.03401462
9085.5	33606.50672056
9086.0	33571.85735868
9086.5	33548.41278115
9087.0	33534.06726798
9087.5	33523.80954548
9088.0	33512.58199609
9088.5	33493.25083205
9089.0	33455.35758741
9089.5	33391.76273189
9090.0	33305.82031331
9090.5	33222.15439255
9091.0	33150.24523831
9091.5	33053.06135394
9092.0	32909.82039373
9092.5	32774.66374826
9093.0	32826.65756975
9093.5	33015.2904275
9094.0	33207.0417918
9094.5	33302.2243635
9095.0	33263.95100463
9095.5	33113.65766898
9096.0	32937.20394108
9096.5	32899.51108949
9097.0	32984.24902094
9097.5	33128.19997052
9098.0	33283.56898566
9098.5	33398.34422472
9099.0	33450.56386979
9099.5	33473.78101865
9100.0	33496.36088499
9100.5	33528.9608987
9101.0	33562.29683198
9101.5	33589.03296961
9102.0	33606.76123574
9102.5	33618.85472084
9103.0	33630.08427394
9103.5	33638.76504343
9104.0	33647.83942588
9104.5	33660.4963776
9105.0	33676.64407633
9105.5	33697.29670542
9106.0	33719.09837463
9106.5	33737.46282248
9107.0	33749.70135615
9107.5	33756.76418203
9108.0	33761.2526256
9108.5	33764.96933246
9109.0	33767.98960306
9109.5	33771.33374209
9110.0	33772.91985655
9110.5	33773.81814464
9111.0	33774.44983794
9111.5	33774.64487714
9112.0	33775.93087643
9112.5	33777.52097011
9113.0	33778.58073223
9113.5	33780.48037719
9114.0	33782.38928541
9114.5	33783.91731833
9115.0	33786.47648213
9115.5	33788.40293338
9116.0	33789.61408326
9116.5	33789.92881462
9117.0	33789.27572478
9117.5	33789.22999958
9118.0	33787.82268553
9118.5	33786.49245398
9119.0	33784.89227511
9119.5	33783.13716793
9120.0	33781.64028946
9120.5	33780.23483143
9121.0	33777.89646146
9121.5	33775.85567677
9122.0	33773.56083271
9122.5	33772.9627545
9123.0	33773.02773358
9123.5	33775.35001983
9124.0	33777.72479831
9124.5	33780.12007532
9125.0	33781.65608069
9125.5	33782.52853243
9126.0	33782.19511999
9126.5	33781.61299007
9127.0	33781.77313825
9127.5	33781.82487944
9128.0	33782.05222365
9128.5	33781.53729896
9129.0	33779.73154883
9129.5	33777.751602
9130.0	33775.52613269
9130.5	33772.98534592
9131.0	33771.38432724
9131.5	33770.23890467
9132.0	33769.82975817
9132.5	33770.45396386
9133.0	33771.07658619
9133.5	33771.26977217
9134.0	33771.45717257
9134.5	33770.62929392
9135.0	33769.36729877
9135.5	33766.75958788
9136.0	33763.52202146
9136.5	33760.40307481
9137.0	33757.69873499
9137.5	33755.22639028
9138.0	33752.72806988
9138.5	33751.96961126
9139.0	33751.70167757
9139.5	33751.91857406
9140.0	33752.56109443
9140.5	33754.15747351
9141.0	33756.15648608
9141.5	33757.57938528
9142.0	33758.35434488
9142.5	33759.36499161
9143.0	33759.44685798
9143.5	33760.03830684
9144.0	33760.54490428
9144.5	33760.29449347
9145.0	33760.07685598
9145.5	33757.696443
9146.0	33755.89451415
9146.5	33754.29599328
9147.0	33752.5332496
9147.5	33750.68202855
9148.0	33749.03746224
9148.5	33746.80154398
9149.0	33745.05344826
9149.5	33742.96245984
9150.0	33741.49609078
9150.5	33739.73435178
9151.0	33737.67607908
9151.5	33736.76963207
9152.0	33737.14492003
9152.5	33737.5548418
9153.0	33737.71181858
9153.5	33737.12607171
9154.0	33735.64244306
9154.5	33733.94825846
9155.0	33732.44818397
9155.5	33731.50062566
9156.0	33731.02332453
9156.5	33731.00436606
9157.0	33731.47781897
9157.5	33732.68364886
9158.0	33732.58722078
9158.5	33732.74974001
9159.0	33733.01007874
9159.5	33732.92703897
9160.0	33733.34191275
9160.5	33733.90392623
9161.0	33734.86913095
9161.5	33735.84543914
9162.0	33737.15527889
9162.5	33738.61276052
9163.0	33740.22559112
9163.5	33740.36990143
9164.0	33740.33819658
9164.5	33739.63331784
9165.0	33738.86590788
9165.5	33737.24879748
9166.0	33736.04103012
9166.5	33736.47991305
9167.0	33737.57021744
9167.5	33739.21672029
9168.0	33740.54940696
9168.5	33740.79118605
9169.0	33740.83266006
9169.5	33739.92161772
9170.0	33739.05229026
9170.5	33737.30782182
9171.0	33734.61679693
9171.5	33731.51445755
9172.0	33728.12260795
9172.5	33725.51391097
9173.0	33723.38880879
9173.5	33721.93481184
9174.0	33719.94659513
9174.5	33717.72094344
9175.0	33715.35438243
9175.5	33712.8151947
9176.0	33709.55144367
9176.5	33706.98444604
9177.0	33704.67065603
9177.5	33703.47733528
9178.0	33703.01636138
9178.5	33702.55787728
9179.0	33701.55983365
9179.5	33700.99006138
9180.0	33700.01262294
9180.5	33698.27411336
9181.0	33695.58318436
9181.5	33692.69812576
9182.0	33690.53852541
9182.5	33689.07376108
9183.0	33688.00930754
9183.5	33687.39582758
9184.0	33686.75497151
9184.5	33685.84765347
9185.0	33684.67657118
9185.5	33683.18376194
9186.0	33681.79176866
9186.5	33681.36883262
9187.0	33680.39495326
9187.5	33678.19036358
9188.0	33675.36089219
9188.5	33672.82978234
9189.0	33671.43815521
9189.5	33670.84203446
9190.0	33671.46041088
9190.5	33672.46258128
9191.0	33673.44612649
9191.5	33673.64929888
9192.0	33673.34339025
9192.5	33672.73034352
9193.0	33671.5303817
9193.5	33669.23171475
9194.0	33667.03138534
9194.5	33664.55405124
9195.0	33661.07721731
9195.5	33656.5627405
9196.0	33653.09854214
9196.5	33650.42170914
9197.0	33648.65090242
9197.5	33648.15033516
9198.0	33649.40130604
9198.5	33650.90342889
9199.0	33652.49092887
9199.5	33652.72393113
9200.0	33651.2516563
9200.5	33649.41258202
9201.0	33647.35174529
9201.5	33645.26029292
9202.0	33644.31286423
9202.5	33644.38290729
9203.0	33644.41448386
9203.5	33644.09547909
9204.0	33642.54292396
9204.5	33641.4962079
9205.0	33639.77685005
9205.5	33639.08971627
9206.0	33637.77468743
9206.5	33636.652571
9207.0	33635.99841088
9207.5	33636.87616595
9208.0	33638.6156003
9208.5	33639.8344901
9209.0	33641.26102219
9209.5	33642.2385155
9210.0	33643.0078087
9210.5	33643.15868719
9211.0	33641.92900935
9211.5	33640.03329263
9212.0	33638.84236876
9212.5	33636.92578842
9213.0	33635.40046626
9213.5	33633.9123603
9214.0	33633.42182757
9214.5	33633.07518252
9215.0	33633.48739299
9215.5	33634.17193962
9216.0	33634.94864647
9216.5	33634.71505716
9217.0	33633.53693142
9217.5	33631.70870057
9218.0	33629.60937517
9218.5	33627.34477919
9219.0	33625.31080225
9219.5	33624.07028812
9220.0	33623.24102464
9220.5	33622.83130055
9221.0	33622.85072327
9221.5	33622.45875127
9222.0	33620.75331976
9222.5	33618.91740623
9223.0	33617.33813019
9223.5	33615.54240197
9224.0	33615.03517663
9224.5	33616.09337513
9225.0	33617.37268454
9225.5	33617.53023611
9226.0	33617.21493675
9226.5	33617.02649974
9227.0	33617.22601459
9227.5	33616.90169347
9228.0	33615.84757132
9228.5	33613.87456371
9229.0	33612.01754803
9229.5	33609.56858976
9230.0	33607.67188766
9230.5	33606.06094879
9231.0	33603.62944418
9231.5	33600.76057954
9232.0	33597.71955156
9232.5	33594.27987478
9233.0	33592.2330187
9233.5	33590.60420889
9234.0	33589.76147192
9234.5	33589.28383489
9235.0	33588.7578892
9235.5	33588.88289028
9236.0	33588.5548096
9236.5	33587.44695052
9237.0	33585.55033457
9237.5	33584.05868423
9238.0	33583.49743702
9238.5	33583.20055907
9239.0	33583.69283667
9239.5	33582.91039163
9240.0	33581.7646269
9240.5	33579.40952233
9241.0	33577.44801693
9241.5	33574.7121514
9242.0	33572.86210582
9242.5	33570.10842926
9243.0	33565.88772809
9243.5	33561.17244553
9244.0	33556.09085341
9244.5	33551.47950612
9245.0	33546.21443047
9245.5	33539.20810109
9246.0	33530.06357845
9246.5	33517.66161909
9247.0	33498.87126935
9247.5	33462.88920553
9248.0	33388.73600029
9248.5	33253.56250519
9249.0	33055.74872635
9249.5	32886.11499484
9250.0	32909.17076192
9250.5	33058.97535826
9251.0	33203.28653751
9251.5	33296.364478
9252.0	33304.4571233
9252.5	33209.26479948
9253.0	33045.41676813
9253.5	32926.53022383
9254.0	32976.29481962
9254.5	33116.26264079
9255.0	33261.53738954
9255.5	33387.5500536
9256.0	33482.27922917
9256.5	33535.2930335
9257.0	33556.6024374
9257.5	33564.39922157
9258.0	33567.94752307
9258.5	33569.05421296
9259.0	33569.7155141
9259.5	33569.78606599
9260.0	33570.00565438
9260.5	33570.57931891
9261.0	33571.38799945
9261.5	33572.02680201
9262.0	33571.82874799
9262.5	33571.10904582
9263.0	33569.76028231
9263.5	33568.76839872
9264.0	33566.55933577
9264.5	33563.18373204
9265.0	33559.39554438
9265.5	33556.32395106
9266.0	33553.21137474
9266.5	33551.1023583
9267.0	33551.45434238
9267.5	33552.01194125
9268.0	33551.54012751
9268.5	33550.16479595
9269.0	33548.62653397
9269.5	33547.06731404
9270.0	33546.68426685
9270.5	33547.40367165
9271.0	33548.94509036
9271.5	33550.36383688
9272.0	33551.14947798
9272.5	33550.92342868
9273.0	33550.2692812
9273.5	33548.1130962
9274.0	33545.48632642
9274.5	33542.89723145
9275.0	33540.81354751
9275.5	33539.79340447
9276.0	33539.41258933
9276.5	33539.04119638
9277.0	33537.68633501
9277.5	33536.27413022
9278.0	33534.3266252
9278.5	33533.25511462
9279.0	33532.38339879
9279.5	33532.62267679
9280.0	33533.56456158
9280.5	33534.51483122
9281.0	33533.82967756
9281.5	33531.76200875
9282.0	33529.00618531
9282.5	33526.73985237
9283.0	33525.20662248
9283.5	33525.43683986
9284.0	33525.00602053
9284.5	33525.41005955
9285.0	33525.43337321
9285.5	33525.58376166
9286.0	33524.92218094
9286.5	33523.99850485
9287.0	33523.11071845
9287.5	33521.63178026
9288.0	33519.57258016
9288.5	33516.85403215
9289.0	33514.15986087
9289.5	33511.21817591
9290.0	33508.96669954
9290.5	33507.81503484
9291.0	33506.85768887
9291.5	33505.64707856
9292.0	33504.66077228
9292.5	33504.22824986
9293.0	33503.98206944
9293.5	33503.16921019
9294.0	33502.91143538
9294.5	33502.02871914
9295.0	33500.2642503
9295.5	33498.40872411
9296.0	33497.54638095
9296.5	33496.84893811
9297.0	33496.50698809
9297.5	33497.0515461
9298.0	33497.68445185
9298.5	33497.91896336
9299.0	33498.46456672
9299.5	33498.28882091
9300.0	33497.34360772
9300.5	33495.68418231
9301.0	33493.41659727
9301.5	33491.71305489
9302.0	33489.28149418
9302.5	33486.87247942
9303.0	33483.56484403
9303.5	33480.58548361
9304.0	33477.93102176
9304.5	33476.40874999
9305.0	33475.23618031
9305.5	33474.56694137
9306.0	33473.77619259
9306.5	33472.6016038
9307.0	33471.10597858
9307.5	33470.89914268
9308.0	33470.40533214
9308.5	33470.10870834
9309.0	33468.6262912
9309.5	33466.62726598
9310.0	33464.39609013
9310.5	33462.46507567
9311.0	33461.22092273
9311.5	33459.55288774
9312.0	33458.39471127
9312.5	33457.65439222
9313.0	33456.62078044
9313.5	33455.84760574
9314.0	33454.77079628
9314.5	33454.86115206
9315.0	33454.84820768
9315.5	33455.50229297
9316.0	33456.12871541
9316.5	33456.63151564
9317.0	33457.41758905
9317.5	33457.70655654
9318.0	33456.70122529
9318.5	33454.43635269
9319.0	33451.09515198
9319.5	33448.21619511
9320.0	33445.41992548
9320.5	33441.87473983
9321.0	33439.37549628
9321.5	33437.24261974
9322.0	33435.3345303
9322.5	33433.99725048
9323.0	33431.75369237
9323.5	33430.63540306
9324.0	33430.23120551
9324.5	33430.5808987
9325.0	33431.15716573
9325.5	33431.07846066
9326.0	33430.64585563
9326.5	33429.01583461
9327.0	33427.40049869
9327.5	33426.57429297
9328.0	33426.43204193
9328.5	33427.43804036
9329.0	33427.88822632
9329.5	33427.33298588
9330.0	33425.99676613
9330.5	33423.24210787
9331.0	33420.23470375
9331.5	33418.06747979
9332.0	33415.16291775
9332.5	33413.00491983
9333.0	33412.22854034
9333.5	33413.12356414
9334.0	33414.18143127
9334.5	33415.54099984
9335.0	33417.35727886
9335.5	33418.39517219
9336.0	33417.98182027
9336.5	33417.01086908
9337.0	33414.33239781
9337.5	33411.72813601
9338.0	33408.66238064
9338.5	33406.19660819
9339.0	33403.06944743
9339.5	33400.0367523
9340.0	33397.58539452
9340.5	33396.5844788
9341.0	33395.40096792
9341.5	33394.41958899
9342.0	33393.88057142
9342.5	33392.99451649
9343.0	33390.99002076
9343.5	33389.10509399
9344.0	33387.66054492
9344.5	33386.17703952
9345.0	33385.13246374
9345.5	33385.20307611
9346.0	33384.69272036
9346.5	33384.51469956
9347.0	33383.09041078
9347.5	33381.16807773
9348.0	33377.94566007
9348.5	33372.80031528
9349.0	33365.26755839
9349.5	33358.20037043
9350.0	33352.48236853
9350.5	33350.82736375
9351.0	33351.17102753
9351.5	33351.5883531
9352.0	33350.96852581
9352.5	33350.41061578
9353.0	33348.71535348
9353.5	33347.508376
9354.0	33347.3532894
9354.5	33349.21360994
9355.0	33353.11925381
9355.5	33357.51331754
9356.0	33361.11179372
9356.5	33362.93356304
9357.0	33362.4419299
9357.5	33360.45288876
9358.0	33357.78012501
9358.5	33354.37342432
9359.0	33349.99257692
9359.5	33343.77111269
9360.0	33336.27766911
9360.5	33330.58882297
9361.0	33328.31504534
9361.5	33329.67752553
9362.0	33331.31711682
9362.5	33332.0778975
9363.0	33331.64949602
9363.5	33331.28670025
9364.0	33331.1499427
9364.5	33330.97167454
9365.0	33331.78753276
9365.5	33333.70706282
9366.0	33338.28022263
9366.5	33342.45425458
9367.0	33344.87455399
9367.5	33344.43201576
9368.0	33342.77747431
9368.5	33340.43166004
9369.0	33338.91249467
9369.5	33338.59977224
9370.0	33338.54344186
9370.5	33339.11312151
9371.0	33339.60633204
9371.5	33338.65398091
9372.0	33335.64072979
9372.5	33332.07376958
9373.0	33328.18592164
9373.5	33324.34854514
9374.0	33321.36403561
9374.5	33318.54018255
9375.0	33317.84931719
9375.5	33318.73669477
9376.0	33319.92088944
9376.5	33321.07718432
9377.0	33320.46962854
9377.5	33320.21531786
9378.0	33318.7389748
9378.5	33317.75967527
9379.0	33316.30770673
9379.5	33314.31350915
9380.0	33312.11278839
9380.5	33310.87453033
9381.0	33310.26614557
9381.5	33310.04208107
9382.0	33309.52271233
9382.5	33309.70414869
9383.0	33310.58270896
9383.5	33310.74672956
9384.0	33310.29579856
9384.5	33309.43772932
9385.0	33307.72081828
9385.5	33306.58270298
9386.0	33305.74236374
9386.5	33304.97356786
9387.0	33304.21908955
9387.5	33303.27320418
9388.0	33301.92887652
9388.5	33300.11520884
9389.0	33298.10104282
9389.5	33295.29840121
9390.0	33291.4687128
9390.5	33286.47914675
9391.0	33282.16235115
9391.5	33279.62087826
9392.0	33278.06999081
9392.5	33277.54906062
9393.0	33277.74816957
9393.5	33278.14409158
9394.0	33277.36057113
9394.5	33275.57678262
9395.0	33273.27267238
9395.5	33269.98341622
9396.0	33267.49982845
9396.5	33267.05288138
9397.0	33268.51078158
9397.5	33270.38749798
9398.0	33271.25374865
9398.5	33270.57394543
9399.0	33268.71628699
9399.5	33266.1311105
9400.0	33263.09956231
9400.5	33260.58989703
9401.0	33259.4096942
9401.5	33259.33698857
9402.0	33259.01486888
9402.5	33258.36631098
9403.0	33258.24434396
9403.5	33258.15611851
9404.0	33258.58374441
9404.5	33259.473911
9405.0	33260.61490426
9405.5	33260.79530947
9406.0	33259.25935045
9406.5	33257.29049572
9407.0	33255.22756426
9407.5	33253.7175234
9408.0	33253.42783244
9408.5	33253.59049804
9409.0	33252.98193485
9409.5	33252.35632392
9410.0	33251.03175494
9410.5	33250.46817151
9411.0	33250.02706107
9411.5	33249.60805011
9412.0	33249.54719065
9412.5	33249.60514379
9413.0	33249.25531807
9413.5	33248.55417622
9414.0	33247.7096059
9414.5	33246.53290145
9415.0	33244.85552659
9415.5	33242.3368796
9416.0	33238.71861436
9416.5	33236.23202559
9417.0	33233.97558667
9417.5	33233.11729512
9418.0	33230.89698391
9418.5	33228.73101772
9419.0	33225.12786326
9419.5	33221.89528947
9420.0	33219.17306508
9420.5	33217.27187832
9421.0	33214.80476373
9421.5	33212.10244342
9422.0	33209.95689687
9422.5	33209.47631297
9423.0	33208.53079395
9423.5	33206.80306208
9424.0	33204.48069977
9424.5	33201.62641176
9425.0	33199.81860264
9425.5	33199.21153823
9426.0	33198.31306492
9426.5	33196.46655457
9427.0	33194.08372429
9427.5	33191.19125429
9428.0	33189.53038509
9428.5	33189.16498454
9429.0	33188.80913928
9429.5	33187.79511444
9430.0	33186.32093203
9430.5	33185.01548642
9431.0	33184.28446773
9431.5	33184.64071504
9432.0	33184.72909481
9432.5	33183.83307212
9433.0	33182.874888
9433.5	33181.41376822
9434.0	33180.38699921
9434.5	33179.56600279
9435.0	33178.81876019
9435.5	33177.52747495
9436.0	33176.54907628
9436.5	33175.15798465
9437.0	33173.54773077
9437.5	33170.95085411
9438.0	33169.40996062
9438.5	33168.32503212
9439.0	33166.54078364
9439.5	33164.69266933
9440.0	33162.16370437
9440.5	33159.81902245
9441.0	33157.20499306
9441.5	33155.29603179
9442.0	33153.95336598
9442.5	33152.79484689
9443.0	33150.05513021
9443.5	33147.92712745
9444.0	33146.10252782
9444.5	33145.53153011
9445.0	33145.19047752
9445.5	33143.8871747
9446.0	33142.9973749
9446.5	33142.73957121
9447.0	33142.9750302
9447.5	33141.73535449
9448.0	33139.40641018
9448.5	33136.41743918
9449.0	33134.57332894
9449.5	33134.49065971
9450.0	33134.53295903
9450.5	33133.58118492
9451.0	33132.26700912
9451.5	33130.59179652
9452.0	33129.06808241
9452.5	33128.1821118
9453.0	33126.61666975
9453.5	33124.86882152
9454.0	33121.8239346
9454.5	33118.35446636
9455.0	33115.36682908
9455.5	33113.27021605
9456.0	33111.44448118
9456.5	33108.96032681
9457.0	33105.71492969
9457.5	33103.18842881
9458.0	33102.58157712
9458.5	33102.65699019
9459.0	33102.80951269
9459.5	33103.24783441
9460.0	33103.74020464
9460.5	33103.51084741
9461.0	33103.26840289
9461.5	33103.03726987
9462.0	33103.36668563
9462.5	33103.72448041
9463.0	33103.40979175
9463.5	33103.15024437
9464.0	33102.75812603
9464.5	33102.37824629
9465.0	33101.95705654
9465.5	33101.65174654
9466.0	33101.48085436
9466.5	33101.75827105
9467.0	33101.28309441
9467.5	33099.09823943
9468.0	33096.37981749
9468.5	33094.92057112
9469.0	33093.38757513
9469.5	33092.30725346
9470.0	33090.00845215
9470.5	33087.83879042
9471.0	33085.9332873
9471.5	33084.20682057
9472.0	33082.44738477
9472.5	33080.17364558
9473.0	33076.97158558
9473.5	33073.38081379
9474.0	33070.39871002
9474.5	33068.53466804
9475.0	33067.59779279
9475.5	33066.61355325
9476.0	33065.74296005
9476.5	33064.49057883
9477.0	33062.94106706
9477.5	33060.73390141
9478.0	33058.18216686
9478.5	33056.8078789
9479.0	33055.40367414
9479.5	33053.80358419
9480.0	33051.68276807
9480.5	33048.7975737
9481.0	33045.27763839
9481.5	33041.85124936
9482.0	33037.34299072
9482.5	33028.03641213
9483.0	33008.54049197
9483.5	32978.30200432
9484.0	32950.11481655
9484.5	32934.80713712
9485.0	32935.75670959
9485.5	32945.06415469
9486.0	32955.51874004
9486.5	32965.62143568
9487.0	32977.64594958
9487.5	32990.25104837
9488.0	32998.95377036
9488.5	33000.40587207
9489.0	32990.47384741
9489.5	32968.97842847
9490.0	32942.46198856
9490.5	32923.8612969
9491.0	32918.55159231
9491.5	32923.26197302
9492.0	32930.8098536
9492.5	32939.36089687
9493.0	32952.05126584
9493.5	32965.80796427
9494.0	32979.83434837
9494.5	32988.45735867
9495.0	32991.22554728
9495.5	32990.3178342
9496.0	32988.44686594
9496.5	32987.14685482
9497.0	32986.47401364
9497.5	32985.86539689
9498.0	32983.86272808
9498.5	32980.69989008
9499.0	32978.08030797
9499.5	32974.58148294
9500.0	32970.82650517
9500.5	32967.48015231
9501.0	32964.04935607
9501.5	32961.35161512
9502.0	32959.70096344
9502.5	32957.65545877
9503.0	32956.79406243
9503.5	32956.78481332
9504.0	32956.41253192
9504.5	32955.4630138
9505.0	32953.94992494
9505.5	32952.67089985
9506.0	32951.72228681
9506.5	32952.14734811
9507.0	32952.12199153
9507.5	32951.13760842
9508.0	32950.90626704
9508.5	32951.84397014
9509.0	32952.39795347
9509.5	32951.40001106
9510.0	32949.58253898
9510.5	32946.34762106
9511.0	32943.12642463
9511.5	32940.91681422
9512.0	32938.83669419
9512.5	32937.64200738
9513.0	32936.79606855
9513.5	32936.59583066
9514.0	32936.44892155
9514.5	32935.7097615
9515.0	32934.85895448
9515.5	32934.17502197
9516.0	32934.01838003
9516.5	32934.01737215
9517.0	32933.5879447
9517.5	32933.89682388
9518.0	32934.45224493
9518.5	32934.98357547
9519.0	32935.04286085
9519.5	32935.01251724
9520.0	32934.27953854
9520.5	32933.60153579
9521.0	32932.66500195
9521.5	32931.20702663
9522.0	32929.32990854
9522.5	32927.14446195
9523.0	32925.07081085
9523.5	32922.75132447
9524.0	32920.78446188
9524.5	32918.37016416
9525.0	32916.59633644
9525.5	32916.35465397
9526.0	32915.76790691
9526.5	32914.91559201
9527.0	32913.23153875
9527.5	32910.45099259
9528.0	32906.89124194
9528.5	32902.16320505
9529.0	32896.98211759
9529.5	32892.14844339
9530.0	32888.42349081
9530.5	32885.0807152
9531.0	32883.00526511
9531.5	32881.77812899
9532.0	32881.29189908
9532.5	32879.7979088
9533.0	32877.90620953
9533.5	32876.35576103
9534.0	32876.01788371
9534.5	32876.51611737
9535.0	32877.4136093
9535.5	32877.85378334
9536.0	32877.60900628
9536.5	32876.1994285
9537.0	32874.66065492
9537.5	32874.03347644
9538.0	32872.65785955
9538.5	32871.39923493
9539.0	32869.46025523
9539.5	32868.03548933
9540.0	32867.1581072
9540.5	32867.09860795
9541.0	32867.38314759
9541.5	32866.72192209
9542.0	32864.73018628
9542.5	32860.68479069
9543.0	32854.98956984
9543.5	32850.22356967
9544.0	32847.03339603
9544.5	32846.32434686
9545.0	32845.74652487
9545.5	32845.10308202
9546.0	32843.9448167
9546.5	32842.32293413
9547.0	32839.54043241
9547.5	32836.94958725
9548.0	32834.95377545
9548.5	32833.96503777
9549.0	32833.51615823
9549.5	32832.35690869
9550.0	32830.66266595
9550.5	32828.46517894
9551.0	32825.98760888
9551.5	32824.02353606
9552.0	32822.53456675
9552.5	32820.92635219
9553.0	32818.71503584
9553.5	32815.80275656
9554.0	32812.87726009
9554.5	32810.8860672
9555.0	32810.28381776
9555.5	32809.38400953
9556.0	32807.98624118
9556.5	32804.44273528
9557.0	32801.4125763
9557.5	32798.52074279
9558.0	32794.94631061
9558.5	32791.84543336
9559.0	32788.95904031
9559.5	32786.471242
9560.0	32784.33935678
9560.5	32783.14470257
9561.0	32781.51937511
9561.5	32779.84770405
9562.0	32776.39850255
9562.5	32771.74603552
9563.0	32767.60381904
9563.5	32765.31163422
9564.0	32764.29753003
9564.5	32763.24094568
9565.0	32762.07760016
9565.5	32760.83794366
9566.0	32759.05487718
9566.5	32757.12705216
9567.0	32754.88042056
9567.5	32753.51217908
9568.0	32751.82306983
9568.5	32751.02683461
9569.0	32749.52811811
9569.5	32747.46692787
9570.0	32744.51554046
9570.5	32741.78951672
9571.0	32739.92582925
9571.5	32739.15412259
9572.0	32737.60436343
9572.5	32735.4346062
9573.0	32733.10000548
9573.5	32731.10958881
9574.0	32729.21796387
9574.5	32728.23199427
9575.0	32727.10623673
9575.5	32725.74478102
9576.0	32724.13464467
9576.5	32721.17445902
9577.0	32717.8444652
9577.5	32714.82599604
9578.0	32711.81583781
9578.5	32708.34163077
9579.0	32704.00771209
9579.5	32700.65510655
9580.0	32697.2208489
9580.5	32694.06608514
9581.0	32690.43950095
9581.5	32686.46031505
9582.0	32683.32970324
9582.5	32681.88442961
9583.0	32682.02017827
9583.5	32682.10727343
9584.0	32680.65592969
9584.5	32679.15730148
9585.0	32676.33450434
9585.5	32672.85287147
9586.0	32670.69206538
9586.5	32668.66525949
9587.0	32667.12629525
9587.5	32665.97878588
9588.0	32664.7972043
9588.5	32663.98888366
9589.0	32663.48178552
9589.5	32662.25520002
9590.0	32662.14684056
9590.5	32660.73913384
9591.0	32658.09779881
9591.5	32655.11984661
9592.0	32653.26836149
9592.5	32652.21304471
9593.0	32650.41494101
9593.5	32648.2871622
9594.0	32644.11003296
9594.5	32640.80433542
9595.0	32637.40034616
9595.5	32635.13856859
9596.0	32632.68660632
9596.5	32631.17357103
9597.0	32630.99866669
9597.5	32630.99415642
9598.0	32631.20639046
9598.5	32629.97530982
9599.0	32627.13435194
9599.5	32624.64853696
9600.0	32621.60434009