8780.0	27085.72409987
8780.5	27092.75098885
8781.0	27100.34992379
8781.5	27109.39079414
8782.0	27119.95408119
8782.5	27128.41870351
8783.0	27138.95678882
8783.5	27148.04260702
8784.0	27158.07806135
8784.5	27170.8202032
8785.0	27177.55053474
8785.5	27185.87969251
8786.0	27195.15785526
8786.5	27206.81175459
8787.0	27215.95842157
8787.5	27224.12668311
8788.0	27232.57709541
8788.5	27240.72567209
8789.0	27252.06028721
8789.5	27259.9940836
8790.0	27268.49876932
8790.5	27276.69465956
8791.0	27286.85419937
8791.5	27295.44277904
8792.0	27305.64606562
8792.5	27311.68842558
8793.0	27323.32325402
8793.5	27328.32709633
8794.0	27334.48798265
8794.5	27344.12291947
8795.0	27352.44627691
8795.5	27363.76088157
8796.0	27369.80049179
8796.5	27381.38145591
8797.0	27391.84949252
8797.5	27399.7473387
8798.0	27409.76928442
8798.5	27418.35104549
8799.0	27430.34828132
8799.5	27436.95696152
8800.0	27445.64925344
8800.5	27455.42992866
8801.0	27462.37522002
8801.5	27470.85675465
8802.0	27480.55104945
8802.5	27489.41707872
8803.0	27499.06616175
8803.5	27505.52264718
8804.0	27516.26398397
8804.5	27525.36859733
8805.0	27535.10707397
8805.5	27543.14500566
8806.0	27555.38082673
8806.5	27562.48810022
8807.0	27571.88339007
8807.5	27582.07982674
8808.0	27590.43927094
8808.5	27598.98473013
8809.0	27609.24338278
8809.5	27616.28895849
8810.0	27626.0046285
8810.5	27636.99224492
8811.0	27645.18928181
8811.5	27654.127583
8812.0	27661.31935827
8812.5	27670.31657978
8813.0	27676.52089435
8813.5	27685.97167761
8814.0	27695.98619512
8814.5	27702.13851299
8815.0	27713.28760642
8815.5	27720.36957007
8816.0	27729.76092345
8816.5	27738.81477159
8817.0	27746.51689434
8817.5	27751.32451792
8818.0	27758.7535462
8818.5	27766.4290129
8819.0	27774.45601137
8819.5	27779.6704948
8820.0	27787.45238643
8820.5	27794.51942591
8821.0	27801.48211551
8821.5	27807.25712586
8822.0	27813.91828327
8822.5	27820.41083429
8823.0	27823.8555957
8823.5	27827.92881245
8824.0	27831.50328373
8824.5	27834.23097205
8825.0	27838.83958459
8825.5	27839.29126956
8826.0	27841.26324671
8826.5	27835.54293312
8827.0	27828.49869725
8827.5	27819.23197389
8828.0	27803.63993156
8828.5	27775.06216357
8829.0	27725.08767145
8829.5	27627.54824012
8830.0	27398.97194194
8830.5	26874.16666972
8831.0	26461.12883121
8831.5	26578.45037817
8832.0	27005.58468492
8832.5	27246.93542767
8833.0	27059.9158126
8833.5	26747.9995094
8834.0	26797.55617005
8834.5	27194.88097588
8835.0	27658.12686645
8835.5	27946.54716776
8836.0	28073.08628077
8836.5	28118.77872418
8837.0	28143.13274543
8837.5	28162.30038233
8838.0	28173.94483757
8838.5	28185.18430025
8839.0	28198.39711799
8839.5	28208.84171462
8840.0	28217.56463932
8840.5	28227.72076265
8841.0	28235.43574089
8841.5	28243.92260052
8842.0	28253.72978276
8842.5	28260.68085253
8843.0	28270.06391085
8843.5	28279.48996729
8844.0	28290.42426188
8844.5	28298.64202917
8845.0	28307.00548177
8845.5	28315.51318021
8846.0	28325.47668358
8846.5	28335.37493464
8847.0	28341.5074419
8847.5	28352.37837951
8848.0	28361.55037031
8848.5	28369.86915607
8849.0	28380.92432247
8849.5	28390.86146994
8850.0	28400.36740216
8850.5	28409.19281326
8851.0	28419.30728659
8851.5	28425.98875541
8852.0	28437.55623048
8852.5	28444.39628563
8853.0	28451.88683723
8853.5	28464.1355686
8854.0	28470.76304071
8854.5	28479.07844606
8855.0	28487.84785735
8855.5	28495.95527557
8856.0	28504.50269376
8856.5	28512.16359475
8857.0	28522.72297228
8857.5	28534.6412244
8858.0	28541.35128702
8858.5	28550.01843676
8859.0	28561.44959446
8859.5	28570.77807516
8860.0	28580.6743357
8860.5	28589.58090552
8861.0	28598.15610934
8861.5	28605.76888075
8862.0	28616.04688978
8862.5	28626.91850249
8863.0	28634.99404933
8863.5	28642.77958279
8864.0	28651.81285562
8864.5	28663.57282273
8865.0	28669.33340054
8865.5	28677.10484748
8866.0	28688.95417581
8866.5	28693.90712196
8867.0	28705.40230697
8867.5	28715.500333
8868.0	28727.79740443
8868.5	28738.24850691
8869.0	28748.13316108
8869.5	28757.19560561
8870.0	28764.36060125
8870.5	28774.99451875
8871.0	28784.03582129
8871.5	28791.19518018
8872.0	28802.59372848
8872.5	28808.39666893
8873.0	28819.63917501
8873.5	28823.45876667
8874.0	28832.55215495
8874.5	28843.26080511
8875.0	28853.39690246
8875.5	28861.37621876
8876.0	28868.83618549
8876.5	28873.88804299
8877.0	28882.90135686
8877.5	28892.35964619
8878.0	28899.02504174
8878.5	28904.94223688
8879.0	28914.99802309
8879.5	28925.93317607
8880.0	28935.66003474
8880.5	28945.78429183
8881.0	28953.54093692
8881.5	28964.68391367
8882.0	28974.68951174
8882.5	28984.19295278
8883.0	28992.90441933
8883.5	29002.9406259
8884.0	29014.54477607
8884.5	29024.7634364
8885.0	29033.00119966
8885.5	29042.47588074
8886.0	29050.04223588
8886.5	29057.28611947
8887.0	29067.74261683
8887.5	29076.93865707
8888.0	29088.49027824
8888.5	29092.80752126
8889.0	29103.3963095
8889.5	29111.90321738
8890.0	29120.79983363
8890.5	29131.12036661
8891.0	29137.2840959
8891.5	29145.66222585
8892.0	29153.51618066
8892.5	29163.7392762
8893.0	29172.11953318
8893.5	29182.35480978
8894.0	29193.14453799
8894.5	29201.03493925
8895.0	29213.22320315
8895.5	29221.26788226
8896.0	29230.47484352
8896.5	29239.907832
8897.0	29250.10959953
8897.5	29257.6490183
8898.0	29267.7341401
8898.5	29277.4800206
8899.0	29286.4798809
8899.5	29298.59794125
8900.0	29308.5261419
8900.5	29316.67927334
8901.0	29328.25097608
8901.5	29336.81592774
8902.0	29346.01926302
8902.5	29353.89992888
8903.0	29363.80683454
8903.5	29372.81222835
8904.0	29379.14260806
8904.5	29388.9350024
8905.0	29399.26315937
8905.5	29411.57717773
8906.0	29420.748585
8906.5	29431.67870354
8907.0	29439.95194338
8907.5	29445.33623249
8908.0	29455.24338138
8908.5	29463.42968809
8909.0	29474.1248657
8909.5	29485.04502721
8910.0	29494.83930425
8910.5	29503.72059441
8911.0	29515.60554035
8911.5	29524.08539988
8912.0	29533.28314328
8912.5	29543.905138
8913.0	29552.22645626
8913.5	29563.09952804
8914.0	29572.74576091
8914.5	29580.78276451
8915.0	29587.83385202
8915.5	29597.29389892
8916.0	29607.07785885
8916.5	29614.90687618
8917.0	29624.31651337
8917.5	29637.02462599
8918.0	29648.20006951
8918.5	29657.0383478
8919.0	29665.84874037
8919.5	29678.23539198
8920.0	29686.64541315
8920.5	29696.5614757
8921.0	29708.5767569
8921.5	29716.9996533
8922.0	29727.88287822
8922.5	29736.67581041
8923.0	29747.32220814
8923.5	29756.34911336
8924.0	29767.78272702
8924.5	29775.35945887
8925.0	29783.34270819
8925.5	29794.1493343
8926.0	29802.49808272
8926.5	29811.22380981
8927.0	29819.25295712
8927.5	29829.25987003
8928.0	29838.18067863
8928.5	29849.68902392
8929.0	29857.80540017
8929.5	29867.31070487
8930.0	29877.51268679
8930.5	29884.89044326
8931.0	29893.76875559
8931.5	29902.74475032
8932.0	29910.87642107
8932.5	29920.66716514
8933.0	29929.26548969
8933.5	29938.92962298
8934.0	29950.15078702
8934.5	29957.08411849
8935.0	29956.87707355
8935.5	29935.5171796
8936.0	29867.46427411
8936.5	29792.74005827
8937.0	29745.185936
8937.5	29744.98643791
8938.0	29768.62245878
8938.5	29781.22590071
8939.0	29856.79585146
8939.5	29952.96789654
8940.0	30012.80551825
8940.5	30036.51943657
8941.0	30055.753823
8941.5	30073.33696198
8942.0	30086.6595768
8942.5	30098.54285131
8943.0	30109.02426951
8943.5	30120.08097908
8944.0	30133.06048284
8944.5	30143.32511945
8945.0	30150.67760221
8945.5	30159.964521
8946.0	30173.06867938
8946.5	30181.18396777
8947.0	30191.23637167
8947.5	30202.23491262
8948.0	30210.72856507
8948.5	30219.45157488
8949.0	30227.23285426
8949.5	30232.74022859
8950.0	30244.49944608
8950.5	30253.56652282
8951.0	30263.853913
8951.5	30271.82503227
8952.0	30280.13813626
8952.5	30289.94919918
8953.0	30300.46330275
8953.5	30312.98416031
8954.0	30321.52197744
8954.5	30329.28331464
8955.0	30341.19395991
8955.5	30350.70603844
8956.0	30357.86486504
8956.5	30365.7655996
8957.0	30377.00769941
8957.5	30387.42609756
8958.0	30398.89026987
8958.5	30406.34228454
8959.0	30415.46563273
8959.5	30424.54539892
8960.0	30434.74293483
8960.5	30448.47485712
8961.0	30454.9826743
8961.5	30463.09934122
8962.0	30473.73063917
8962.5	30482.90706002
8963.0	30492.87209671
8963.5	30502.96603809
8964.0	30513.47727119
8964.5	30523.39756376
8965.0	30535.73164719
8965.5	30543.85763124
8966.0	30554.18842016
8966.5	30561.21876739
8967.0	30569.89909207
8967.5	30580.52737884
8968.0	30590.06878439
8968.5	30600.25335682
8969.0	30608.393039
8969.5	30618.48841791
8970.0	30625.11267127
8970.5	30634.33483629
8971.0	30644.45491714
8971.5	30651.65611131
8972.0	30661.82463823
8972.5	30671.71694466
8973.0	30681.43316974
8973.5	30691.39463613
8974.0	30701.73962923
8974.5	30712.30729384
8975.0	30720.05609945
8975.5	30731.2576647
8976.0	30737.40811991
8976.5	30751.01423046
8977.0	30758.93143096
8977.5	30768.72152224
8978.0	30777.48848776
8978.5	30784.53485662
8979.0	30792.84211922
8979.5	30803.79516567
8980.0	30813.18461921
8980.5	30822.63050305
8981.0	30830.90391593
8981.5	30840.77801057
8982.0	30850.93467501
8982.5	30859.20775655
8983.0	30867.4713344
8983.5	30876.60290987
8984.0	30885.33941659
8984.5	30893.66974632
8985.0	30903.88468395
8985.5	30912.72362941
8986.0	30925.34715421
8986.5	30935.9092383
8987.0	30942.37678775
8987.5	30951.76513371
8988.0	30958.43058522
8988.5	30967.75005779
8989.0	30974.36282326
8989.5	30983.19913406
8990.0	30995.39422225
8990.5	31002.94694396
8991.0	31014.48472129
8991.5	31024.0835863
8992.0	31032.81541016
8992.5	31044.98367007
8993.0	31051.07067631
8993.5	31060.97117199
8994.0	31069.67679991
8994.5	31077.76514566
8995.0	31087.5690882
8995.5	31097.82102257
8996.0	31105.46350864
8996.5	31113.81580816
8997.0	31123.01969183
8997.5	31131.38568325
8998.0	31140.81969223
8998.5	31147.9603642
8999.0	31159.68196409
8999.5	31167.63187482
9000.0	31175.88112769
9000.5	31182.76073568
9001.0	31191.28746199
9001.5	31198.76570068
9002.0	31210.73305719
9002.5	31222.66091629
9003.0	31232.50955671
9003.5	31241.97433317
9004.0	31253.19603301
9004.5	31263.82409107
9005.0	31271.65364994
9005.5	31280.55651018
9006.0	31292.54494523
9006.5	31301.85640403
9007.0	31311.43269244
9007.5	31321.30206501
9008.0	31331.08973951
9008.5	31340.57599628
9009.0	31351.52417349
9009.5	31364.19124358
9010.0	31373.2510101
9010.5	31378.81343417
9011.0	31388.79235489
9011.5	31398.67065264
9012.0	31409.10766643
9012.5	31418.4382162
9013.0	31428.99894779
9013.5	31436.96864666
9014.0	31446.08952804
9014.5	31453.88690384
9015.0	31463.96020181
9015.5	31474.27156229
9016.0	31481.10879862
9016.5	31490.29288742
9017.0	31500.43182755
9017.5	31510.59576401
9018.0	31518.59092977
9018.5	31526.46954486
9019.0	31534.59750809
9019.5	31544.46841559
9020.0	31553.61933859
9020.5	31562.33582056
9021.0	31572.26954571
9021.5	31578.53105901
9022.0	31586.45027847
9022.5	31595.62320252
9023.0	31604.85841661
9023.5	31611.70013408
9024.0	31621.9405739
9024.5	31633.37250799
9025.0	31643.30387003
9025.5	31653.0268917
9026.0	31662.39912758
9026.5	31673.70331058
9027.0	31679.84699495
9027.5	31691.28860702
9028.0	31699.34520165
9028.5	31708.12350768
9029.0	31719.04537149
9029.5	31728.78604851
9030.0	31739.90904479
9030.5	31745.69409516
9031.0	31757.3279725
9031.5	31767.51375818
9032.0	31775.1752594
9032.5	31785.65084191
9033.0	31794.19361871
9033.5	31802.33449223
9034.0	31807.52841051
9034.5	31814.57113608
9035.0	31823.40661958
9035.5	31829.02483665
9036.0	31835.2175639
9036.5	31839.76879508
9037.0	31844.940867
9037.5	31849.41188942
9038.0	31858.66541816
9038.5	31868.05300102
9039.0	31872.36805369
9039.5	31883.65399421
9040.0	31893.47774973
9040.5	31900.9300811
9041.0	31911.31626295
9041.5	31923.78718795
9042.0	31933.64319136
9042.5	31939.87732178
9043.0	31948.99865154
9043.5	31957.01347366
9044.0	31964.25899823
9044.5	31971.10816454
9045.0	31981.05490026
9045.5	31991.0019206
9046.0	32001.68938926
9046.5	32013.4336681
9047.0	32022.85536239
9047.5	32031.58748238
9048.0	32042.36509374
9048.5	32051.25201302
9049.0	32060.81318572
9049.5	32070.33755095
9050.0	32079.9536239
9050.5	32095.04387596
9051.0	32104.8127526
9051.5	32116.34949355
9052.0	32122.5075156
9052.5	32135.63162435
9053.0	32148.13913271
9053.5	32156.89149312
9054.0	32166.49837692
9054.5	32176.59023469
9055.0	32185.13433373
9055.5	32195.41581906
9056.0	32202.94909618
9056.5	32213.97479238
9057.0	32220.79333
9057.5	32229.80689416
9058.0	32237.56143807
9058.5	32247.84959944
9059.0	32259.33244902
9059.5	32264.53192885
9060.0	32275.36247438
9060.5	32285.01328606
9061.0	32291.2154719
9061.5	32301.67160323
9062.0	32310.37719323
9062.5	32317.19452807
9063.0	32326.07336936
9063.5	32335.72908215
9064.0	32346.06948952
9064.5	32355.65619122
9065.0	32364.63773026
9065.5	32373.76365013
9066.0	32384.87680799
9066.5	32394.52236434
9067.0	32404.63062862
9067.5	32412.44917947
9068.0	32421.09730683
9068.5	32429.10004094
9069.0	32438.19822639
9069.5	32446.94489595
9070.0	32453.82125568
9070.5	32461.56813096
9071.0	32472.3642823
9071.5	32484.08236631
9072.0	32492.24151584
9072.5	32499.42700303
9073.0	32510.47834067
9073.5	32519.28144952
9074.0	32530.91167282
9074.5	32539.55929288
9075.0	32547.42200057
9075.5	32556.27081326
9076.0	32562.62458536
9076.5	32571.01998962
9077.0	32577.77074112
9077.5	32585.47291207
9078.0	32592.55616707
9078.5	32604.90440998
9079.0	32609.61082312
9079.5	32621.04877757
9080.0	32627.10003582
9080.5	32637.37304703
9081.0	32647.11958919
9081.5	32655.14147294
9082.0	32660.45797979
9082.5	32664.01799409
9083.0	32667.69853438
9083.5	32656.53030599
9084.0	32628.45793561
9084.5	32588.96244708
9085.0	32545.06397065
9085.5	32522.84981696
9086.0	32525.19044525
9086.5	32543.39440887
9087.0	32556.2829256
9087.5	32559.01943422
9088.0	32564.27859566
9088.5	32553.04519462
9089.0	32498.93057897
9089.5	32392.77346079
9090.0	32322.3735279
9090.5	32326.20273046
9091.0	32330.18732742
9091.5	32188.44911777
9092.0	31916.12956387
9092.5	31869.92547545
9093.0	32056.4038332
9093.5	32329.59093075
9094.0	32527.17374199
9094.5	32597.8551969
9095.0	32494.62393857
9095.5	32250.31274983
9096.0	32098.6640551
9096.5	32093.19969854
9097.0	32194.3970305
9097.5	32376.04294346
9098.0	32571.32312999
9098.5	32696.65025093
9099.0	32720.98708671
9099.5	32725.17244709
9100.0	32758.86388525
9100.5	32809.32714315
9101.0	32856.3993803
9101.5	32888.99541964
9102.0	32910.23340516
9102.5	32932.9600315
9103.0	32949.85235031
9103.5	32955.16319736
9104.0	32957.96349334
9104.5	32971.62921628
9105.0	32994.84952041
9105.5	33027.38894994
9106.0	33064.32633003
9106.5	33097.8635998
9107.0	33124.47998068
9107.5	33145.35179252
9108.0	33160.62524708
9108.5	33171.68013685
9109.0	33182.77005731
9109.5	33195.25306152
9110.0	33204.58372675
9110.5	33214.49274038
9111.0	33226.61803627
9111.5	33236.05339767
9112.0	33245.47821277
9112.5	33254.23294961
9113.0	33263.6937089
9113.5	33273.53706598
9114.0	33283.23206461
9114.5	33293.77877152
9115.0	33302.42901802
9115.5	33311.35937466
9116.0	33321.07200433
9116.5	33329.64565215
9117.0	33339.52312383
9117.5	33349.60316381
9118.0	33357.87577898
9118.5	33368.48108305
9119.0	33377.67872886
9119.5	33389.73695448
9120.0	33399.53048836
9120.5	33410.44083225
9121.0	33420.83883194
9121.5	33431.38264513
9122.0	33440.21455052
9122.5	33451.15564837
9123.0	33462.84656405
9123.5	33470.76329353
9124.0	33483.14322707
9124.5	33491.23267149
9125.0	33502.25160995
9125.5	33512.03800393
9126.0	33520.9083837
9126.5	33530.34417288
9127.0	33540.76619982
9127.5	33553.14514829
9128.0	33560.79907325
9128.5	33567.97163866
9129.0	33575.96107197
9129.5	33585.3284447
9130.0	33592.80927464
9130.5	33604.16309962
9131.0	33610.71206588
9131.5	33620.37468894
9132.0	33631.86987228
9132.5	33639.07144696
9133.0	33647.06542738
9133.5	33657.29571639
9134.0	33664.92443854
9134.5	33679.78496375
9135.0	33687.09691965
9135.5	33694.87055762
9136.0	33702.76556019
9136.5	33714.77132771
9137.0	33723.66948939
9137.5	33730.58187834
9138.0	33741.9734269
9138.5	33749.86874438
9139.0	33759.55971166
9139.5	33768.32140005
9140.0	33777.36193646
9140.5	33787.97245493
9141.0	33796.15012901
9141.5	33804.78405061
9142.0	33813.46926705
9142.5	33821.54834267
9143.0	33830.44926683
9143.5	33837.17121463
9144.0	33846.4692636
9144.5	33852.58480972
9145.0	33861.59469241
9145.5	33870.93206618
9146.0	33880.41942832
9146.5	33889.40109225
9147.0	33897.46944265
9147.5	33908.63220197
9148.0	33918.83804924
9148.5	33924.52560386
9149.0	33934.94800462
9149.5	33943.20362711
9150.0	33953.8423889
9150.5	33960.94985357
9151.0	33969.22372895
9151.5	33978.06831331
9152.0	33984.64790868
9152.5	33993.91453691
9153.0	34005.67981071
9153.5	34013.43732649
9154.0	34025.05792133
9154.5	34034.94611742
9155.0	34045.76447776
9155.5	34057.10572999
9156.0	34070.8306551
9156.5	34077.35405596
9157.0	34087.19934645
9157.5	34099.92378644
9158.0	34109.68467162
9158.5	34120.32360617
9159.0	34129.10710508
9159.5	34139.0229436
9160.0	34150.25796787
9160.5	34156.76488486
9161.0	34164.18326238
9161.5	34169.440602
9162.0	34176.38156266
9162.5	34180.67092386
9163.0	34188.42678538
9163.5	34195.13101789
9164.0	34205.01945557
9164.5	34215.19008156
9165.0	34221.04420126
9165.5	34230.82722724
9166.0	34240.48008295
9166.5	34251.38069245
9167.0	34260.54598942
9167.5	34268.26948946
9168.0	34277.92663648
9168.5	34286.75421665
9169.0	34298.07864374
9169.5	34306.43747715
9170.0	34313.30608128
9170.5	34322.17928449
9171.0	34333.04659582
9171.5	34343.27992107
9172.0	34352.59032371
9172.5	34364.21679773
9173.0	34373.93547754
9173.5	34380.95096667
9174.0	34393.74227222
9174.5	34403.32212611
9175.0	34414.72691487
9175.5	34421.93708701
9176.0	34431.04923338
9176.5	34439.86569395
9177.0	34449.21492751
9177.5	34456.4080024
9178.0	34463.30828363
9178.5	34470.80756675
9179.0	34478.83715558
9179.5	34489.01679904
9180.0	34499.41805533
9180.5	34506.14163896
9181.0	34519.73733241
9181.5	34527.83778796
9182.0	34534.78576295
9182.5	34542.82269816
9183.0	34548.72113336
9183.5	34556.70148339
9184.0	34564.58335821
9184.5	34570.89994816
9185.0	34578.91961774
9185.5	34584.13275967
9186.0	34594.4610955
9186.5	34603.54759652
9187.0	34616.66289449
9187.5	34624.70733239
9188.0	34635.03395277
9188.5	34645.44330873
9189.0	34652.90916454
9189.5	34663.80179968
9190.0	34672.85228133
9190.5	34681.48109004
9191.0	34691.16886557
9191.5	34700.65035866
9192.0	34710.99147743
9192.5	34721.34089433
9193.0	34731.49273607
9193.5	34738.47420811
9194.0	34743.50940248
9194.5	34751.57585656
9195.0	34759.32333472
9195.5	34765.00613969
9196.0	34773.30129789
9196.5	34783.25920083
9197.0	34793.4011698
9197.5	34799.99340975
9198.0	34810.84741716
9198.5	34821.66284435
9199.0	34830.6846361
9199.5	34837.87883102
9200.0	34848.64428915
9200.5	34856.59241511
9201.0	34865.81156176
9201.5	34875.99654708
9202.0	34885.2833825
9202.5	34893.33742206
9203.0	34900.27623224
9203.5	34911.2576981
9204.0	34920.42489952
9204.5	34933.38950822
9205.0	34943.51007538
9205.5	34954.35376361
9206.0	34963.58646952
9206.5	34972.45816642
9207.0	34980.97377926
9207.5	34991.45385671
9208.0	35001.52397087
9208.5	35010.9487595
9209.0	35019.20547123
9209.5	35027.87716295
9210.0	35037.33837989
9210.5	35046.77492361
9211.0	35053.37316312
9211.5	35064.47945407
9212.0	35072.72147614
9212.5	35083.66443451
9213.0	35092.56813511
9213.5	35101.49594311
9214.0	35109.50849783
9214.5	35116.69642266
9215.0	35124.76436593
9215.5	35135.74435564
9216.0	35145.07106358
9216.5	35154.43771503
9217.0	35161.51583502
9217.5	35172.33536248
9218.0	35178.12504959
9218.5	35187.16075933
9219.0	35200.28803324
9219.5	35209.48177705
9220.0	35217.90625955
9220.5	35226.53212551
9221.0	35237.30997494
9221.5	35249.80606102
9222.0	35257.27560465
9222.5	35263.95640904
9223.0	35274.51144508
9223.5	35284.3802966
9224.0	35291.12914054
9224.5	35302.56948267
9225.0	35308.58624158
9225.5	35320.76605928
9226.0	35328.94645285
9226.5	35338.65973624
9227.0	35345.3454058
9227.5	35355.41384709
9228.0	35363.16024111
9228.5	35368.99488835
9229.0	35378.07622925
9229.5	35388.09642199
9230.0	35395.81704504
9230.5	35406.25248334
9231.0	35415.12011594
9231.5	35426.75234746
9232.0	35436.37243466
9232.5	35445.23648213
9233.0	35452.39334311
9233.5	35462.40851669
9234.0	35471.00680111
9234.5	35478.89036032
9235.0	35487.99270133
9235.5	35497.12967424
9236.0	35504.59799971
9236.5	35517.39114291
9237.0	35523.84533083
9237.5	35531.21939711
9238.0	35543.08350582
9238.5	35552.01342167
9239.0	35559.61623882
9239.5	35568.41576989
9240.0	35576.05888957
9240.5	35582.92694287
9241.0	35589.49198371
9241.5	35595.56686006
9242.0	35597.56925221
9242.5	35607.09649382
9243.0	35613.83517831
9243.5	35620.94092321
9244.0	35625.67187412
9244.5	35632.99905015
9245.0	35637.2132384
9245.5	35638.80214322
9246.0	35641.39498661
9246.5	35642.54162245
9247.0	35631.97099293
9247.5	35601.7004021
9248.0	35513.24295288
9248.5	35304.23450885
9249.0	35040.74196195
9249.5	35033.10363147
9250.0	35193.45834274
9250.5	35367.46627164
9251.0	35508.3590827
9251.5	35613.24359884
9252.0	35611.66145011
9252.5	35478.13072719
9253.0	35253.65170968
9253.5	35170.99607906
9254.0	35259.65442237
9254.5	35405.11013724
9255.0	35542.29898417
9255.5	35695.48594041
9256.0	35817.86557864
9256.5	35880.88571544
9257.0	35906.9144448
9257.5	35922.37426889
9258.0	35935.29369129
9258.5	35944.32111455
9259.0	35956.66664975
9259.5	35966.03718672
9260.0	35976.50286597
9260.5	35988.07148409
9261.0	35999.60248296
9261.5	36005.86235923
9262.0	36016.4286428
9262.5	36025.4428265
9263.0	36035.2171931
9263.5	36043.28885709
9264.0	36053.04913046
9264.5	36065.02186599
9265.0	36076.7925687
9265.5	36085.45047762
9266.0	36095.00381938
9266.5	36102.41491818
9267.0	36112.8602161
9267.5	36122.70029231
9268.0	36133.09903188
9268.5	36143.16416495
9269.0	36150.76646848
9269.5	36159.0395332
9270.0	36167.30443721
9270.5	36172.89167456
9271.0	36181.97384436
9271.5	36192.2421217
9272.0	36202.67300257
9272.5	36213.9037353
9273.0	36222.06675916
9273.5	36228.06306971
9274.0	36238.02003381
9274.5	36251.22308951
9275.0	36256.90080738
9275.5	36264.63332151
9276.0	36271.6970761
9276.5	36281.15316742
9277.0	36289.20691319
9277.5	36298.67552554
9278.0	36308.66840018
9278.5	36316.55001899
9279.0	36324.53595779
9279.5	36332.89559034
9280.0	36342.04621925
9280.5	36349.47148073
9281.0	36358.49616894
9281.5	36370.17853343
9282.0	36381.24614093
9282.5	36391.14094382
9283.0	36397.090708
9283.5	36408.36007954
9284.0	36418.4651201
9284.5	36428.33451496
9285.0	36439.89764546
9285.5	36447.93811417
9286.0	36458.53989688
9286.5	36465.70618517
9287.0	36476.62449685
9287.5	36483.41623229
9288.0	36494.34155944
9288.5	36504.35809575
9289.0	36514.53298914
9289.5	36520.62827656
9290.0	36532.22058451
9290.5	36542.96249413
9291.0	36553.71594068
9291.5	36562.65041316
9292.0	36572.88470994
9292.5	36578.33424145
9293.0	36589.02673869
9293.5	36600.17565468
9294.0	36608.80399914
9294.5	36615.94343684
9295.0	36626.35325699
9295.5	36635.36548298
9296.0	36643.680333
9296.5	36650.65215681
9297.0	36660.21471764
9297.5	36668.16658812
9298.0	36677.44113676
9298.5	36686.42789414
9299.0	36699.62298185
9299.5	36708.88816155
9300.0	36712.53346394
9300.5	36721.45398313
9301.0	36731.67825917
9301.5	36741.01059255
9302.0	36750.59573932
9302.5	36761.38793695
9303.0	36770.85469145
9303.5	36782.11964857
9304.0	36790.75966181
9304.5	36801.84471961
9305.0	36810.65431399
9305.5	36819.67762585
9306.0	36827.93978728
9306.5	36835.48509071
9307.0	36841.91406902
9307.5	36852.3855849
9308.0	36860.76949939
9308.5	36870.47007903
9309.0	36875.39368235
9309.5	36883.86602812
9310.0	36891.5734089
9310.5	36901.64929785
9311.0	36910.87905422
9311.5	36920.67910508
9312.0	36929.10734847
9312.5	36939.28822153
9313.0	36950.16851738
9313.5	36956.73613048
9314.0	36964.00284105
9314.5	36970.58041881
9315.0	36983.68902161
9315.5	36992.26384162
9316.0	37000.33608101
9316.5	37009.300141
9317.0	37017.68204267
9317.5	37027.84822336
9318.0	37040.4696827
9318.5	37049.94154155
9319.0	37058.74476047
9319.5	37070.15036227
9320.0	37078.78671905
9320.5	37091.86834419
9321.0	37102.53185924
9321.5	37112.98780109
9322.0	37123.63737155
9322.5	37133.58750669
9323.0	37143.71948796
9323.5	37148.74235657
9324.0	37159.04571907
9324.5	37171.12807632
9325.0	37182.000508
9325.5	37193.56647807
9326.0	37201.80886724
9326.5	37212.08862366
9327.0	37222.87319065
9327.5	37231.25715307
9328.0	37239.43249584
9328.5	37246.4928324
9329.0	37252.78550448
9329.5	37261.31539594
9330.0	37271.02761945
9330.5	37279.27349366
9331.0	37286.77682581
9331.5	37295.9321717
9332.0	37306.01822769
9332.5	37313.1170093
9333.0	37323.74561526
9333.5	37331.76807331
9334.0	37339.8999257
9334.5	37353.79365642
9335.0	37362.63525972
9335.5	37372.84096997
9336.0	37381.29672846
9336.5	37390.61071993
9337.0	37402.41542029
9337.5	37412.6629064
9338.0	37419.9565198
9338.5	37426.91970595
9339.0	37436.14095255
9339.5	37442.4075517
9340.0	37449.68009451
9340.5	37457.36601185
9341.0	37467.55233401
9341.5	37474.78560452
9342.0	37483.62549453
9342.5	37492.94852286
9343.0	37498.09838589
9343.5	37508.20928662
9344.0	37517.560407
9344.5	37527.48493833
9345.0	37537.72910728
9345.5	37548.58912326
9346.0	37557.64877249
9346.5	37568.31157639
9347.0	37577.11899887
9347.5	37586.6887442
9348.0	37590.62297734
9348.5	37591.10286375
9349.0	37588.58167234
9349.5	37593.14046648
9350.0	37601.00639804
9350.5	37610.87810137
9351.0	37623.12780568
9351.5	37637.55980004
9352.0	37648.83770084
9352.5	37653.61073687
9353.0	37663.29493736
9353.5	37672.15163195
9354.0	37684.26830111
9354.5	37694.56097646
9355.0	37711.33703265
9355.5	37724.13456576
9356.0	37735.77687787
9356.5	37744.26165353
9357.0	37750.39581672
9357.5	37762.5377824
9358.0	37773.70404429
9358.5	37782.82608589
9359.0	37790.30556584
9359.5	37797.39466804
9360.0	37796.68316843
9360.5	37799.38129205
9361.0	37804.82212622
9361.5	37817.09497849
9362.0	37830.67374625
9362.5	37841.85525106
9363.0	37852.96541973
9363.5	37863.36778302
9364.0	37872.77336673
9364.5	37878.61989373
9365.0	37889.36953292
9365.5	37900.02089268
9366.0	37910.84081201
9366.5	37923.8334665
9367.0	37931.21474881
9367.5	37941.98097678
9368.0	37953.41769535
9368.5	37965.14490454
9369.0	37976.12486321
9369.5	37984.00972248
9370.0	37989.09587929
9370.5	37999.72122295
9371.0	38008.01162489
9371.5	38017.2473108
9372.0	38024.24616155
9372.5	38036.97994763
9373.0	38045.66845732
9373.5	38054.89437943
9374.0	38065.56379409
9374.5	38073.94511071
9375.0	38084.13583094
9375.5	38094.54732688
9376.0	38103.60737339
9376.5	38108.7678189
9377.0	38122.40261074
9377.5	38130.61183757
9378.0	38139.45605863
9378.5	38149.03022022
9379.0	38157.66573885
9379.5	38165.03500224
9380.0	38174.71866905
9380.5	38182.31344903
9381.0	38190.08105303
9381.5	38200.34696885
9382.0	38209.11995515
9382.5	38217.51674046
9383.0	38224.18055162
9383.5	38231.43293379
9384.0	38239.42067227
9384.5	38251.09608687
9385.0	38259.88789408
9385.5	38268.92091684
9386.0	38278.07956527
9386.5	38287.14699607
9387.0	38299.19178731
9387.5	38309.78953852
9388.0	38318.98448064
9388.5	38331.40037897
9389.0	38339.18848305
9389.5	38348.43580129
9390.0	38355.46964564
9390.5	38366.11270801
9391.0	38372.42108408
9391.5	38382.79708109
9392.0	38391.5579181
9392.5	38400.78524
9393.0	38407.95653708
9393.5	38418.667773
9394.0	38424.81197885
9394.5	38432.48918234
9395.0	38441.06462262
9395.5	38452.65702487
9396.0	38462.13835915
9396.5	38471.57762326
9397.0	38482.06587417
9397.5	38489.55338217
9398.0	38501.04958305
9398.5	38511.45824991
9399.0	38518.95167832
9399.5	38527.33310935
9400.0	38536.96123463
9400.5	38548.23957181
9401.0	38556.07291863
9401.5	38563.59202235
9402.0	38574.38783449
9402.5	38586.49367041
9403.0	38597.4694592
9403.5	38607.31556871
9404.0	38615.36259034
9404.5	38622.14175183
9405.0	38632.182927
9405.5	38638.93067218
9406.0	38649.30255488
9406.5	38660.26158477
9407.0	38670.74910102
9407.5	38678.4827921
9408.0	38686.25900368
9408.5	38693.15651274
9409.0	38704.74242631
9409.5	38715.46065915
9410.0	38724.08974752
9410.5	38733.07221486
9411.0	38744.69040052
9411.5	38752.78273137
9412.0	38760.94423179
9412.5	38769.01922993
9413.0	38783.20278731
9413.5	38790.68342
9414.0	38798.38842271
9414.5	38808.21553564
9415.0	38816.76159663
9415.5	38827.14564637
9416.0	38834.84390095
9416.5	38842.13218497
9417.0	38852.3378459
9417.5	38859.43212193
9418.0	38871.14069478
9418.5	38880.79535822
9419.0	38891.92460261
9419.5	38902.05632467
9420.0	38908.04290141
9420.5	38918.71841831
9421.0	38930.76890852
9421.5	38940.58527313
9422.0	38946.45810696
9422.5	38955.91288824
9423.0	38967.02094836
9423.5	38977.21752994
9424.0	38985.4877405
9424.5	38996.62322543
9425.0	39005.17038338
9425.5	39013.8522557
9426.0	39021.92375692
9426.5	39031.06583802
9427.0	39038.87714295
9427.5	39045.85167365
9428.0	39051.98064437
9428.5	39063.95459491
9429.0	39075.53346592
9429.5	39088.46428963
9430.0	39097.99410289
9430.5	39106.56807003
9431.0	39114.79340749
9431.5	39122.48230825
9432.0	39128.92939
9432.5	39139.1214551
9433.0	39150.45351453
9433.5	39156.5413
9434.0	39165.27403771
9434.5	39173.55976911
9435.0	39180.9977766
9435.5	39190.39231726
9436.0	39199.34488999
9436.5	39208.80757609
9437.0	39219.45777276
9437.5	39229.79550028
9438.0	39236.71626741
9438.5	39244.6493463
9439.0	39251.45741975
9439.5	39259.4511885
9440.0	39269.11916741
9440.5	39275.12855691
9441.0	39284.99192708
9441.5	39295.34512466
9442.0	39302.52930906
9442.5	39312.46317684
9443.0	39321.24120681
9443.5	39332.16960583
9444.0	39339.80443557
9444.5	39348.84077696
9445.0	39352.85806999
9445.5	39365.86980877
9446.0	39375.40340496
9446.5	39386.9823647
9447.0	39396.56648371
9447.5	39407.35884946
9448.0	39415.63254423
9448.5	39423.03783713
9449.0	39431.10061211
9449.5	39442.20086006
9450.0	39455.38985503
9450.5	39461.82952777
9451.0	39471.98263147
9451.5	39483.88519125
9452.0	39492.04034226
9452.5	39499.61414357
9453.0	39511.35897939
9453.5	39519.56400625
9454.0	39528.98204925
9454.5	39537.34519299
9455.0	39544.14148319
9455.5	39552.43878105
9456.0	39561.12064259
9456.5	39570.73554309
9457.0	39579.57728996
9457.5	39588.4661165
9458.0	39598.42519901
9458.5	39608.05310765
9459.0	39617.24105948
9459.5	39624.80851002
9460.0	39632.62882223
9460.5	39643.33967477
9461.0	39653.72045809
9461.5	39662.35856551
9462.0	39671.0793157
9462.5	39680.92061992
9463.0	39692.67680046
9463.5	39703.03065191
9464.0	39710.02724042
9464.5	39715.87039319
9465.0	39723.9387895
9465.5	39735.09599668
9466.0	39740.99495895
9466.5	39749.71439428
9467.0	39757.75908625
9467.5	39765.80024309
9468.0	39776.56805536
9468.5	39786.17028334
9469.0	39795.58488159
9469.5	39807.50600303
9470.0	39815.08198901
9470.5	39823.97318946
9471.0	39833.31721805
9471.5	39840.16801315
9472.0	39850.39192154
9472.5	39860.33706838
9473.0	39868.03969808
9473.5	39877.81617898
9474.0	39890.32065515
9474.5	39898.29516596
9475.0	39908.70801748
9475.5	39914.46064323
9476.0	39927.24565192
9476.5	39936.18675079
9477.0	39945.89557793
9477.5	39953.30135575
9478.0	39962.08877933
9478.5	39970.74950522
9479.0	39979.37207211
9479.5	39987.98863253
9480.0	39995.36383333
9480.5	40005.24663846
9481.0	40010.46842011
9481.5	40018.1470866
9482.0	40021.00701204
9482.5	40013.53060264
9483.0	39987.6635546
9483.5	39963.3254644
9484.0	39951.53146388
9484.5	39964.72594659
9485.0	39994.7266952
9485.5	40012.87789612
9486.0	40035.89064029
9486.5	40055.09316933
9487.0	40080.49896988
9487.5	40103.95456201
9488.0	40122.6870395
9488.5	40129.12197445
9489.0	40125.24809011
9489.5	40111.8121557
9490.0	40091.02390438
9490.5	40076.65378659
9491.0	40082.27177697
9491.5	40102.67105636
9492.0	40122.82734361
9492.5	40139.33411916
9493.0	40159.22317592
9493.5	40185.92351336
9494.0	40213.78066651
9494.5	40237.07915521
9495.0	40252.48908758
9495.5	40266.19388556
9496.0	40276.26354718
9496.5	40283.57903234
9497.0	40293.52612061
9497.5	40304.21144611
9498.0	40315.31521351
9498.5	40323.44982135
9499.0	40331.81604246
9499.5	40341.10274028
9500.0	40352.84705833
9500.5	40359.41958415
9501.0	40367.05948222
9501.5	40374.18753473
9502.0	40382.88205456
9502.5	40394.2392803
9503.0	40403.23646695
9503.5	40414.02799033
9504.0	40422.33677034
9504.5	40430.91993774
9505.0	40439.57163874
9505.5	40449.99023795
9506.0	40459.39014504
9506.5	40468.57977231
9507.0	40477.97030371
9507.5	40484.63707932
9508.0	40492.81969858
9508.5	40501.06855891
9509.0	40511.18065096
9509.5	40521.0089198
9510.0	40532.06632472
9510.5	40541.09835245
9511.0	40549.80323911
9511.5	40557.07579003
9512.0	40567.70610292
9512.5	40577.22454748
9513.0	40584.1865174
9513.5	40595.611976
9514.0	40603.76110037
9514.5	40612.22736001
9515.0	40622.19571497
9515.5	40632.91614809
9516.0	40636.09011702
9516.5	40644.34594259
9517.0	40652.43046877
9517.5	40661.78736088
9518.0	40671.22199535
9518.5	40679.41890024
9519.0	40690.85877443
9519.5	40698.18265817
9520.0	40708.74333719
9520.5	40720.61267132
9521.0	40729.4934322
9521.5	40739.2456064
9522.0	40747.00710456
9522.5	40757.98541048
9523.0	40763.3304667
9523.5	40772.19727133
9524.0	40780.22271308
9524.5	40790.90004701
9525.0	40802.14760752
9525.5	40812.93032137
9526.0	40820.54991299
9526.5	40831.90273306
9527.0	40839.51393486
9527.5	40847.89150102
9528.0	40856.68947014
9528.5	40868.86793342
9529.0	40873.36493126
9529.5	40885.56403463
9530.0	40895.83093566
9530.5	40903.92727998
9531.0	40914.5276224
9531.5	40922.53175413
9532.0	40930.97462905
9532.5	40940.70444698
9533.0	40952.43858366
9533.5	40961.33848611
9534.0	40969.34187187
9534.5	40976.39839977
9535.0	40988.94164548
9535.5	40995.5810724
9536.0	41005.57159141
9536.5	41016.18130362
9537.0	41025.89821405
9537.5	41036.52731512
9538.0	41044.01724274
9538.5	41052.42712678
9539.0	41061.25585311
9539.5	41068.57321861
9540.0	41076.39914796
9540.5	41083.94142243
9541.0	41091.02240198
9541.5	41098.87090821
9542.0	41110.08710176
9542.5	41117.0496727
9543.0	41124.77644467
9543.5	41133.24247896
9544.0	41142.37940414
9544.5	41148.16492656
9545.0	41156.95735524
9545.5	41169.10091555
9546.0	41177.85528012
9546.5	41184.01685602
9547.0	41194.70188994
9547.5	41203.08626165
9548.0	41211.35095395
9548.5	41219.48716818
9549.0	41227.53656901
9549.5	41238.25998765
9550.0	41248.86411498
9550.5	41257.12895739
9551.0	41265.94864988
9551.5	41277.33609124
9552.0	41286.42433268
9552.5	41295.6699676
9553.0	41301.51747821
9553.5	41310.50132231
9554.0	41316.02864049
9554.5	41325.24581526
9555.0	41333.31123353
9555.5	41344.70282433
9556.0	41354.51012984
9556.5	41362.44142167
9557.0	41373.25268091
9557.5	41381.68175028
9558.0	41388.71392855
9558.5	41396.51707637
9559.0	41405.23749612
9559.5	41417.84041442
9560.0	41426.18814195
9560.5	41434.03382953
9561.0	41442.28354358
9561.5	41448.25758476
9562.0	41458.07118644
9562.5	41470.32874773
9563.0	41479.11022291
9563.5	41490.66253151
9564.0	41502.60383077
9564.5	41511.24882456
9565.0	41519.91624409
9565.5	41526.19275412
9566.0	41535.52913962
9566.5	41545.69684626
9567.0	41555.62716544
9567.5	41565.36882141
9568.0	41569.71209417
9568.5	41581.46025359
9569.0	41589.19922983
9569.5	41599.03462019
9570.0	41610.42806259
9570.5	41619.47252807
9571.0	41625.47992663
9571.5	41634.49031964
9572.0	41642.41214771
9572.5	41654.82873269
9573.0	41664.42799554
9573.5	41669.31716371
9574.0	41682.39434086
9574.5	41688.19310671
9575.0	41697.1004869
9575.5	41707.44541637
9576.0	41715.4979922
9576.5	41722.23741261
9577.0	41729.71025307
9577.5	41741.03384056
9578.0	41747.03213211
9578.5	41757.19215048
9579.0	41767.94047733
9579.5	41773.99052948
9580.0	41785.30437727
9580.5	41795.33371284
9581.0	41806.48730759
9581.5	41814.89218668
9582.0	41824.88917345
9582.5	41830.82797442
9583.0	41838.80883763
9583.5	41849.87785083
9584.0	41856.64754932
9584.5	41866.61681811
9585.0	41874.52950559
9585.5	41881.54492655
9586.0	41891.00559096
9586.5	41902.01138656
9587.0	41909.68783138
9587.5	41916.12953873
9588.0	41924.08348624
9588.5	41931.91490673
9589.0	41944.28001941
9589.5	41950.17955083
9590.0	41960.83345402
9590.5	41970.31706441
9591.0	41973.68293081
9591.5	41982.01250768
9592.0	41992.93164225
9592.5	42003.07651864
9593.0	42011.67170856
9593.5	42021.32688946
9594.0	42027.21183606
9594.5	42034.7206741
9595.0	42044.62564316
9595.5	42051.08213941
9596.0	42057.39844171
9596.5	42069.98818779
9597.0	42073.22256704
9597.5	42083.29162216
9598.0	42092.58608501
9598.5	42099.64738362
9599.0	42109.40795688
9599.5	42119.48552457
9600.0	42130.50978088
9600.5	42137.14715307
9601.0	42143.71251999
9601.5	42151.06727831
9602.0	42160.32768383
9602.5	42171.74731183
9603.0	42178.87466757
9603.5	42188.05883111
9604.0	42197.37094841
9604.5	42203.34857006
9605.0	42213.9699293
9605.5	42220.21841118
9606.0	42228.37570485
9606.5	42235.61600754
9607.0	42244.80005739
9607.5	42255.91393667
9608.0	42262.74552772
9608.5	42270.1628458
9609.0	42280.2658279
9609.5	42290.3013485
9610.0	42298.20458201
9610.5	42309.80751097
9611.0	42318.28006485
9611.5	42326.6591488
9612.0	42338.55657147
9612.5	42343.32810025
9613.0	42354.0902249
9613.5	42365.22630939
9614.0	42375.38351894
9614.5	42384.37100729
9615.0	42393.55145812
9615.5	42405.70677431
9616.0	42416.53943097
9616.5	42422.82379137
9617.0	42430.59073985
9617.5	42441.89085268
9618.0	42447.15054231
9618.5	42456.3399742
9619.0	42463.3267333
9619.5	42469.28449839
9620.0	42479.05884593
9620.5	42491.16559151
9621.0	42498.07187569
9621.5	42504.79741184
9622.0	42512.89571023
9622.5	42523.3843648
9623.0	42531.44885415
9623.5	42537.54728947
9624.0	42547.96549169
9624.5	42558.03833603
9625.0	42568.66130741
9625.5	42574.35616718
9626.0	42581.6918407
9626.5	42590.75165595
9627.0	42600.16140724
9627.5	42607.64345411
9628.0	42615.59583838
9628.5	42626.73951721
9629.0	42634.28197219
9629.5	42640.90233835
9630.0	42651.55012207
9630.5	42661.89789495
9631.0	42668.459158
9631.5	42675.63021075
9632.0	42682.26433585
9632.5	42690.18672449
9633.0	42702.35694303
9633.5	42709.90398048
9634.0	42720.20499438
9634.5	42728.29430005
9635.0	42738.01126472
9635.5	42748.54599818
9636.0	42758.89465664
9636.5	42765.85349985
9637.0	42773.69151536
9637.5	42779.63110928
9638.0	42791.79263261
9638.5	42795.16542171
9639.0	42806.10813033
9639.5	42813.55386144
9640.0	42823.34862111
9640.5	42835.32977961
9641.0	42844.33070895
9641.5	42854.79078549
9642.0	42861.15020769
9642.5	42868.34366878
9643.0	42876.07837023
9643.5	42885.83325316
9644.0	42894.36145597
9644.5	42905.55838663
9645.0	42914.77641829
9645.5	42923.66749003
9646.0	42931.87204854
9646.5	42940.34223472
9647.0	42949.99092106
9647.5	42955.96652838
9648.0	42967.74194346
9648.5	42975.36474868
9649.0	42986.31185858
9649.5	42993.35916125
9650.0	43005.14471776
9650.5	43017.83034153
9651.0	43024.80907909
9651.5	43031.50683546
9652.0	43040.05849842
9652.5	43050.37593246
9653.0	43057.77561801
9653.5	43062.93639946
9654.0	43071.46713268
9654.5	43079.43050148
9655.0	43088.24538623
9655.5	43094.95830883
9656.0	43100.80149859
9656.5	43107.88471681
9657.0	43114.58948935
9657.5	43119.81204642
9658.0	43123.78860061
9658.5	43127.45580738
9659.0	43131.39721596
9659.5	43132.39603368
9660.0	43136.73664085
9660.5	43140.15393945
9661.0	43143.72406698
9661.5	43147.25746671
9662.0	43151.18024542
9662.5	43154.22602682
9663.0	43162.26627917
9663.5	43167.91239342
9664.0	43173.99834753
9664.5	43180.66985615
9665.0	43187.46942045
9665.5	43194.77963144
9666.0	43201.1213071
9666.5	43208.57641702
9667.0	43216.3865601
9667.5	43221.19316855
9668.0	43230.75332237
9668.5	43241.95509013
9669.0	43247.64279262
9669.5	43254.56468409
9670.0	43264.59128517
9670.5	43271.95718956
9671.0	43280.1987277
9671.5	43291.83973522
9672.0	43299.73204534
9672.5	43312.0703724
9673.0	43319.1891956
9673.5	43326.96090766
9674.0	43337.97663992
9674.5	43346.37791147
9675.0	43353.04816795
9675.5	43359.59187384
9676.0	43370.01697767
9676.5	43381.13317719
9677.0	43390.60778531
9677.5	43399.74169552
9678.0	43410.37483744
9678.5	43417.42600669
9679.0	43424.50721649
9679.5	43437.39837
9680.0	43446.51122052
9680.5	43454.73946961
9681.0	43461.83150197
9681.5	43470.1731083
9682.0	43478.04504364
9682.5	43490.19646341
9683.0	43492.94879008
9683.5	43502.01431564
9684.0	43510.96638673
9684.5	43518.89849793
9685.0	43528.5586494
9685.5	43539.19737973
9686.0	43545.24945084
9686.5	43558.59118976
9687.0	43569.84391957
9687.5	43578.14032354
9688.0	43586.77118236
9688.5	43595.7878377
9689.0	43605.20784981
9689.5	43610.70915121
9690.0	43617.87090751
9690.5	43623.4652629
9691.0	43630.76162815
9691.5	43639.54215904
9692.0	43650.06074608
9692.5	43657.2596664
9693.0	43667.52900368
9693.5	43674.23130777
9694.0	43682.32874963
9694.5	43691.25923487
9695.0	43699.43046161
9695.5	43708.203753
9696.0	43717.59710814
9696.5	43725.969723
9697.0	43731.61315038
9697.5	43738.49931867
9698.0	43749.09509961
9698.5	43759.2477174
9699.0	43769.50672991
9699.5	43776.70970441
9700.0	43786.16241202
9700.5	43794.75346113
9701.0	43800.19362157
9701.5	43806.28145313
9702.0	43815.50254458
9702.5	43824.89973564
9703.0	43834.0016889
9703.5	43842.0812506
9704.0	43849.92547423
9704.5	43856.05174926
9705.0	43862.03111227
9705.5	43869.45346279
9706.0	43875.01484872
9706.5	43883.40517203
9707.0	43889.0656383
9707.5	43897.05828884
9708.0	43903.29988169
9708.5	43911.67765079
9709.0	43922.86357824
9709.5	43933.36909917
9710.0	43944.72291205
9710.5	43950.39416691
9711.0	43958.58697826
9711.5	43963.97227382
9712.0	43972.83991342
9712.5	43979.08675709
9713.0	43987.00448788
9713.5	43992.57085338
9714.0	44002.78571218
9714.5	44013.97479705
9715.0	44021.56178944
9715.5	44031.25577636
9716.0	44039.32518479
9716.5	44047.47258221
9717.0	44059.21667956
9717.5	44068.79966095
9718.0	44074.34147301
9718.5	44082.14021001
9719.0	44090.44396667
9719.5	44095.64118987
9720.0	44100.68560935
9720.5	44111.61110743
9721.0	44119.34007923
9721.5	44125.04752767
9722.0	44132.08723047
9722.5	44136.82164364
9723.0	44145.22886459
9723.5	44153.43901037
9724.0	44165.56795463
9724.5	44170.84351423
9725.0	44179.84849468
9725.5	44189.62579888
9726.0	44197.27401211
9726.5	44207.29131395
9727.0	44218.53020833
9727.5	44224.93178311
9728.0	44233.75382767
9728.5	44242.77465343
9729.0	44249.63380855
9729.5	44256.31031852
9730.0	44264.6393717
9730.5	44272.76899729
9731.0	44282.72049726
9731.5	44290.08460913
9732.0	44295.62655516
9732.5	44302.61353688
9733.0	44310.01000777
9733.5	44320.51189397
9734.0	44329.64134993
9734.5	44339.58106868
9735.0	44348.64901403
9735.5	44357.53763794
9736.0	44364.00698773
9736.5	44375.7310485
9737.0	44383.44523455
9737.5	44394.35163207
9738.0	44405.54387022
9738.5	44409.95638261
9739.0	44420.35199511
9739.5	44426.67955799
9740.0	44435.80851186
9740.5	44446.33623758
9741.0	44449.54469309
9741.5	44462.21127024
9742.0	44467.56238968
9742.5	44476.67230268
9743.0	44482.47980385
9743.5	44485.54170849
9744.0	44494.59978443
9744.5	44502.5042428
9745.0	44511.14197953
9745.5	44517.76558811
9746.0	44526.41925803
9746.5	44537.73296269
9747.0	44545.49138452
9747.5	44553.56199287
9748.0	44558.51714953
9748.5	44563.17186223
9749.0	44571.32097931
9749.5	44582.72435905
9750.0	44588.82248359
9750.5	44596.16058513
9751.0	44606.55771428
9751.5	44613.5239554
9752.0	44622.82005521
9752.5	44632.9852939
9753.0	44643.90260813
9753.5	44651.47070219
9754.0	44656.24884107
9754.5	44664.77268036
9755.0	44674.8100062
9755.5	44683.23816505
9756.0	44691.4668497
9756.5	44700.20230224
9757.0	44708.04753369
9757.5	44714.10142148
9758.0	44717.56082734
9758.5	44726.99401489
9759.0	44734.85846353
9759.5	44743.58685142
9760.0	44752.07474897
9760.5	44762.60147513
9761.0	44771.08517778
9761.5	44781.43382599
9762.0	44789.35885138
9762.5	44798.70811586
9763.0	44805.38619851
9763.5	44813.61544703
9764.0	44825.39957812
9764.5	44832.75555425
9765.0	44844.30535
9765.5	44854.35074482
9766.0	44860.90564744
9766.5	44870.32542894
9767.0	44878.41478583
9767.5	44886.50562711
9768.0	44895.80254961
9768.5	44903.98860642
9769.0	44913.68816001
9769.5	44919.31416376
9770.0	44926.13923645
9770.5	44933.84609992
9771.0	44940.37173787
9771.5	44945.12160761
9772.0	44955.62621379
9772.5	44960.24522098
9773.0	44966.5762019
9773.5	44974.45600281
9774.0	44984.03783703
9774.5	44992.90772878
9775.0	45000.75583858
9775.5	45008.09588811
9776.0	45013.58375879
9776.5	45020.85646204
9777.0	45029.15785256
9777.5	45039.65578136
9778.0	45050.93724576
9778.5	45055.61179891
9779.0	45067.80166017
9779.5	45073.4212504
9780.0	45079.99704054
9780.5	45089.31304451
9781.0	45098.27961586
9781.5	45104.40757958
9782.0	45112.19366683
9782.5	45119.1145612
9783.0	45125.61704169
9783.5	45132.34722771
9784.0	45142.53668638
9784.5	45151.01495884
9785.0	45160.20733668
9785.5	45169.07250858
9786.0	45176.74071838
9786.5	45180.82702491
9787.0	45188.90515188
9787.5	45195.19959693
9788.0	45205.03974744
9788.5	45214.7905185
9789.0	45223.39977785
9789.5	45230.21935654
9790.0	45238.5040649
9790.5	45248.77922301
9791.0	45255.0147037
9791.5	45261.73210528
9792.0	45269.09779488
9792.5	45277.87616266
9793.0	45283.19817945
9793.5	45289.91812554
9794.0	45298.91331339
9794.5	45305.47475697
9795.0	45314.24035151
9795.5	45319.56531099
9796.0	45328.39509754
9796.5	45332.97733319
9797.0	45340.51305011
9797.5	45350.17926955
9798.0	45359.47404735
9798.5	45361.16806993
9799.0	45367.82593336
9799.5	45379.82892904
9800.0	45388.48691605
9800.5	45395.8962982
9801.0	45406.29572437
9801.5	45412.83111757
9802.0	45420.83891601
9802.5	45431.27014317
9803.0	45438.26955733
9803.5	45447.57912729
9804.0	45450.86929753
9804.5	45459.2778316
9805.0	45466.57721715
9805.5	45476.92197706
9806.0	45484.23143541
9806.5	45491.73849366
9807.0	45499.50768916
9807.5	45508.9676871
9808.0	45511.86325787
9808.5	45517.82949394
9809.0	45525.01764261
9809.5	45535.91887955
9810.0	45542.07833204
9810.5	45549.07430641
9811.0	45556.52067512
9811.5	45565.98054165
9812.0	45573.50892496
9812.5	45581.61939185
9813.0	45589.78641981
9813.5	45596.40219594
9814.0	45604.35543368
9814.5	45613.58217029
9815.0	45616.98153236
9815.5	45621.50658429
9816.0	45631.39140314
9816.5	45636.20883236
9817.0	45639.51316118
9817.5	45645.62261867
9818.0	45656.42717181
9818.5	45659.3102028
9819.0	45668.43949452
9819.5	45678.67683201
9820.0	45685.49978326
9820.5	45694.38789146
9821.0	45703.65896704
9821.5	45707.53808241
9822.0	45714.33123469
9822.5	45721.66382149
9823.0	45731.78188387
9823.5	45737.39505091
9824.0	45745.35136754
9824.5	45753.88553154
9825.0	45758.24469432
9825.5	45765.97359261
9826.0	45769.03865036
9826.5	45778.60225459
9827.0	45785.73548217
9827.5	45793.44259259
9828.0	45798.05385321
9828.5	45805.02500275
9829.0	45812.91211853
9829.5	45817.84040712
9830.0	45822.40400275
9830.5	45828.27975952
9831.0	45835.51389064
9831.5	45846.24244488
9832.0	45854.18207912
9832.5	45862.37993008
9833.0	45867.66605223
9833.5	45874.76095727
9834.0	45881.01957032
9834.5	45888.47730636
9835.0	45893.10198639
9835.5	45903.04907881
9836.0	45905.03465822
9836.5	45913.47247163
9837.0	45923.00110168
9837.5	45924.41481276
9838.0	45930.15630021
9838.5	45934.5309624
9839.0	45941.20544099
9839.5	45947.19425246
9840.0	45951.84282465
9840.5	45955.61216325
9841.0	45961.35321904
9841.5	45967.18270891
9842.0	45974.9396061
9842.5	45975.99156966
9843.0	45984.03643438
9843.5	45986.66219566
9844.0	45990.89502617
9844.5	45997.47959197
9845.0	46001.95975064
9845.5	46007.90493775
9846.0	46014.36830522
9846.5	46020.02720198
9847.0	46029.86359095
9847.5	46034.59071383
9848.0	46037.56999764
9848.5	46042.15766595
9849.0	46041.33093657
9849.5	46042.51946597
9850.0	46044.63128644
9850.5	46046.73167057
9851.0	46050.59769375
9851.5	46051.65012924
9852.0	46054.9709285
9852.5	46057.61270312
9853.0	46059.73488665
9853.5	46060.95256176
9854.0	46064.32644679
9854.5	46065.38914704
9855.0	46069.08077555
9855.5	46068.61013455
9856.0	46068.70614507
9856.5	46068.88326309
9857.0	46073.83703849
9857.5	46073.73600587
9858.0	46070.63839866
9858.5	46070.93403421
9859.0	46071.68517241
9859.5	46069.07194315
9860.0	46061.43681973
9860.5	46056.765018
9861.0	46051.69697888
9861.5	46047.47092571
9862.0	46045.38329897
9862.5	46039.50836927
9863.0	46031.60001344
9863.5	46021.45312369
9864.0	46006.67687891
9864.5	45997.80657074
9865.0	45983.32423648
9865.5	45967.78760761
9866.0	45951.05004085
9866.5	45930.2637728
9867.0	45903.80282576
9867.5	45876.19147162
9868.0	45845.6838408
9868.5	45812.12052138
9869.0	45770.62693701
9869.5	45726.49849402
9870.0	45669.88440719
9870.5	45612.01023669
9871.0	45542.8461705
9871.5	45460.76536825
9872.0	45358.87203691
9872.5	45244.13232918
9873.0	45091.10341759
9873.5	44891.97976358
9874.0	44625.09027912
9874.5	44280.24699394
9875.0	43865.07454476
9875.5	43292.51491173
9876.0	42392.42336932
9876.5	40999.58871469
9877.0	39155.49682044
9877.5	37542.25624714
9878.0	36894.96798076
9878.5	37441.30139809
9879.0	38382.73040762
9879.5	38956.72989262
9880.0	39441.79445425
9880.5	39892.40002834
9881.0	40355.92926148
9881.5	40535.82355623
9882.0	40338.77396188
9882.5	39733.25022882
9883.0	38772.65360355
9883.5	37900.47242721
9884.0	37728.32054551
9884.5	38530.47407681
9885.0	39796.66766631
9885.5	40872.00785695
9886.0	41781.59540023
9886.5	42782.42413538
9887.0	43954.31461088
9887.5	45081.84920137
9888.0	45938.9645158
9888.5	46455.02852885
9889.0	46716.11386071
9889.5	46858.71153413
9890.0	46957.79558701
9890.5	47039.3806732
9891.0	47102.71152428
9891.5	47145.88729592
9892.0	47174.02436566
9892.5	47191.0318121
9893.0	47205.36871912
9893.5	47216.8717056
9894.0	47227.7274626
9894.5	47235.53083841
9895.0	47245.52215436
9895.5	47249.95576435
9896.0	47256.66696238
9896.5	47260.58827167
9897.0	47265.4179008
9897.5	47269.61283349
9898.0	47271.47861527
9898.5	47272.01077819
9899.0	47279.83242073
9899.5	47286.67847585
9900.0	47289.29398434
9900.5	47293.4207573
9901.0	47297.06487034
9901.5	47305.24218897
9902.0	47308.44387861
9902.5	47311.98727215
9903.0	47314.36209605
9903.5	47316.61636007
9904.0	47323.46083758
9904.5	47330.62017202
9905.0	47332.33711156
9905.5	47336.30153521
9906.0	47344.18533312
9906.5	47347.16769054
9907.0	47350.34302003
9907.5	47354.68327805
9908.0	47358.40802462
9908.5	47364.77106638
9909.0	47366.00474379
9909.5	47374.31766067
9910.0	47380.52183335
9910.5	47388.21569664
9911.0	47393.62187566
9911.5	47397.26340795
9912.0	47406.35751762
9912.5	47410.03276479
9913.0	47416.25697216
9913.5	47421.06676674
9914.0	47428.46126319
9914.5	47437.48796167
9915.0	47442.14613175
9915.5	47445.98497131
9916.0	47454.85634552
9916.5	47461.4637658
9917.0	47468.92626522
9917.5	47472.75060616
9918.0	47481.07425415
9918.5	47487.38222694
9919.0	47496.01216633
9919.5	47500.18781347
9920.0	47508.9876138
9920.5	47512.83065455
9921.0	47518.44864662
9921.5	47526.53423018
9922.0	47536.44183931
9922.5	47543.89603266
9923.0	47547.83833809
9923.5	47557.04131094
9924.0	47564.17033255
9924.5	47568.75814553
9925.0	47575.80985776
9925.5	47585.11345143
9926.0	47587.45253566
9926.5	47597.56850844
9927.0	47603.10330889
9927.5	47608.67159854
9928.0	47611.8824709
9928.5	47621.68008544
9929.0	47627.76518969
9929.5	47632.50731053
9930.0	47637.94189636
9930.5	47645.91143464
9931.0	47654.34043498
9931.5	47661.1023415
9932.0	47667.30259122
9932.5	47674.8893752
9933.0	47679.86232202
9933.5	47687.10686013
9934.0	47688.35296857
9934.5	47695.77111125
9935.0	47700.51310432
9935.5	47708.65791203
9936.0	47713.79791951
9936.5	47721.92057212
9937.0	47729.5619264
9937.5	47739.77256608
9938.0	47742.8788185
9938.5	47749.90661902
9939.0	47757.02456577
9939.5	47768.58327589
9940.0	47770.52902255
9940.5	47775.31249245
9941.0	47780.63625346
9941.5	47788.87293673
9942.0	47793.07808557
9942.5	47802.17084184
9943.0	47807.90243846
9943.5	47811.49779313
9944.0	47816.50949658
9944.5	47826.91251657
9945.0	47834.01243206
9945.5	47839.94430265
9946.0	47850.67033519
9946.5	47858.26894422
9947.0	47863.57509178
9947.5	47871.10839764
9948.0	47878.64183263
9948.5	47884.49251805
9949.0	47889.8151747
9949.5	47897.16344643
9950.0	47906.15189384
9950.5	47912.01347693
9951.0	47920.40626228
9951.5	47929.65284949
9952.0	47934.2852588
9952.5	47942.96522266
9953.0	47948.30499145
9953.5	47956.09333517
9954.0	47964.74122943
9954.5	47972.35027039
9955.0	47979.05950484
9955.5	47984.183298
9956.0	47992.45993376
9956.5	48002.04648472
9957.0	48009.3451185
9957.5	48015.16527749
9958.0	48024.86204276
9958.5	48030.64581993
9959.0	48034.36136783
9959.5	48042.08898574
9960.0	48049.57283004
9960.5	48055.21506559
9961.0	48062.92306089
9961.5	48069.10077827
9962.0	48077.58405008
9962.5	48082.96455243
9963.0	48090.57514834
9963.5	48098.58405528
9964.0	48106.96417324
9964.5	48113.61235716
9965.0	48124.76916872
9965.5	48129.28139553
9966.0	48136.10110667
9966.5	48142.8633847
9967.0	48148.14863248
9967.5	48159.12358531
9968.0	48170.30013937
9968.5	48175.76406827
9969.0	48183.13177925
9969.5	48187.93767988
9970.0	48197.37213198
9970.5	48203.80263815
9971.0	48207.01379117
9971.5	48215.42840142
9972.0	48221.55430692
9972.5	48227.69106323
9973.0	48232.27492961
9973.5	48240.45105121
9974.0	48247.28761136
9974.5	48253.92117331
9975.0	48261.1066956
9975.5	48266.39915935
9976.0	48274.79883266
9976.5	48283.53458766
9977.0	48288.94525861
9977.5	48299.51434146
9978.0	48304.10036167
9978.5	48311.57698932
9979.0	48320.07312553
9979.5	48328.43324775
9980.0	48335.23914854