7000.0	10866.525313
7000.5	10866.42382084
7001.0	10866.35251006
7001.5	10866.5480942
7002.0	10866.55024565
7002.5	10866.62911578
7003.0	10867.09398539
7003.5	10867.27877364
7004.0	10866.92336614
7004.5	10866.71499942
7005.0	10867.1487386
7005.5	10867.10656725
7006.0	10866.91039564
7006.5	10867.0695187
7007.0	10867.27673621
7007.5	10866.99503119
7008.0	10866.92610267
7008.5	10866.82045079
7009.0	10866.5239916
7009.5	10866.41324671
7010.0	10866.23409536
7010.5	10865.73107102
7011.0	10865.99668676
7011.5	10866.66061555
7012.0	10866.48134034
7012.5	10866.61497346
7013.0	10866.65798708
7013.5	10866.29232274
7014.0	10865.17033611
7014.5	10864.5023228
7015.0	10864.01102513
7015.5	10863.99187028
7016.0	10864.66006164
7016.5	10865.51021014
7017.0	10866.69577187
7017.5	10867.73733829
7018.0	10867.60771867
7018.5	10867.60428767
7019.0	10867.30900752
7019.5	10866.88818255
7020.0	10866.7877611
7020.5	10867.26355631
7021.0	10867.85732412
7021.5	10868.74466483
7022.0	10869.35807734
7022.5	10870.41265008
7023.0	10871.30109072
7023.5	10872.34117505
7024.0	10872.32355663
7024.5	10872.01203845
7025.0	10871.33367304
7025.5	10871.63196692
7026.0	10871.43746671
7026.5	10871.5201787
7027.0	10871.9973118
7027.5	10871.91032939
7028.0	10872.02280847
7028.5	10872.36776095
7029.0	10872.46912019
7029.5	10872.9076668
7030.0	10872.73025872
7030.5	10873.0964773
7031.0	10873.03630336
7031.5	10872.78717448
7032.0	10872.82263876
7032.5	10872.56121221
7033.0	10872.47374471
7033.5	10872.93368839
7034.0	10872.73504688
7034.5	10873.12856377
7035.0	10873.28270797
7035.5	10873.79282625
7036.0	10873.65800017
7036.5	10874.02010688
7037.0	10874.57217304
7037.5	10875.14743508
7038.0	10875.59857328
7038.5	10875.79917884
7039.0	10876.12958176
7039.5	10876.48602981
7040.0	10877.19726426
7040.5	10877.37035423
7041.0	10877.60320482
7041.5	10877.78206879
7042.0	10877.78855141
7042.5	10878.31684204
7043.0	10878.63234024
7043.5	10878.8823616
7044.0	10879.53829097
7044.5	10879.80583381
7045.0	10880.3726746
7045.5	10881.0642092
7046.0	10881.42339899
7046.5	10882.28552719
7047.0	10882.88996214
7047.5	10883.94729254
7048.0	10884.39978275
7048.5	10884.6935998
7049.0	10885.69345388
7049.5	10886.92233532
7050.0	10888.07347838
7050.5	10888.68503502
7051.0	10889.34675093
7051.5	10889.86700334
7052.0	10890.13479291
7052.5	10890.63341271
7053.0	10890.91968104
7053.5	10891.68817577
7054.0	10891.59992978
7054.5	10891.78879724
7055.0	10891.63156289
7055.5	10891.89678566
7056.0	10892.36765583
7056.5	10892.7811061
7057.0	10892.81890024
7057.5	10892.75375074
7058.0	10892.64382997
7058.5	10893.11264339
7059.0	10893.63026984
7059.5	10893.91449151
7060.0	10894.08204178
7060.5	10894.60461396
7061.0	10894.91655011
7061.5	10894.51624375
7062.0	10894.48127929
7062.5	10894.80889585
7063.0	10895.36475134
7063.5	10895.81969529
7064.0	10896.29518804
7064.5	10896.98708601
7065.0	10897.8520029
7065.5	10898.6530137
7066.0	10900.08285797
7066.5	10901.10061973
7067.0	10901.46957754
7067.5	10901.86797476
7068.0	10902.01513702
7068.5	10902.13777774
7069.0	10902.02677075
7069.5	10902.59359955
7070.0	10902.93233163
7070.5	10903.9128974
7071.0	10904.83185577
7071.5	10905.43356984
7072.0	10906.04879688
7072.5	10906.81580948
7073.0	10907.48249212
7073.5	10908.8907409
7074.0	10909.99675427
7074.5	10910.44297986
7075.0	10911.51267752
7075.5	10912.23452119
7076.0	10912.5896081
7076.5	10912.94270563
7077.0	10913.08565629
7077.5	10912.97809315
7078.0	10913.16748197
7078.5	10913.07594282
7079.0	10913.46769487
7079.5	10914.33445427
7080.0	10914.80125336
7080.5	10915.70512528
7081.0	10916.32199066
7081.5	10917.11022997
7082.0	10917.19538394
7082.5	10917.68157137
7083.0	10917.95028231
7083.5	10918.3366419
7084.0	10918.97441909
7084.5	10919.68438153
7085.0	10920.19076771
7085.5	10920.3514112
7086.0	10920.76759863
7086.5	10921.8445805
7087.0	10922.55887531
7087.5	10922.70254642
7088.0	10923.40592384
7088.5	10924.755322
7089.0	10925.67998885
7089.5	10926.34384555
7090.0	10926.82246839
7090.5	10927.11348123
7091.0	10927.22825656
7091.5	10927.58604067
7092.0	10928.06018396
7092.5	10928.21717079
7093.0	10929.08085116
7093.5	10930.06031428
7094.0	10930.52465442
7094.5	10931.07485409
7095.0	10931.65309022
7095.5	10931.83791458
7096.0	10932.3869174
7096.5	10932.82333537
7097.0	10933.15207535
7097.5	10934.11602537
7098.0	10934.51690652
7098.5	10935.18618847
7099.0	10935.50343138
7099.5	10935.78355817
7100.0	10936.67290469
7100.5	10937.86177474
7101.0	10938.8971361
7101.5	10939.68109899
7102.0	10940.17099812
7102.5	10941.48807293
7103.0	10942.75360738
7103.5	10943.41048015
7104.0	10944.37202875
7104.5	10944.91539163
7105.0	10945.67135953
7105.5	10946.36372947
7106.0	10946.7802427
7106.5	10947.23909431
7107.0	10947.17316381
7107.5	10946.71153488
7108.0	10946.06608934
7108.5	10945.68676976
7109.0	10945.42579945
7109.5	10944.32902962
7110.0	10942.45169194
7110.5	10940.3647853
7111.0	10937.94280715
7111.5	10934.79788273
7112.0	10931.92618261
7112.5	10930.64135543
7113.0	10930.24280359
7113.5	10930.14740211
7114.0	10930.62344715
7114.5	10930.56660599
7115.0	10930.7656595
7115.5	10930.82855426
7116.0	10930.56861027
7116.5	10930.08463134
7117.0	10929.20380929
7117.5	10928.45481368
7118.0	10928.48964993
7118.5	10928.25580897
7119.0	10927.77539888
7119.5	10927.47920961
7120.0	10927.42653004
7120.5	10927.02936303
7121.0	10925.75040829
7121.5	10924.91197598
7122.0	10923.72560269
7122.5	10922.80666747
7123.0	10921.40587134
7123.5	10920.15144394
7124.0	10918.55735077
7124.5	10917.11354479
7125.0	10915.46829112
7125.5	10913.89385161
7126.0	10912.60374701
7126.5	10912.13878461
7127.0	10912.00962685
7127.5	10911.81099787
7128.0	10910.63237983
7128.5	10909.26338683
7129.0	10908.04854075
7129.5	10905.88448142
7130.0	10903.29086432
7130.5	10901.4130445
7131.0	10900.52437634
7131.5	10900.46429851
7132.0	10900.60922238
7132.5	10901.98004696
7133.0	10903.61278722
7133.5	10904.79725354
7134.0	10905.69232232
7134.5	10907.15670989
7135.0	10907.58403976
7135.5	10901.91683441
7136.0	10870.38737383
7136.5	10793.7482163
7137.0	10733.87533208
7137.5	10776.9005675
7138.0	10846.98149705
7138.5	10884.59108442
7139.0	10899.67126995
7139.5	10905.81146847
7140.0	10908.34669849
7140.5	10905.19907493
7141.0	10879.56612787
7141.5	10808.89850893
7142.0	10745.02646085
7142.5	10777.6184739
7143.0	10845.25480335
7143.5	10885.99581004
7144.0	10903.75583051
7144.5	10910.84319583
7145.0	10915.0825117
7145.5	10918.33083142
7146.0	10920.39782753
7146.5	10922.1614225
7147.0	10924.17045858
7147.5	10925.48115153
7148.0	10927.35760572
7148.5	10929.59785343
7149.0	10931.39995873
7149.5	10932.78093355
7150.0	10934.10428582
7150.5	10934.90113073
7151.0	10935.049546
7151.5	10935.98251042
7152.0	10936.53938175
7152.5	10937.46638404
7153.0	10938.91589879
7153.5	10939.44373175
7154.0	10940.27875831
7154.5	10941.62274178
7155.0	10942.95077626
7155.5	10944.54010095
7156.0	10945.63640844
7156.5	10946.54031407
7157.0	10946.7307913
7157.5	10947.45108502
7158.0	10947.92019668
7158.5	10948.58604872
7159.0	10949.24652352
7159.5	10949.30089444
7160.0	10949.9870241
7160.5	10950.87768135
7161.0	10951.45315138
7161.5	10951.6431087
7162.0	10951.95072694
7162.5	10952.0421243
7163.0	10951.7795571
7163.5	10951.66601672
7164.0	10951.71918741
7164.5	10952.27522192
7165.0	10952.70663591
7165.5	10952.98194953
7166.0	10953.40928482
7166.5	10953.77690433
7167.0	10953.93773366
7167.5	10954.63971932
7168.0	10955.14182543
7168.5	10955.49087382
7169.0	10956.33336623
7169.5	10956.34027304
7170.0	10956.98568485
7170.5	10957.08616661
7171.0	10956.99385894
7171.5	10958.2016313
7172.0	10959.44677107
7172.5	10960.40947895
7173.0	10961.92718316
7173.5	10962.31989979
7174.0	10963.27927318
7174.5	10964.27098132
7175.0	10965.4560449
7175.5	10966.83243258
7176.0	10967.37462408
7176.5	10967.29369327
7177.0	10967.8062733
7177.5	10968.48231947
7178.0	10969.31494061
7178.5	10969.95542245
7179.0	10970.59453932
7179.5	10971.89538494
7180.0	10972.78037454
7180.5	10973.06646678
7181.0	10973.17271344
7181.5	10973.40621125
7182.0	10974.04691681
7182.5	10974.53815009
7183.0	10974.96173179
7183.5	10976.04279898
7184.0	10976.7885917
7184.5	10977.84062766
7185.0	10978.59738455
7185.5	10979.09228766
7186.0	10980.13854763
7186.5	10980.92675784
7187.0	10981.18070675
7187.5	10981.89665564
7188.0	10983.06939899
7188.5	10983.99086117
7189.0	10985.46057266
7189.5	10986.47631193
7190.0	10987.29819024
7190.5	10988.05725326
7191.0	10989.23320868
7191.5	10990.42406547
7192.0	10991.32951922
7192.5	10992.48597356
7193.0	10993.76546021
7193.5	10994.71779652
7194.0	10995.21916202
7194.5	10995.69227668
7195.0	10996.59783274
7195.5	10997.37854207
7196.0	10997.64621142
7196.5	10998.55028084
7197.0	10999.55589854
7197.5	11000.88408749
7198.0	11002.12958829
7198.5	11002.80357619
7199.0	11003.86466423
7199.5	11004.16296
7200.0	11005.08094859
7200.5	11006.24596052
7201.0	11006.93788882
7201.5	11007.58658791
7202.0	11008.37145781
7202.5	11009.0750233
7203.0	11010.49021882
7203.5	11011.85831226
7204.0	11012.68276513
7204.5	11013.47772977
7205.0	11013.92686751
7205.5	11014.40617575
7206.0	11014.59847375
7206.5	11015.25008918
7207.0	11015.75661427
7207.5	11016.42451452
7208.0	11017.17891587
7208.5	11017.52861345
7209.0	11018.38435779
7209.5	11019.04805603
7210.0	11019.94417542
7210.5	11020.17948085
7211.0	11021.3175928
7211.5	11022.16136996
7212.0	11023.40458027
7212.5	11024.60825922
7213.0	11025.62490301
7213.5	11026.618912
7214.0	11027.38438441
7214.5	11028.01249299
7215.0	11028.44007427
7215.5	11029.03803899
7216.0	11029.48014889
7216.5	11030.35788248
7217.0	11031.60357025
7217.5	11032.12636043
7218.0	11032.51611742
7218.5	11033.56699947
7219.0	11034.39165556
7219.5	11035.45344384
7220.0	11036.18798309
7220.5	11036.28723132
7221.0	11036.3515895
7221.5	11036.83463598
7222.0	11037.17565617
7222.5	11037.97313494
7223.0	11038.77341257
7223.5	11039.21702758
7224.0	11040.23149283
7224.5	11041.02150259
7225.0	11041.78796929
7225.5	11042.48261756
7226.0	11043.74230575
7226.5	11044.54528789
7227.0	11044.89929643
7227.5	11045.84044726
7228.0	11046.44056631
7228.5	11047.07073812
7229.0	11047.47667131
7229.5	11048.06464661
7230.0	11048.30715396
7230.5	11048.90941612
7231.0	11049.80640689
7231.5	11050.4660434
7232.0	11050.55557495
7232.5	11050.96812296
7233.0	11051.7588906
7233.5	11052.23278877
7234.0	11051.86679373
7234.5	11052.15890495
7235.0	11052.7248771
7235.5	11053.83814764
7236.0	11054.46613852
7236.5	11055.07239583
7237.0	11055.68243079
7237.5	11055.83269188
7238.0	11056.3383643
7238.5	11056.8172876
7239.0	11057.89899336
7239.5	11058.84915702
7240.0	11059.84341466
7240.5	11060.97280237
7241.0	11061.81538291
7241.5	11062.71935739
7242.0	11063.64469182
7242.5	11064.658788
7243.0	11065.53717472
7243.5	11066.44246291
7244.0	11067.67039517
7244.5	11068.16794807
7245.0	11068.7277898
7245.5	11069.34214639
7246.0	11070.0923634
7246.5	11070.67286156
7247.0	11071.26226906
7247.5	11071.32865094
7248.0	11071.66558735
7248.5	11072.41208039
7249.0	11072.4645698
7249.5	11073.0898995
7250.0	11073.99800782
7250.5	11074.83606342
7251.0	11075.85562018
7251.5	11077.01755914
7252.0	11077.6839323
7252.5	11078.06137881
7253.0	11078.89993726
7253.5	11079.67664926
7254.0	11080.78390303
7254.5	11081.94607419
7255.0	11082.40946895
7255.5	11083.28666306
7256.0	11083.59793848
7256.5	11084.21548343
7257.0	11085.15329984
7257.5	11086.79411116
7258.0	11087.82376263
7258.5	11089.05376575
7259.0	11089.85586869
7259.5	11090.72903757
7260.0	11091.64402342
7260.5	11092.60106196
7261.0	11092.86019702
7261.5	11093.49611134
7262.0	11093.86554019
7262.5	11094.03466932
7263.0	11094.47865553
7263.5	11095.17146636
7264.0	11096.04571033
7264.5	11096.38614988
7265.0	11096.74241032
7265.5	11097.23907701
7266.0	11098.45938806
7266.5	11099.44470883
7267.0	11100.23870636
7267.5	11101.41937725
7268.0	11102.36785054
7268.5	11103.27596686
7269.0	11104.41278379
7269.5	11105.56265138
7270.0	11106.70261558
7270.5	11108.06782713
7271.0	11108.87457352
7271.5	11109.98045202
7272.0	11110.94548853
7272.5	11111.92202319
7273.0	11112.30032215
7273.5	11113.11083755
7274.0	11113.75672171
7274.5	11114.46863905
7275.0	11115.34609126
7275.5	11116.25258974
7276.0	11116.70600028
7276.5	11117.62120019
7277.0	11118.40322535
7277.5	11120.051556
7278.0	11121.05194768
7278.5	11121.8871969
7279.0	11122.93116638
7279.5	11124.24881487
7280.0	11124.9485312
7280.5	11125.34877257
7281.0	11126.2635628
7281.5	11127.22883889
7282.0	11127.92286574
7282.5	11129.09569629
7283.0	11130.5974924
7283.5	11131.76536059
7284.0	11132.8783677
7284.5	11133.64268349
7285.0	11134.70401569
7285.5	11135.50145463
7286.0	11136.99829953
7286.5	11138.06699827
7287.0	11138.85729143
7287.5	11139.50529199
7288.0	11141.01672811
7288.5	11142.13960007
7289.0	11143.06257096
7289.5	11143.96706037
7290.0	11145.63219136
7290.5	11146.8041594
7291.0	11148.27008447
7291.5	11149.09695915
7292.0	11149.82369504
7292.5	11150.50300523
7293.0	11151.1825023
7293.5	11152.22489525
7294.0	11153.02754517
7294.5	11153.95805287
7295.0	11154.97188874
7295.5	11155.86755296
7296.0	11156.94808609
7296.5	11158.33003784
7297.0	11159.1207586
7297.5	11159.37214952
7298.0	11160.21180958
7298.5	11160.93380404
7299.0	11161.5013715
7299.5	11162.56451935
7300.0	11163.43100041
7300.5	11164.43304976
7301.0	11165.16799719
7301.5	11165.85384593
7302.0	11166.03629846
7302.5	11166.83715067
7303.0	11167.14985855
7303.5	11167.77041216
7304.0	11167.93810986
7304.5	11169.43432133
7305.0	11170.66094587
7305.5	11171.95713214
7306.0	11172.58289009
7306.5	11173.40568492
7307.0	11173.39062454
7307.5	11174.23333697
7308.0	11175.04495663
7308.5	11176.21771663
7309.0	11176.61837809
7309.5	11177.30730227
7310.0	11177.41212539
7310.5	11179.40979241
7311.0	11179.97538724
7311.5	11180.67121496
7312.0	11181.36467301
7312.5	11182.72975763
7313.0	11183.81257057
7313.5	11185.16591733
7314.0	11185.85753534
7314.5	11187.45556151
7315.0	11188.49219268
7315.5	11189.37061836
7316.0	11190.0734382
7316.5	11191.47916482
7317.0	11193.44195345
7317.5	11194.82199054
7318.0	11195.96826601
7318.5	11197.05718727
7319.0	11197.7657794
7319.5	11198.63792945
7320.0	11199.01507643
7320.5	11200.10300566
7321.0	11201.17176684
7321.5	11202.01465848
7322.0	11202.40344172
7322.5	11203.22715681
7323.0	11203.66713515
7323.5	11204.1674935
7324.0	11204.4673387
7324.5	11205.42357977
7325.0	11206.74935008
7325.5	11208.31873693
7326.0	11209.63634731
7326.5	11210.77973236
7327.0	11211.32036696
7327.5	11212.35788379
7328.0	11212.67780949
7328.5	11214.19181904
7329.0	11214.69184071
7329.5	11215.83798995
7330.0	11216.69078635
7330.5	11217.72184937
7331.0	11218.1373741
7331.5	11218.88698075
7332.0	11219.15319847
7332.5	11220.29870523
7333.0	11221.15012199
7333.5	11222.15252736
7334.0	11221.95588014
7334.5	11223.04239547
7335.0	11223.64196204
7335.5	11224.77443922
7336.0	11225.58954296
7336.5	11226.4762431
7337.0	11226.70773374
7337.5	11227.56065783
7338.0	11228.51787468
7338.5	11228.99778265
7339.0	11229.95974537
7339.5	11231.09072201
7340.0	11231.70001913
7340.5	11232.15445418
7341.0	11232.77931758
7341.5	11233.18766231
7342.0	11233.76093943
7342.5	11234.37028497
7343.0	11235.19423226
7343.5	11236.3872342
7344.0	11237.58000552
7344.5	11238.66286123
7345.0	11240.13344368
7345.5	11241.2646341
7346.0	11242.48146793
7346.5	11242.90705579
7347.0	11243.50963309
7347.5	11244.11673169
7348.0	11245.27388462
7348.5	11246.31573854
7349.0	11246.94323248
7349.5	11247.28358886
7350.0	11248.1756745
7350.5	11248.81034241
7351.0	11249.58319214
7351.5	11250.06460747
7352.0	11250.73687077
7352.5	11251.65262631
7353.0	11252.81079553
7353.5	11253.71347829
7354.0	11254.76326165
7354.5	11255.83803134
7355.0	11256.73070046
7355.5	11258.26514524
7356.0	11259.31717452
7356.5	11260.18563421
7357.0	11261.00585228
7357.5	11262.20054226
7358.0	11263.01805096
7358.5	11264.02116295
7359.0	11264.77240378
7359.5	11266.05427607
7360.0	11267.10364638
7360.5	11267.88238396
7361.0	11269.09477539
7361.5	11269.79107275
7362.0	11270.98464887
7362.5	11271.92947483
7363.0	11273.48592472
7363.5	11274.26209158
7364.0	11274.98659786
7364.5	11275.7382355
7365.0	11276.36770228
7365.5	11276.88391868
7366.0	11277.36346669
7366.5	11278.06862607
7367.0	11279.10832479
7367.5	11280.00532553
7368.0	11280.55461123
7368.5	11281.52917938
7369.0	11282.5344229
7369.5	11283.71191536
7370.0	11284.28020953
7370.5	11285.55749093
7371.0	11286.69338242
7371.5	11287.41777782
7372.0	11288.29757537
7372.5	11289.09756555
7373.0	11289.81553636
7373.5	11290.91365413
7374.0	11292.40221288
7374.5	11293.72409529
7375.0	11294.5025641
7375.5	11294.80433509
7376.0	11295.52681888
7376.5	11296.32690821
7377.0	11297.32500475
7377.5	11297.92844579
7378.0	11298.3574794
7378.5	11298.93458267
7379.0	11299.88282307
7379.5	11300.89729176
7380.0	11302.0292373
7380.5	11302.48196168
7381.0	11303.51331875
7381.5	11304.17867419
7382.0	11305.46264818
7382.5	11306.48155549
7383.0	11307.60315021
7383.5	11307.98526388
7384.0	11309.1935115
7384.5	11309.98252308
7385.0	11310.60141018
7385.5	11311.6126647
7386.0	11312.50336564
7386.5	11313.54845352
7387.0	11314.49304747
7387.5	11315.22969362
7388.0	11315.82305374
7388.5	11316.43721694
7389.0	11316.83182854
7389.5	11317.1419451
7390.0	11317.91403762
7390.5	11319.32440674
7391.0	11320.4787756
7391.5	11321.47888727
7392.0	11322.70515691
7392.5	11323.65387729
7393.0	11324.60782236
7393.5	11325.41677332
7394.0	11326.13511864
7394.5	11326.75536031
7395.0	11327.72943096
7395.5	11328.055594
7396.0	11328.46878762
7396.5	11329.05863753
7397.0	11329.39755591
7397.5	11330.19872129
7398.0	11330.8162662
7398.5	11331.67720294
7399.0	11332.68583961
7399.5	11333.60813999
7400.0	11334.16075381
7400.5	11334.91999289
7401.0	11334.89233704
7401.5	11335.33795174
7402.0	11336.0342791
7402.5	11336.88483536
7403.0	11338.0095284
7403.5	11338.80438475
7404.0	11339.7459019
7404.5	11341.29898133
7405.0	11342.44818106
7405.5	11343.46267453
7406.0	11343.76578484
7406.5	11344.55114726
7407.0	11345.03723099
7407.5	11346.16862855
7408.0	11346.84522004
7408.5	11347.59035683
7409.0	11348.59207654
7409.5	11349.40220349
7410.0	11350.63102248
7410.5	11351.14255639
7411.0	11352.25860086
7411.5	11353.20402165
7412.0	11354.56004787
7412.5	11355.00995597
7413.0	11355.79487541
7413.5	11356.77222911
7414.0	11358.04968651
7414.5	11359.30093732
7415.0	11360.51533711
7415.5	11361.24620245
7416.0	11362.26201896
7416.5	11363.75780153
7417.0	11364.67919602
7417.5	11365.48745402
7418.0	11365.63708795
7418.5	11366.56446431
7419.0	11367.04805748
7419.5	11367.87605353
7420.0	11367.64393155
7420.5	11368.25889655
7421.0	11368.42302345
7421.5	11369.06930186
7422.0	11369.76842635
7422.5	11370.34128488
7423.0	11370.84033883
7423.5	11371.39080781
7424.0	11372.80022986
7424.5	11373.82891497
7425.0	11375.5520599
7425.5	11376.32329354
7426.0	11377.58757303
7426.5	11378.17185058
7427.0	11379.11795111
7427.5	11379.67237822
7428.0	11380.28597678
7428.5	11381.4426086
7429.0	11382.33693526
7429.5	11383.41643455
7430.0	11383.97280945
7430.5	11384.9686301
7431.0	11385.62666474
7431.5	11386.80556075
7432.0	11387.14025652
7432.5	11388.06988169
7433.0	11388.93261607
7433.5	11389.95855424
7434.0	11391.09363608
7434.5	11391.35730095
7435.0	11392.51659175
7435.5	11392.67388887
7436.0	11393.30246158
7436.5	11393.62471083
7437.0	11394.29705699
7437.5	11394.42739907
7438.0	11394.913967
7438.5	11395.78907867
7439.0	11396.58061978
7439.5	11397.40266672
7440.0	11397.93523849
7440.5	11399.14473823
7441.0	11399.5697726
7441.5	11400.38120649
7442.0	11400.69975798
7442.5	11401.92619364
7443.0	11402.66193202
7443.5	11403.21616015
7444.0	11403.91529346
7444.5	11404.51413619
7445.0	11405.32785184
7445.5	11406.03815784
7446.0	11407.03626711
7446.5	11407.49728956
7447.0	11408.11831521
7447.5	11408.87237254
7448.0	11409.99457982
7448.5	11411.04474802
7449.0	11411.81184001
7449.5	11412.94616012
7450.0	11413.56022412
7450.5	11415.07189652
7451.0	11415.52792246
7451.5	11416.62998596
7452.0	11417.19096946
7452.5	11418.10992218
7453.0	11419.43796653
7453.5	11419.8693642
7454.0	11420.96625525
7454.5	11421.45287634
7455.0	11423.39098849
7455.5	11424.18311093
7456.0	11425.10943645
7456.5	11425.99586951
7457.0	11427.16958887
7457.5	11428.73718689
7458.0	11429.54816827
7458.5	11430.60456062
7459.0	11431.21375774
7459.5	11432.86299358
7460.0	11433.74162753
7460.5	11434.54895652
7461.0	11435.29589559
7461.5	11435.91333957
7462.0	11436.86615639
7462.5	11437.32938566
7463.0	11438.60710904
7463.5	11438.94568025
7464.0	11439.757718
7464.5	11440.98997262
7465.0	11441.95890328
7465.5	11443.56485155
7466.0	11444.4769874
7466.5	11446.17134016
7467.0	11446.8712061
7467.5	11448.20179962
7468.0	11448.88334714
7468.5	11449.51515603
7469.0	11450.47353474
7469.5	11450.86632263
7470.0	11451.85225467
7470.5	11452.55359822
7471.0	11453.75960587
7471.5	11454.48578833
7472.0	11455.37540414
7472.5	11456.51398923
7473.0	11456.8683798
7473.5	11458.14182437
7474.0	11458.43188524
7474.5	11459.11092559
7475.0	11459.90663997
7475.5	11460.54305699
7476.0	11461.89787581
7476.5	11462.48873437
7477.0	11463.98696639
7477.5	11464.722471
7478.0	11466.32625684
7478.5	11467.36331506
7479.0	11468.43912407
7479.5	11468.8602659
7480.0	11469.27388213
7480.5	11470.15037626
7481.0	11470.73560985
7481.5	11472.19352157
7482.0	11473.15213543
7482.5	11474.29681206
7483.0	11475.69898798
7483.5	11476.44116015
7484.0	11478.04341101
7484.5	11478.09155349
7485.0	11478.50291154
7485.5	11478.66063871
7486.0	11478.45407438
7486.5	11479.56592597
7487.0	11479.78864024
7487.5	11481.0875671
7488.0	11481.84576181
7488.5	11482.41771561
7489.0	11483.19548603
7489.5	11483.41885249
7490.0	11484.52442889
7490.5	11485.0342994
7491.0	11486.37049919
7491.5	11487.09102918
7492.0	11487.79744955
7492.5	11488.83346241
7493.0	11489.57270183
7493.5	11490.62053257
7494.0	11491.01973635
7494.5	11492.2765046
7495.0	11493.1326733
7495.5	11493.76978385
7496.0	11495.60225004
7496.5	11496.42389854
7497.0	11498.49256387
7497.5	11499.59106499
7498.0	11501.16549448
7498.5	11502.19177583
7499.0	11502.91977282
7499.5	11503.94824484
7500.0	11504.67922701
7500.5	11505.92782134
7501.0	11506.27677342
7501.5	11506.90266856
7502.0	11507.42101988
7502.5	11507.70052829
7503.0	11508.05546989
7503.5	11508.18423467
7504.0	11509.28666026
7504.5	11510.80632737
7505.0	11511.39464611
7505.5	11512.91409336
7506.0	11513.38585456
7506.5	11514.34506316
7507.0	11514.93041091
7507.5	11515.55859763
7508.0	11516.23413645
7508.5	11516.75077726
7509.0	11518.20394869
7509.5	11519.16305697
7510.0	11520.10028271
7510.5	11520.82367658
7511.0	11521.43756893
7511.5	11522.3593339
7512.0	11523.04492314
7512.5	11523.9932645
7513.0	11524.45979687
7513.5	11525.11735537
7514.0	11525.36105161
7514.5	11524.33868882
7515.0	11521.85006934
7515.5	11517.78641299
7516.0	11513.70191098
7516.5	11510.50049374
7517.0	11507.92023693
7517.5	11507.38431139
7518.0	11508.35879121
7518.5	11510.00888191
7519.0	11511.90640601
7519.5	11513.44347347
7520.0	11515.13725545
7520.5	11516.86426259
7521.0	11518.69597992
7521.5	11519.81191366
7522.0	11518.46729672
7522.5	11510.90434879
7523.0	11486.58440533
7523.5	11422.68842614
7524.0	11304.62052084
7524.5	11180.66254735
7525.0	11169.60531673
7525.5	11309.47177015
7526.0	11445.39022296
7526.5	11503.5412591
7527.0	11516.71406393
7527.5	11506.76595925
7528.0	11467.22834844
7528.5	11376.15757891
7529.0	11249.99934183
7529.5	11172.24362519
7530.0	11239.8883643
7530.5	11394.72051573
7531.0	11494.19600828
7531.5	11535.76276305
7532.0	11548.48895047
7532.5	11552.70677286
7533.0	11555.64667983
7533.5	11556.22017547
7534.0	11554.56476074
7534.5	11550.56033428
7535.0	11546.48067631
7535.5	11543.73365265
7536.0	11542.18458666
7536.5	11541.88870005
7537.0	11542.93147155
7537.5	11544.30164853
7538.0	11546.19418503
7538.5	11548.31422615
7539.0	11550.62997049
7539.5	11553.11636929
7540.0	11556.07992134
7540.5	11560.4627297
7541.0	11564.49011431
7541.5	11567.00817818
7542.0	11568.50838726
7542.5	11569.09219675
7543.0	11570.07566061
7543.5	11571.30586326
7544.0	11572.08382062
7544.5	11572.51097591
7545.0	11573.17623753
7545.5	11574.31703988
7546.0	11575.22105137
7546.5	11576.03546173
7547.0	11577.25951227
7547.5	11578.76588394
7548.0	11580.01565401
7548.5	11581.18852768
7549.0	11582.4126
7549.5	11583.51531113
7550.0	11584.71989065
7550.5	11585.51292667
7551.0	11586.57726967
7551.5	11587.84250465
7552.0	11588.98781222
7552.5	11590.25720896
7553.0	11591.21116008
7553.5	11592.05815976
7554.0	11593.15106076
7554.5	11593.72459698
7555.0	11594.63335866
7555.5	11595.27544038
7556.0	11595.84300822
7556.5	11596.93171535
7557.0	11597.56664013
7557.5	11598.80753304
7558.0	11599.54058797
7558.5	11600.52714815
7559.0	11601.80927255
7559.5	11602.8716149
7560.0	11603.2764772
7560.5	11604.1238291
7561.0	11605.19917542
7561.5	11605.79976936
7562.0	11606.64744671
7562.5	11607.59282234
7563.0	11608.13324228
7563.5	11608.61815898
7564.0	11608.92378163
7564.5	11609.48056229
7565.0	11610.03892356
7565.5	11610.60358657
7566.0	11611.6231528
7566.5	11612.6520744
7567.0	11614.14482868
7567.5	11614.90866913
7568.0	11615.91153191
7568.5	11616.70537705
7569.0	11617.30353186
7569.5	11618.25678246
7570.0	11618.5354039
7570.5	11619.38821091
7571.0	11619.89759329
7571.5	11620.74109777
7572.0	11621.43048601
7572.5	11621.84917574
7573.0	11622.70272126
7573.5	11623.22133412
7574.0	11624.33623244
7574.5	11624.61806173
7575.0	11625.02908274
7575.5	11625.74964889
7576.0	11626.41923043
7576.5	11627.23971171
7577.0	11628.58104247
7577.5	11629.24339362
7578.0	11630.36892596
7578.5	11631.09169004
7579.0	11632.07091281
7579.5	11632.8954034
7580.0	11633.56592539
7580.5	11634.08054244
7581.0	11634.33112948
7581.5	11634.85373112
7582.0	11635.02278667
7582.5	11635.12187977
7583.0	11635.90302782
7583.5	11636.25487826
7584.0	11637.05949605
7584.5	11637.48652262
7585.0	11638.30452546
7585.5	11638.8307597
7586.0	11639.32916424
7586.5	11640.09732686
7587.0	11640.80505825
7587.5	11641.17261738
7588.0	11641.87826137
7588.5	11641.78917027
7589.0	11642.70229506
7589.5	11643.41572735
7590.0	11643.8496632
7590.5	11645.04488404
7591.0	11644.99463361
7591.5	11645.16514722
7592.0	11645.31044906
7592.5	11645.61417291
7593.0	11646.56751131
7593.5	11647.24306588
7594.0	11648.34405242
7594.5	11648.82569686
7595.0	11649.55739444
7595.5	11650.28014054
7596.0	11650.72988008
7596.5	11651.02013054
7597.0	11651.95593979
7597.5	11652.89652069
7598.0	11654.34498157
7598.5	11655.65417554
7599.0	11657.20857924
7599.5	11658.63449171
7600.0	11659.81702014
7600.5	11660.74613477
7601.0	11661.23592778
7601.5	11662.01647828
7602.0	11662.9490385
7602.5	11663.45396149
7603.0	11664.29419636
7603.5	11664.46016645
7604.0	11665.15319001
7604.5	11665.85278477
7605.0	11665.82867649
7605.5	11666.56657545
7606.0	11667.05348958
7606.5	11667.93018239
7607.0	11669.07424898
7607.5	11670.20889407
7608.0	11671.41928275
7608.5	11672.32266219
7609.0	11673.06657153
7609.5	11673.49125724
7610.0	11673.61923291
7610.5	11674.17559283
7611.0	11674.10766987
7611.5	11674.67473766
7612.0	11674.92236881
7612.5	11674.98135631
7613.0	11676.1938422
7613.5	11676.78343879
7614.0	11677.74939529
7614.5	11678.85128755
7615.0	11679.13989937
7615.5	11680.04111577
7616.0	11680.57731542
7616.5	11681.21618227
7617.0	11681.77965993
7617.5	11682.21458963
7618.0	11682.90530427
7618.5	11683.56160386
7619.0	11684.41756693
7619.5	11685.07119907
7620.0	11685.74143632
7620.5	11686.76042715
7621.0	11687.60662173
7621.5	11688.30618102
7622.0	11688.81903172
7622.5	11689.89576005
7623.0	11691.06783314
7623.5	11692.57658124
7624.0	11693.88974758
7624.5	11695.2991291
7625.0	11696.14074576
7625.5	11696.40778691
7626.0	11697.09333471
7626.5	11697.48781007
7627.0	11698.03538524
7627.5	11698.79217662
7628.0	11699.6336822
7628.5	11700.48297246
7629.0	11701.13522821
7629.5	11702.05727956
7630.0	11702.66224309
7630.5	11702.88922507
7631.0	11703.92146695
7631.5	11704.17720094
7632.0	11704.81985851
7632.5	11705.47940056
7633.0	11706.03319955
7633.5	11706.80583572
7634.0	11707.2044321
7634.5	11707.70647818
7635.0	11708.07565638
7635.5	11708.93491088
7636.0	11710.05566323
7636.5	11710.93067065
7637.0	11711.96476036
7637.5	11713.00404402
7638.0	11713.43050976
7638.5	11714.23740129
7639.0	11714.80951448
7639.5	11715.70236931
7640.0	11716.67773106
7640.5	11716.81743286
7641.0	11717.30303243
7641.5	11717.93929437
7642.0	11718.50099128
7642.5	11719.04186696
7643.0	11719.76212015
7643.5	11720.03776883
7644.0	11721.0667564
7644.5	11721.45435708
7645.0	11722.17079851
7645.5	11723.38596309
7646.0	11723.85045258
7646.5	11724.6783244
7647.0	11725.46174663
7647.5	11726.02646727
7648.0	11726.88425275
7648.5	11727.40364746
7649.0	11728.40119056
7649.5	11729.19106274
7650.0	11730.01739374
7650.5	11730.98467081
7651.0	11731.09940764
7651.5	11731.36521884
7652.0	11731.23746592
7652.5	11731.2721062
7653.0	11731.93028331
7653.5	11732.97199188
7654.0	11733.98254491
7654.5	11735.00153637
7655.0	11735.35482749
7655.5	11736.45594778
7656.0	11736.73170089
7656.5	11737.41602297
7657.0	11738.28642033
7657.5	11738.894636
7658.0	11740.17123343
7658.5	11741.12955389
7659.0	11741.51008252
7659.5	11742.648137
7660.0	11743.09622718
7660.5	11744.5171049
7661.0	11746.1189685
7661.5	11746.93175636
7662.0	11747.94204674
7662.5	11749.02975996
7663.0	11749.56641012
7663.5	11750.31900134
7664.0	11750.49534188
7664.5	11750.68850242
7665.0	11751.56784699
7665.5	11752.02195201
7666.0	11752.7105035
7666.5	11753.47802504
7667.0	11753.99834999
7667.5	11754.58761796
7668.0	11754.34945125
7668.5	11754.23611361
7669.0	11754.54398082
7669.5	11754.23809803
7670.0	11755.25081749
7670.5	11755.86839583
7671.0	11757.02054809
7671.5	11758.45455608
7672.0	11759.43686216
7672.5	11760.71763851
7673.0	11761.20631388
7673.5	11761.44233755
7674.0	11761.96690899
7674.5	11762.23434306
7675.0	11762.8154089
7675.5	11763.4103848
7676.0	11764.17324065
7676.5	11765.42030285
7677.0	11766.84747186
7677.5	11767.40082953
7678.0	11768.55252686
7678.5	11769.45407564
7679.0	11770.25752158
7679.5	11771.19309869
7680.0	11771.65678525
7680.5	11772.66227865
7681.0	11773.70476305
7681.5	11774.73813378
7682.0	11775.60451383
7682.5	11776.15523006
7683.0	11776.48632812
7683.5	11776.91905023
7684.0	11777.08878466
7684.5	11777.35582897
7685.0	11777.96679481
7685.5	11778.15285982
7686.0	11778.87028098
7686.5	11779.47061232
7687.0	11779.65608224
7687.5	11780.50234865
7688.0	11780.84373499
7688.5	11781.56657
7689.0	11782.34116753
7689.5	11782.98082229
7690.0	11783.98223426
7690.5	11785.19538077
7691.0	11785.79974539
7691.5	11786.86163282
7692.0	11787.61307184
7692.5	11788.64228874
7693.0	11789.39611696
7693.5	11789.96099876
7694.0	11791.11865277
7694.5	11791.36182069
7695.0	11791.81589065
7695.5	11792.26569874
7696.0	11793.12324015
7696.5	11794.12706245
7697.0	11795.20711062
7697.5	11796.00877759
7698.0	11796.81378956
7698.5	11797.46654073
7699.0	11798.08865359
7699.5	11798.45005509
7700.0	11798.65915641
7700.5	11799.28658408
7701.0	11799.88293718
7701.5	11800.73040079
7702.0	11801.07636427
7702.5	11801.46608764
7703.0	11801.83192042
7703.5	11802.21955301
7704.0	11803.05138922
7704.5	11803.83456134
7705.0	11804.39142222
7705.5	11804.70853274
7706.0	11805.13035071
7706.5	11805.7875791
7707.0	11806.54025192
7707.5	11807.2564399
7708.0	11808.01551645
7708.5	11808.76275909
7709.0	11810.10928339
7709.5	11811.47866557
7710.0	11812.10965789
7710.5	11812.63465029
7711.0	11812.88758878
7711.5	11813.16473963
7712.0	11813.93201082
7712.5	11814.36554998
7713.0	11815.00940084
7713.5	11815.75219402
7714.0	11816.12199178
7714.5	11817.37043572
7715.0	11818.10052584
7715.5	11818.72398347
7716.0	11819.68224784
7716.5	11819.97248197
7717.0	11820.81983632
7717.5	11820.79087043
7718.0	11820.96838704
7718.5	11821.10693816
7719.0	11821.72210841
7719.5	11822.31071237
7720.0	11823.37540228
7720.5	11824.56669892
7721.0	11825.45427392
7721.5	11826.54828752
7722.0	11827.44350564
7722.5	11827.8082924
7723.0	11828.58067507
7723.5	11829.60227408
7724.0	11830.44652997
7724.5	11831.52314546
7725.0	11832.79760563
7725.5	11833.30515028
7726.0	11833.89048609
7726.5	11834.12559399
7727.0	11834.17178101
7727.5	11834.4947554
7728.0	11835.22942959
7728.5	11836.19136146
7729.0	11837.34325755
7729.5	11838.36567684
7730.0	11839.50627396
7730.5	11840.0479205
7731.0	11840.38647005
7731.5	11840.85965608
7732.0	11841.70784852
7732.5	11842.36879008
7733.0	11843.34223838
7733.5	11843.96190328
7734.0	11844.20261462
7734.5	11844.51675175
7735.0	11844.99036262
7735.5	11845.97026229
7736.0	11846.66963688
7736.5	11847.11139294
7737.0	11847.42497932
7737.5	11848.04811411
7738.0	11848.41323975
7738.5	11849.03587313
7739.0	11849.760412
7739.5	11849.89364216
7740.0	11850.08800104
7740.5	11850.6570082
7741.0	11851.15594786
7741.5	11851.65207862
7742.0	11852.58402241
7742.5	11853.47354768
7743.0	11854.67646577
7743.5	11855.53256023
7744.0	11856.36237586
7744.5	11857.11942184
7745.0	11857.3904871
7745.5	11857.94049731
7746.0	11858.77958589
7746.5	11859.33411326
7747.0	11859.28707693
7747.5	11859.75051238
7748.0	11860.21813054
7748.5	11860.43573043
7749.0	11861.15095354
7749.5	11861.13967562
7750.0	11862.09655277
7750.5	11862.85281359
7751.0	11863.90335454
7751.5	11865.0865363
7752.0	11865.81567692
7752.5	11865.80855635
7753.0	11866.5087546
7753.5	11867.14367052
7754.0	11867.6602844
7754.5	11867.98768531
7755.0	11868.10875644
7755.5	11868.11792764
7756.0	11869.0221818
7756.5	11868.93924682
7757.0	11869.62755375
7757.5	11869.89112125
7758.0	11870.40341776
7758.5	11871.12007242
7759.0	11872.41639157
7759.5	11873.16777041
7760.0	11874.32309539
7760.5	11874.59206432
7761.0	11875.12700375
7761.5	11875.8471914
7762.0	11876.25659514
7762.5	11877.34680648
7763.0	11878.78213788
7763.5	11879.06234182
7764.0	11880.05928364
7764.5	11880.37230103
7765.0	11880.01626204
7765.5	11880.69318582
7766.0	11880.60524218
7766.5	11880.53646959
7767.0	11880.82250439
7767.5	11880.95567342
7768.0	11881.19533174
7768.5	11881.53849714
7769.0	11881.98356948
7769.5	11882.50224655
7770.0	11882.99331095
7770.5	11882.95221009
7771.0	11883.68787371
7771.5	11884.11308615
7772.0	11884.57984128
7772.5	11885.37518406
7773.0	11884.99811239
7773.5	11885.01696573
7774.0	11885.5006649
7774.5	11885.7260105
7775.0	11885.87607826
7775.5	11886.18917365
7776.0	11885.99033092
7776.5	11886.3424081
7777.0	11885.5372779
7777.5	11884.68175282
7778.0	11883.78052703
7778.5	11882.40323602
7779.0	11881.00497979
7779.5	11879.66827754
7780.0	11876.91481855
7780.5	11872.84755221
7781.0	11867.11101137
7781.5	11857.10255779
7782.0	11840.99671476
7782.5	11812.08127394
7783.0	11749.84281109
7783.5	11623.38329586
7784.0	11410.52982306
7784.5	11183.96101997
7785.0	11100.47601759
7785.5	11269.40733858
7786.0	11517.42667119
7786.5	11576.58294346
7787.0	11436.24677665
7787.5	11230.97188384
7788.0	11132.32212078
7788.5	11292.83816689
7789.0	11607.20578646
7789.5	11808.19925468
7790.0	11871.22490929
7790.5	11891.07246166
7791.0	11900.01963824
7791.5	11904.6129427
7792.0	11908.43360218
7792.5	11911.01799353
7793.0	11912.62968755
7793.5	11914.42448965
7794.0	11915.71932785
7794.5	11917.03300844
7795.0	11918.70078456
7795.5	11919.96343083
7796.0	11921.05084891
7796.5	11922.08412515
7797.0	11922.85177839
7797.5	11923.81281759
7798.0	11924.17244048
7798.5	11924.85032103
7799.0	11925.51448339
7799.5	11925.95492093
7800.0	11926.6079983
7800.5	11927.48189836
7801.0	11928.08617485
7801.5	11928.31417877
7802.0	11929.3044134
7802.5	11930.52265053
7803.0	11930.88318379
7803.5	11931.54263795
7804.0	11932.60549617
7804.5	11933.2064413
7805.0	11934.18513136
7805.5	11934.89587036
7806.0	11935.55685266
7806.5	11936.21403567
7807.0	11936.65521948
7807.5	11937.12068981
7808.0	11937.48209458
7808.5	11937.81797511
7809.0	11938.10168178
7809.5	11938.60278628
7810.0	11938.76146892
7810.5	11938.8827853
7811.0	11940.13215422
7811.5	11940.06614801
7812.0	11940.94488094
7812.5	11941.43905577
7813.0	11941.03112599
7813.5	11941.89026868
7814.0	11942.31291312
7814.5	11942.99596849
7815.0	11943.53498749
7815.5	11944.01149648
7816.0	11944.30006696
7816.5	11944.90160082
7817.0	11945.53334065
7817.5	11945.84718472
7818.0	11947.1617189
7818.5	11947.55342665
7819.0	11947.78782016
7819.5	11948.31852246
7820.0	11948.47083679
7820.5	11949.07598048
7821.0	11949.95887214
7821.5	11950.86244468
7822.0	11951.51387344
7822.5	11951.84349295
7823.0	11951.97693122
7823.5	11951.80631118
7824.0	11952.38587879
7824.5	11952.47750493
7825.0	11953.41800038
7825.5	11953.82871824
7826.0	11954.60174961
7826.5	11955.19949097
7827.0	11955.69249693
7827.5	11956.02228009
7828.0	11956.61031318
7828.5	11957.1094632
7829.0	11957.78920272
7829.5	11958.59879553
7830.0	11959.6074023
7830.5	11960.4189197
7831.0	11960.59089635
7831.5	11960.46016405
7832.0	11960.80884864
7832.5	11961.31014525
7833.0	11961.34068801
7833.5	11962.46970198
7834.0	11962.95269863
7834.5	11963.83420139
7835.0	11964.71877716
7835.5	11965.15180591
7836.0	11965.75466241
7836.5	11966.79782794
7837.0	11967.69190843
7837.5	11968.45243885
7838.0	11969.41794299
7838.5	11969.36843351
7839.0	11969.58433205
7839.5	11969.87910526
7840.0	11969.58691456
7840.5	11970.2642607
7841.0	11970.56126558
7841.5	11970.67322032
7842.0	11971.55122778
7842.5	11971.8631285
7843.0	11972.1438932
7843.5	11972.3002346
7844.0	11972.30972231
7844.5	11972.75995805
7845.0	11974.09533412
7845.5	11974.34935182
7846.0	11975.12678896
7846.5	11975.69860849
7847.0	11975.78412001
7847.5	11976.2410946
7848.0	11976.93492971
7848.5	11976.99251127
7849.0	11977.59572501
7849.5	11978.64397752
7850.0	11978.73091992
7850.5	11979.22820786
7851.0	11980.02682854
7851.5	11980.26745455
7852.0	11980.78447561
7852.5	11981.65877787
7853.0	11982.31698734
7853.5	11982.96956097
7854.0	11983.57064956
7854.5	11984.09671078
7855.0	11984.34230923
7855.5	11984.87885409
7856.0	11985.68434709
7856.5	11986.06502864
7857.0	11986.20387306
7857.5	11987.12601855
7858.0	11987.3419655
7858.5	11987.76881561
7859.0	11988.47907977
7859.5	11989.32454894
7860.0	11990.06168984
7860.5	11991.14959506
7861.0	11991.71561614
7861.5	11991.81996006
7862.0	11992.53995084
7862.5	11992.91343439
7863.0	11993.40281304
7863.5	11994.36899911
7864.0	11994.4628776
7864.5	11994.76908042
7865.0	11995.59869001
7865.5	11995.89580566
7866.0	11996.54207275
7866.5	11996.93184177
7867.0	11997.06247809
7867.5	11997.39848178
7868.0	11998.45483412
7868.5	11998.824205
7869.0	11999.48920108
7869.5	12000.51951938
7870.0	12001.10465598
7870.5	12001.90406045
7871.0	12001.98287681
7871.5	12001.91671683
7872.0	12002.20119038
7872.5	12002.51300757
7873.0	12003.21492553
7873.5	12004.10869917
7874.0	12005.06510937
7874.5	12004.97710331
7875.0	12005.41018661
7875.5	12005.73244582
7876.0	12005.89671375
7876.5	12006.48062968
7877.0	12006.67736948
7877.5	12006.98270348
7878.0	12007.51786257
7878.5	12007.43989896
7879.0	12008.04024857
7879.5	12008.54951819
7880.0	12009.11723832
7880.5	12009.23325862
7881.0	12009.97013821
7881.5	12010.2785136
7882.0	12010.88332942
7882.5	12011.43673146
7883.0	12012.02776719
7883.5	12013.1945049
7884.0	12013.75049325
7884.5	12014.1166801
7885.0	12014.93462192
7885.5	12014.98702107
7886.0	12015.57819705
7886.5	12015.97961962
7887.0	12016.48114348
7887.5	12017.33577044
7888.0	12018.28215885
7888.5	12018.77328828
7889.0	12019.30197194
7889.5	12019.4703243
7890.0	12019.68233868
7890.5	12020.40483134
7891.0	12020.96113394
7891.5	12021.38916526
7892.0	12022.10065575
7892.5	12022.17499945
7893.0	12022.2177653
7893.5	12022.80948802
7894.0	12023.14984483
7894.5	12023.53911009
7895.0	12024.12226724
7895.5	12024.25800555
7896.0	12024.85945049
7896.5	12025.97385718
7897.0	12026.85367003
7897.5	12027.53345618
7898.0	12028.35801488
7898.5	12029.08977904
7899.0	12029.98178251
7899.5	12030.82196313
7900.0	12030.81944808
7900.5	12030.77247245
7901.0	12030.92362058
7901.5	12031.20472637
7902.0	12031.62214451
7902.5	12032.22523818
7903.0	12033.15143532
7903.5	12033.50422376
7904.0	12033.78616196
7904.5	12034.75081255
7905.0	12035.70384488
7905.5	12036.54723194
7906.0	12037.4304591
7906.5	12037.71960624
7907.0	12037.98945732
7907.5	12038.20620053
7908.0	12038.7501982
7908.5	12039.36400408
7909.0	12039.90176777
7909.5	12040.72717138
7910.0	12041.68758015
7910.5	12041.83097388
7911.0	12042.34279986
7911.5	12041.36206861
7912.0	12038.07242313
7912.5	12027.20678387
7913.0	12002.47394297
7913.5	11961.60451243
7914.0	11916.34946102
7914.5	11884.68820791
7915.0	11864.80133633
7915.5	11813.81817037
7916.0	11713.07609535
7916.5	11634.19640107
7917.0	11656.76009301
7917.5	11784.7443695
7918.0	11870.42696676
7918.5	11873.27542814
7919.0	11878.52907807
7919.5	11920.34303318
7920.0	11971.92025304
7920.5	12002.42946221
7921.0	12017.05997048
7921.5	12024.16885032
7922.0	12028.22911701
7922.5	12031.29685634
7923.0	12033.52477786
7923.5	12035.16321813
7924.0	12037.30270232
7924.5	12038.36183705
7925.0	12039.53445435
7925.5	12040.45899385
7926.0	12041.51858861
7926.5	12042.14629395
7927.0	12042.87063139
7927.5	12043.97323048
7928.0	12044.87851619
7928.5	12046.1893902
7929.0	12047.4701672
7929.5	12048.37647211
7930.0	12049.13145222
7930.5	12049.74943818
7931.0	12050.65561582
7931.5	12051.26195529
7932.0	12052.33097133
7932.5	12053.44975182
7933.0	12054.39028905
7933.5	12055.63521774
7934.0	12056.42975615
7934.5	12056.92904921
7935.0	12057.28198164
7935.5	12057.44774986
7936.0	12057.62900314
7936.5	12057.93417715
7937.0	12058.36189505
7937.5	12058.97752076
7938.0	12059.19374507
7938.5	12059.43649322
7939.0	12059.2514546
7939.5	12059.57028701
7940.0	12060.2366611
7940.5	12060.4293425
7941.0	12060.56805335
7941.5	12061.15526829
7942.0	12061.39058353
7942.5	12061.51424058
7943.0	12062.12679913
7943.5	12062.3717999
7944.0	12063.02280924
7944.5	12064.35897361
7945.0	12064.74454096
7945.5	12065.15515459
7946.0	12065.76457263
7946.5	12065.88472432
7947.0	12065.85294702
7947.5	12066.30746562
7948.0	12066.37663773
7948.5	12067.05082533
7949.0	12067.74897818
7949.5	12068.26112062
7950.0	12068.40184706
7950.5	12068.74479511
7951.0	12069.73641921
7951.5	12070.4534127
7952.0	12071.69482945
7952.5	12072.67460905
7953.0	12073.69854775
7953.5	12074.02084496
7954.0	12074.01079383
7954.5	12074.25577169
7955.0	12074.40022218
7955.5	12075.08144661
7956.0	12075.75011952
7956.5	12076.71285737
7957.0	12077.16210146
7957.5	12077.69455993
7958.0	12078.21428073
7958.5	12078.65382985
7959.0	12079.36827052
7959.5	12079.73599442
7960.0	12080.2554475
7960.5	12080.27422333
7961.0	12080.2367867
7961.5	12080.98462368
7962.0	12082.01747404
7962.5	12082.41578671
7963.0	12082.87564831
7963.5	12083.32575051
7964.0	12083.57768574
7964.5	12084.19955503
7965.0	12084.42832098
7965.5	12084.28120235
7966.0	12084.58748776
7966.5	12084.96071044
7967.0	12085.07444307
7967.5	12085.46151495
7968.0	12085.59387377
7968.5	12085.68058284
7969.0	12086.17582064
7969.5	12086.70855557
7970.0	12086.72945153
7970.5	12087.48473613
7971.0	12088.1426597
7971.5	12088.56904051
7972.0	12088.64272316
7972.5	12089.31728313
7973.0	12089.6037802
7973.5	12089.9116121
7974.0	12090.82358618
7974.5	12091.24873332
7975.0	12091.82097778
7975.5	12092.07018284
7976.0	12092.35420309
7976.5	12092.32006941
7977.0	12092.33510956
7977.5	12092.52626975
7978.0	12092.82325185
7978.5	12093.81045533
7979.0	12094.02538916
7979.5	12094.77804637
7980.0	12095.3479859
7980.5	12095.81548268
7981.0	12096.24928911
7981.5	12097.13479032
7982.0	12097.75002939
7982.5	12098.56113147
7983.0	12098.90522049
7983.5	12099.39937561
7984.0	12100.09384856
7984.5	12100.67798124
7985.0	12100.81758641
7985.5	12101.37806044
7986.0	12101.6751995
7986.5	12102.29923395
7987.0	12102.92645108
7987.5	12103.12016307
7988.0	12103.24980038
7988.5	12103.56977702
7989.0	12104.11165732
7989.5	12104.51333614
7990.0	12105.67422396
7990.5	12105.77273663
7991.0	12105.96323019
7991.5	12106.2809934
7992.0	12106.73377099
7992.5	12107.23177472
7993.0	12108.13938007
7993.5	12108.92752172
7994.0	12109.01649992
7994.5	12109.50134367
7995.0	12109.43720468
7995.5	12108.87954839
7996.0	12109.27157136
7996.5	12109.78377566
7997.0	12110.19407067
7997.5	12110.91385906
7998.0	12111.39490684
7998.5	12111.72348022
7999.0	12112.3991587
7999.5	12113.04036011
8000.0	12113.39971272
8000.5	12114.35912317
8001.0	12114.6698234
8001.5	12114.75243492
8002.0	12115.74355379
8002.5	12116.65166135
8003.0	12117.57356895
8003.5	12118.61654981
8004.0	12119.01856026
8004.5	12118.78297907
8005.0	12119.27769417
8005.5	12119.05672259
8006.0	12118.93122748
8006.5	12119.35355467
8007.0	12119.69125956
8007.5	12119.9750593
8008.0	12120.61540673
8008.5	12120.8335028
8009.0	12121.46222189
8009.5	12121.20549089
8010.0	12121.62855898
8010.5	12121.2694314
8011.0	12121.65575805
8011.5	12122.28065465
8012.0	12123.08172311
8012.5	12123.79814371
8013.0	12124.84152553
8013.5	12125.21488363
8014.0	12125.85991184
8014.5	12126.62102846
8015.0	12127.10208569
8015.5	12128.32577376
8016.0	12128.95965536
8016.5	12129.28786991
8017.0	12130.41113652
8017.5	12130.80582625
8018.0	12130.81017423
8018.5	12131.29132633
8019.0	12131.45429311
8019.5	12132.04403951
8020.0	12132.68010539
8020.5	12133.22647598
8021.0	12133.73426972
8021.5	12134.40492127
8022.0	12134.91665215
8022.5	12135.03533515
8023.0	12135.62392989
8023.5	12136.2622136
8024.0	12136.66914722
8024.5	12137.132339
8025.0	12137.8475635
8025.5	12137.67406655
8026.0	12137.83537824
8026.5	12138.17448539
8027.0	12138.41585562
8027.5	12138.62302569
8028.0	12139.59650728
8028.5	12140.0639029
8029.0	12140.80254328
8029.5	12141.84169602
8030.0	12142.14141622
8030.5	12142.46105815
8031.0	12142.74339526
8031.5	12142.70325167
8032.0	12142.78919836
8032.5	12143.33179416
8033.0	12143.90029095
8033.5	12144.49615468
8034.0	12145.80421527
8034.5	12146.3677925
8035.0	12146.73354256
8035.5	12147.42344515
8036.0	12147.36165779
8036.5	12147.68095572
8037.0	12148.1394203
8037.5	12148.2983389
8038.0	12148.19291896
8038.5	12148.45500193
8039.0	12148.79933426
8039.5	12149.0656284
8040.0	12149.81817637
8040.5	12150.60271985
8041.0	12151.08694229
8041.5	12151.91015483
8042.0	12152.29696218
8042.5	12152.56789635
8043.0	12153.01462013
8043.5	12153.35609359
8044.0	12153.09119751
8044.5	12153.48729377
8045.0	12153.70395216
8045.5	12154.11734634
8046.0	12154.99827252
8046.5	12155.71423393
8047.0	12156.25382561
8047.5	12157.11165377
8048.0	12157.08726605
8048.5	12156.52321084
8049.0	12156.59350998
8049.5	12156.5188489
8050.0	12156.62438607
8050.5	12156.89886198
8051.0	12157.12771543
8051.5	12157.45805617
8052.0	12158.27327257
8052.5	12158.2509114
8053.0	12158.25527707
8053.5	12158.55578003
8054.0	12158.73823713
8054.5	12158.99962296
8055.0	12159.61671975
8055.5	12159.83964475
8056.0	12160.04366014
8056.5	12160.82257232
8057.0	12161.09597705
8057.5	12162.12517153
8058.0	12162.59434578
8058.5	12162.88045497
8059.0	12163.23154512
8059.5	12163.63104857
8060.0	12164.16007253
8060.5	12164.12094264
8061.0	12164.7219421
8061.5	12165.04345699
8062.0	12164.93590927
8062.5	12165.50630175
8063.0	12165.40957511
8063.5	12166.15962841
8064.0	12166.85842283
8064.5	12167.87576515
8065.0	12167.81653294
8065.5	12167.74733267
8066.0	12167.71473502
8066.5	12167.37722249
8067.0	12167.7347462
8067.5	12167.90148058
8068.0	12168.00159303
8068.5	12168.77493099
8069.0	12169.43090943
8069.5	12169.62103703
8070.0	12169.72605952
8070.5	12169.94560343
8071.0	12169.6778685
8071.5	12169.65116329
8072.0	12169.83107484
8072.5	12169.87315971
8073.0	12170.09187381
8073.5	12170.76200544
8074.0	12171.50948026
8074.5	12172.07474461
8075.0	12172.8554992
8075.5	12173.28985895
8076.0	12173.65259172
8076.5	12174.04489025
8077.0	12174.5245635
8077.5	12174.69721896
8078.0	12174.66202408
8078.5	12175.32079007
8079.0	12175.69317473
8079.5	12176.46454606
8080.0	12177.2495966
8080.5	12177.64392545
8081.0	12178.29018588
8081.5	12178.16555365
8082.0	12178.11982501
8082.5	12178.13185337
8083.0	12178.12048841
8083.5	12178.05155982
8084.0	12178.47153556
8084.5	12178.61163718
8085.0	12178.63368078
8085.5	12178.89014939
8086.0	12178.9761852
8086.5	12178.98367814
8087.0	12178.85108897
8087.5	12178.68287355
8088.0	12178.82850712
8088.5	12179.57832463
8089.0	12180.01788041
8089.5	12180.5551532
8090.0	12180.85153434
8090.5	12180.92860182
8091.0	12181.07529157
8091.5	12181.44891715
8092.0	12181.63051599
8092.5	12181.58635419
8093.0	12181.84218617
8093.5	12182.16823809
8094.0	12182.8339069
8094.5	12183.50637008
8095.0	12184.54608983
8095.5	12184.73326779
8096.0	12185.43656227
8096.5	12185.62186389
8097.0	12185.5211201
8097.5	12185.94282127
8098.0	12186.03202162
8098.5	12185.49412214
8099.0	12185.85309487
8099.5	12186.23939839
8100.0	12186.45508016
8100.5	12186.77491291
8101.0	12187.22606833
8101.5	12187.12852796
8102.0	12187.73092685
8102.5	12188.76836303
8103.0	12188.92946358
8103.5	12189.04312789
8104.0	12189.64186466
8104.5	12189.77727687
8105.0	12189.64619585
8105.5	12189.77852023
8106.0	12189.43823178
8106.5	12189.51444843
8107.0	12190.1516424
8107.5	12190.85078042
8108.0	12191.07442989
8108.5	12191.53798559
8109.0	12191.60202764
8109.5	12192.02087283
8110.0	12192.58872132
8110.5	12192.57853536
8111.0	12192.87015983
8111.5	12193.56989388
8112.0	12193.69066685
8112.5	12194.24426834
8113.0	12194.99115056
8113.5	12194.97350206
8114.0	12195.08833271
8114.5	12195.60162775
8115.0	12196.07115936
8115.5	12196.59780806
8116.0	12196.99504929
8116.5	12197.12833764
8117.0	12197.08767199
8117.5	12197.09865434
8118.0	12197.47158145
8118.5	12197.13379095
8119.0	12197.36054286
8119.5	12197.39960457
8120.0	12197.42302732
8120.5	12197.49189807
8121.0	12198.03224878
8121.5	12197.93475793
8122.0	12198.28742427
8122.5	12198.91125044
8123.0	12199.40504688
8123.5	12199.88549189
8124.0	12200.36633186
8124.5	12200.56851495
8125.0	12200.79192465
8125.5	12200.94634397
8126.0	12200.75767285
8126.5	12200.48959698
8127.0	12201.08480947
8127.5	12200.84043375
8128.0	12201.06122723
8128.5	12201.2887838
8129.0	12200.96953847
8129.5	12200.65413926
8130.0	12201.29110355
8130.5	12201.20630718
8131.0	12201.24894564
8131.5	12201.56598407
8132.0	12201.62113282
8132.5	12201.67119863
8133.0	12202.5180071
8133.5	12202.75060865
8134.0	12203.03905835
8134.5	12203.64517757
8135.0	12203.45866385
8135.5	12203.54940768
8136.0	12203.77572413
8136.5	12203.51651954
8137.0	12203.91807477
8137.5	12205.08398621
8138.0	12204.93891263
8138.5	12204.7389878
8139.0	12205.53063208
8139.5	12205.67190862
8140.0	12205.68630675
8140.5	12206.51753318
8141.0	12206.97351385
8141.5	12206.92262027
8142.0	12207.70185877
8142.5	12207.47661009
8143.0	12207.08882253
8143.5	12207.89467392
8144.0	12208.30152318
8144.5	12208.69147138
8145.0	12209.30203755
8145.5	12209.56469432
8146.0	12209.28316356
8146.5	12209.55815194
8147.0	12209.40497761
8147.5	12209.38851529
8148.0	12209.74243466
8148.5	12209.80993305
8149.0	12209.74180585
8149.5	12210.50564062
8150.0	12210.80435868
8150.5	12211.17112401
8151.0	12211.97218649
8151.5	12212.96177391
8152.0	12212.87038748
8152.5	12213.06080046
8153.0	12213.06680514
8153.5	12212.73912018
8154.0	12212.71836391
8154.5	12213.79734744
8155.0	12213.97248576
8155.5	12214.58163573
8156.0	12215.63385379
8156.5	12215.75768052
8157.0	12215.97760133
8157.5	12216.46141444
8158.0	12216.40820789
8158.5	12216.47076177
8159.0	12217.23123634
8159.5	12217.00970144
8160.0	12217.23177152
8160.5	12217.42035694
8161.0	12217.2127344
8161.5	12216.74493462
8162.0	12217.47168781
8162.5	12217.40914267
8163.0	12217.60515279
8163.5	12218.46522939
8164.0	12218.60635981
8164.5	12218.23867974
8165.0	12218.95372466
8165.5	12218.9554518
8166.0	12218.91798528
8166.5	12219.38286983
8167.0	12220.04662431
8167.5	12220.2106806
8168.0	12221.08038306
8168.5	12221.483709
8169.0	12221.07579375
8169.5	12221.34464742
8170.0	12221.5730208
8170.5	12221.5118196
8171.0	12222.02474152
8171.5	12223.23726905
8172.0	12223.06327811
8172.5	12223.88134656
8173.0	12224.17168919
8173.5	12224.20423325
8174.0	12224.9480086
8174.5	12225.72761693
8175.0	12225.96069542
8175.5	12226.21997346
8176.0	12226.91452406
8176.5	12226.81363242
8177.0	12226.55545755
8177.5	12226.86233193
8178.0	12226.63768832
8178.5	12226.83815548
8179.0	12227.0505341
8179.5	12227.22650473
8180.0	12227.37786106
8180.5	12228.02899848
8181.0	12228.25652607
8181.5	12227.84233718
8182.0	12228.37390055
8182.5	12228.32144281
8183.0	12227.67697366
8183.5	12227.98026742
8184.0	12227.77954657
8184.5	12227.47938679
8185.0	12227.90010238
8185.5	12227.94950377
8186.0	12228.07171556
8186.5	12228.30181549
8187.0	12228.55155582
8187.5	12228.1222089
8188.0	12228.10757729
8188.5	12228.46638509
8189.0	12228.53086821
8189.5	12228.65642499
8190.0	12229.34971738
8190.5	12229.21320127
8191.0	12229.4463315
8191.5	12229.8939401
8192.0	12229.53770653
8192.5	12229.63232106
8193.0	12230.00864148
8193.5	12230.29177481
8194.0	12230.72973926
8194.5	12231.52857064
8195.0	12231.65716659
8195.5	12231.91831706
8196.0	12232.92663997
8196.5	12232.61053484
8197.0	12232.86393323
8197.5	12233.17172137
8198.0	12233.39221067
8198.5	12233.11428006
8199.0	12233.21657311
8199.5	12233.20776609
8200.0	12233.27731433
8200.5	12233.2227519
8201.0	12233.53121282
8201.5	12233.44281902
8202.0	12234.04018904
8202.5	12234.58836193
8203.0	12234.33145541
8203.5	12234.58300115
8204.0	12235.02754279
8204.5	12235.09725134
8205.0	12234.87291593
8205.5	12234.83570011
8206.0	12234.31601024
8206.5	12234.24245801
8207.0	12234.90218451
8207.5	12235.00736607
8208.0	12235.1577935
8208.5	12235.43024631
8209.0	12235.2177105
8209.5	12235.31101763
8210.0	12235.9460956
8210.5	12235.83205028
8211.0	12235.50252861
8211.5	12236.00103304
8212.0	12236.25554838
8212.5	12236.28733659
8213.0	12237.03576028
8213.5	12237.29654947
8214.0	12237.07560513
8214.5	12237.19017924
8215.0	12237.05122132
8215.5	12236.9720655
8216.0	12237.39948478
8216.5	12237.32468883
8217.0	12237.20152165
8217.5	12237.75891474
8218.0	12238.20761474
8218.5	12238.47199067
8219.0	12239.0964382
8219.5	12239.62309693
8220.0	12239.97578343
8220.5	12240.34437252
8221.0	12240.5115815
8221.5	12240.38133034
8222.0	12241.1215637
8222.5	12241.55862958
8223.0	12241.42624539
8223.5	12241.97803327
8224.0	12242.43377301
8224.5	12242.27809117
8225.0	12242.54476002
8225.5	12242.62434244
8226.0	12242.42599515
8226.5	12242.56743304
8227.0	12243.37804853
8227.5	12243.45725126
8228.0	12244.16713786
8228.5	12244.58521611
8229.0	12244.28927762
8229.5	12244.85562286
8230.0	12245.11547491
8230.5	12245.44582045
8231.0	12246.16309115
8231.5	12246.40880345
8232.0	12246.23450841
8232.5	12246.49755583
8233.0	12246.67214596
8233.5	12246.54691788
8234.0	12246.68108311
8234.5	12246.79020284
8235.0	12246.3675273
8235.5	12246.30699513
8236.0	12246.12577308
8236.5	12245.51422757
8237.0	12245.25762319
8237.5	12245.20596981
8238.0	12244.96052631
8238.5	12244.80146156
8239.0	12245.38932772
8239.5	12245.24554385
8240.0	12245.55916244
8240.5	12245.7942457
8241.0	12245.58148442
8241.5	12245.50134998
8242.0	12245.42653588
8242.5	12245.25060255
8243.0	12245.11161702
8243.5	12245.63197807
8244.0	12245.68944785
8244.5	12245.94819298
8245.0	12246.37592222
8245.5	12246.52125523
8246.0	12246.25232825
8246.5	12246.31244914
8247.0	12246.35030054
8247.5	12246.66450804
8248.0	12246.90999726
8248.5	12247.40567722
8249.0	12247.78706282
8249.5	12248.08048494
8250.0	12247.63401022
8250.5	12247.76040974
8251.0	12248.54611327
8251.5	12248.25749104
8252.0	12248.46183608
8252.5	12248.34947738
8253.0	12248.51198307
8253.5	12248.62874036
8254.0	12249.14161084
8254.5	12248.84624464
8255.0	12248.76052583
8255.5	12248.87426565
8256.0	12248.8616214
8256.5	12248.93184767
8257.0	12249.66595001
8257.5	12249.92089995
8258.0	12250.38674832
8258.5	12250.54284745
8259.0	12251.11648241
8259.5	12251.49257245
8260.0	12251.55885403
8260.5	12251.77750357
8261.0	12251.58198301
8261.5	12251.70780159
8262.0	12251.65922666
8262.5	12251.78463754
8263.0	12252.31923603
8263.5	12252.66407942
8264.0	12252.63739726
8264.5	12251.84989955
8265.0	12251.52759999
8265.5	12251.00666931
8266.0	12251.25873879
8266.5	12251.6013961
8267.0	12251.85413491
8267.5	12252.14468255
8268.0	12252.30484426
8268.5	12252.5484201
8269.0	12252.75046249
8269.5	12252.59572953
8270.0	12252.07374115
8270.5	12252.06022347
8271.0	12252.07908446
8271.5	12251.89058484
8272.0	12252.41238185
8272.5	12252.63830539
8273.0	12252.85054293
8273.5	12252.94975009
8274.0	12253.49493061
8274.5	12253.74342666
8275.0	12254.01664979
8275.5	12254.10068698
8276.0	12253.74464888
8276.5	12254.08228359
8277.0	12254.24891118
8277.5	12253.81056456
8278.0	12253.62341858
8278.5	12253.59816811
8279.0	12253.11093752
8279.5	12253.03599962
8280.0	12252.87132366
8280.5	12252.15932818
8281.0	12251.35395884
8281.5	12250.79467584
8282.0	12249.92719758
8282.5	12249.37980239
8283.0	12249.53396712
8283.5	12249.125475
8284.0	12249.16211873
8284.5	12248.78216195
8285.0	12247.98576798
8285.5	12247.68586337
8286.0	12247.46320907
8286.5	12246.42383602
8287.0	12246.16013087
8287.5	12245.89518588
8288.0	12244.71974135
8288.5	12243.84426253
8289.0	12242.8025676
8289.5	12241.59650444
8290.0	12240.2219003
8290.5	12238.90928305
8291.0	12236.80253571
8291.5	12235.25079005
8292.0	12233.01390591
8292.5	12229.50315296
8293.0	12226.16484889
8293.5	12220.88711455
8294.0	12212.66922371
8294.5	12199.148205
8295.0	12179.60231649
8295.5	12153.74998351
8296.0	12125.82438322
8296.5	12097.1081619
8297.0	12068.9061896
8297.5	12045.02771839
8298.0	12030.13099189
8298.5	12022.32963394
8299.0	12011.98923706
8299.5	11981.06031871
8300.0	11904.88932924
8300.5	11758.82908488
8301.0	11539.03342751
8301.5	11297.03064159
8302.0	11126.85363567
8302.5	11115.516661
8303.0	11277.70405056
8303.5	11544.21764076
8304.0	11791.66586833
8304.5	11964.61485787
8305.0	12048.50763371
8305.5	12061.727547
8306.0	12042.21151253
8306.5	12029.95191589
8307.0	12024.35627052
8307.5	11986.8509071
8308.0	11922.50521566
8308.5	11830.24553351
8309.0	11662.18113026
8309.5	11421.01485625
8310.0	11199.04925933
8310.5	11109.37475868
8311.0	11209.05186496
8311.5	11433.72616494
8312.0	11670.73519596
8312.5	11844.58444627
8313.0	11952.16177759
8313.5	12009.52182048
8314.0	12037.2626716
8314.5	12054.79431107
8315.0	12074.8872545
8315.5	12100.66373003
8316.0	12129.47233198
8316.5	12156.50608258
8317.0	12180.11280112
8317.5	12198.47461661
8318.0	12214.84226786
8318.5	12229.7277511
8319.0	12241.76078101
8319.5	12249.38373725
8320.0	12253.39526578
8320.5	12255.35034646
8321.0	12256.20770581
8321.5	12257.34944682
8322.0	12257.97446995
8322.5	12258.30576224
8323.0	12258.74391124
8323.5	12259.14959133
8324.0	12259.54667364
8324.5	12260.3756192
8325.0	12260.85221096
8325.5	12260.96876371
8326.0	12261.21482797
8326.5	12261.15578685
8327.0	12261.34994186
8327.5	12261.41264102
8328.0	12260.47553159
8328.5	12258.60232924
8329.0	12256.76315622
8329.5	12254.7432743
8330.0	12252.66742135
8330.5	12251.58065219
8331.0	12250.96760139
8331.5	12250.68552502
8332.0	12251.04331752
8332.5	12251.25040153
8333.0	12251.3071685
8333.5	12251.12265721
8334.0	12251.29408974
8334.5	12250.77477252
8335.0	12249.91650335
8335.5	12249.33668318
8336.0	12248.84271774
8336.5	12248.10889716
8337.0	12247.72698308
8337.5	12247.1197519
8338.0	12246.68936634
8338.5	12246.35353597
8339.0	12246.33944608
8339.5	12246.51266668
8340.0	12246.67889339
8340.5	12246.82966144
8341.0	12245.9497441
8341.5	12245.62896369
8342.0	12245.05354879
8342.5	12244.2418906
8343.0	12243.49622378
8343.5	12242.49745563
8344.0	12241.24359469
8344.5	12239.68093345
8345.0	12238.25481612
8345.5	12236.20491917
8346.0	12233.92293272
8346.5	12231.57037813
8347.0	12228.68630489
8347.5	12226.17812766
8348.0	12224.11868773
8348.5	12221.90239585
8349.0	12220.44333789
8349.5	12220.11595501
8350.0	12220.20274581
8350.5	12221.09572011
8351.0	12222.38748525
8351.5	12223.19915021
8352.0	12224.59815489
8352.5	12225.55440483
8353.0	12225.80046548
8353.5	12225.81275799
8354.0	12225.39497735
8354.5	12225.1553007
8355.0	12225.10457663
8355.5	12225.98496401
8356.0	12226.51888488
8356.5	12227.38477425
8357.0	12227.77784786
8357.5	12227.73433148
8358.0	12228.08302094
8358.5	12228.76172002
8359.0	12229.08575284
8359.5	12229.50236607
8360.0	12229.52923673
8360.5	12229.97403224
8361.0	12231.02370141
8361.5	12231.62661592
8362.0	12232.37050688
8362.5	12232.58946004
8363.0	12232.39226304
8363.5	12232.46353201
8364.0	12232.82379563
8364.5	12233.14652315
8365.0	12233.6216544
8365.5	12234.19453525
8366.0	12234.00057168
8366.5	12234.12397205
8367.0	12233.75204277
8367.5	12233.60210741
8368.0	12233.7806582
8368.5	12234.20954012
8369.0	12234.18082722
8369.5	12234.12457108
8370.0	12234.74196511
8370.5	12234.83628272
8371.0	12235.59596617
8371.5	12236.23875031
8372.0	12236.74034436
8372.5	12236.83631666
8373.0	12237.17713751
8373.5	12236.68203991
8374.0	12236.96018438
8374.5	12237.43420384
8375.0	12237.02655808
8375.5	12237.03156344
8376.0	12236.72323764
8376.5	12236.04305523
8377.0	12235.99365416
8377.5	12235.99123467
8378.0	12235.42884964
8378.5	12235.4429661
8379.0	12235.21313711
8379.5	12234.58993047
8380.0	12234.37414731
8380.5	12234.27870674
8381.0	12233.78229509
8381.5	12232.88790837
8382.0	12232.48548702
8382.5	12231.6494734
8383.0	12231.09142532
8383.5	12230.4475412
8384.0	12229.77941696
8384.5	12229.62089883
8385.0	12229.36670847
8385.5	12228.45029902
8386.0	12227.92438733
8386.5	12227.27896416
8387.0	12226.65213245
8387.5	12226.54898965
8388.0	12226.39203377
8388.5	12226.4159168
8389.0	12227.00050024
8389.5	12226.57274642
8390.0	12226.96955179
8390.5	12227.62366124
8391.0	12228.02590681
8391.5	12228.38150675
8392.0	12228.78292901
8392.5	12228.149842
8393.0	12227.50480936
8393.5	12227.74121828
8394.0	12227.11482244
8394.5	12226.23951764
8395.0	12226.73123839
8395.5	12226.75405063
8396.0	12227.06128776
8396.5	12227.07768445
8397.0	12226.70631008
8397.5	12226.81836189
8398.0	12227.08280398
8398.5	12227.22084152
8399.0	12227.62820839
8399.5	12227.93546338
8400.0	12227.72505949
8400.5	12227.45221682
8401.0	12227.22792903
8401.5	12226.6209263
8402.0	12226.21928297
8402.5	12225.64381857
8403.0	12225.00053331
8403.5	12225.16706009
8404.0	12225.04125531
8404.5	12224.84559007
8405.0	12225.53530649
8405.5	12226.2361179
8406.0	12226.79379976
8406.5	12227.57144348
8407.0	12227.54711605
8407.5	12227.44052866
8408.0	12227.37852137
8408.5	12226.77407638
8409.0	12226.72970579
8409.5	12226.6049231
8410.0	12226.43000823
8410.5	12226.45461551
8411.0	12226.3324061
8411.5	12226.28067815
8412.0	12226.74884846
8412.5	12226.68160252
8413.0	12226.25722116
8413.5	12226.44287192
8414.0	12226.43470339
8414.5	12226.30312753
8415.0	12227.30155682
8415.5	12226.92780017
8416.0	12227.05771227
8416.5	12227.456539
8417.0	12226.7250247
8417.5	12226.11782913
8418.0	12226.12988263
8418.5	12225.46442941
8419.0	12225.48508111
8419.5	12225.54313309
8420.0	12225.50186405
8420.5	12225.78244544
8421.0	12226.00617478
8421.5	12225.71554335
8422.0	12225.99282854
8422.5	12225.73057109
8423.0	12225.52831667
8423.5	12225.84111813
8424.0	12225.81903266
8424.5	12225.81080846
8425.0	12226.14895186
8425.5	12226.0491124
8426.0	12225.93439967
8426.5	12225.90775643
8427.0	12225.61159298
8427.5	12225.55080955
8428.0	12225.74936419
8428.5	12226.33092812
8429.0	12226.30698736
8429.5	12226.47227907
8430.0	12226.44944476
8430.5	12226.79278165
8431.0	12226.67858886
8431.5	12226.47279027
8432.0	12225.96602641
8432.5	12225.71567487
8433.0	12225.4979024
8433.5	12225.35699667
8434.0	12224.92691211
8434.5	12224.72558608
8435.0	12224.86215735
8435.5	12225.0206027
8436.0	12225.03504156
8436.5	12225.33706358
8437.0	12225.79345637
8437.5	12225.56383202
8438.0	12225.29381335
8438.5	12224.61355596
8439.0	12224.62803383
8439.5	12224.58378564
8440.0	12224.42617941
8440.5	12224.19393724
8441.0	12223.84638594
8441.5	12223.71164855
8442.0	12223.84740372
8442.5	12223.66996299
8443.0	12223.58472751
8443.5	12223.39843108
8444.0	12222.90035079
8444.5	12222.85047609
8445.0	12222.52884481
8445.5	12222.64353468
8446.0	12222.47188673
8446.5	12222.46638139
8447.0	12222.08500165
8447.5	12222.41514372
8448.0	12222.43461078
8448.5	12221.90058837
8449.0	12221.45281836
8449.5	12221.12972638
8450.0	12220.93245915
8450.5	12220.81156048
8451.0	12220.798542
8451.5	12220.82286695
8452.0	12221.09185871
8452.5	12221.11173594
8453.0	12221.38195288
8453.5	12221.38593289
8454.0	12221.12887429
8454.5	12220.87221629
8455.0	12220.61505079
8455.5	12220.66010108
8456.0	12220.86266198
8456.5	12220.88425826
8457.0	12220.63236594
8457.5	12220.81932839
8458.0	12220.395981
8458.5	12220.21614667
8459.0	12219.80654008
8459.5	12219.71492912
8460.0	12219.58075171
8460.5	12219.21479629
8461.0	12218.99929224
8461.5	12218.51813731
8462.0	12217.97568649
8462.5	12217.81710673
8463.0	12217.69932769
8463.5	12217.53552187
8464.0	12217.24654963
8464.5	12217.40531829
8465.0	12216.98953251
8465.5	12217.32599424
8466.0	12217.49313017
8466.5	12217.53344376
8467.0	12217.40963444
8467.5	12217.10557274
8468.0	12216.93465163
8468.5	12216.91659765
8469.0	12217.19228219
8469.5	12217.05489709
8470.0	12216.96717687
8470.5	12216.87583476
8471.0	12216.83710002
8471.5	12216.79030553
8472.0	12216.72139457
8472.5	12216.2496673
8473.0	12215.80448093
8473.5	12215.67736925
8474.0	12215.39071918
8474.5	12215.35562796
8475.0	12214.90738897
8475.5	12214.85469352
8476.0	12214.57817227
8476.5	12214.73062322
8477.0	12214.60006559
8477.5	12214.6706281
8478.0	12214.06174455
8478.5	12214.16536393
8479.0	12213.92409507
8479.5	12213.36664086
8480.0	12213.08153375
8480.5	12212.83594026
8481.0	12212.73699373
8481.5	12212.58184231
8482.0	12211.84440069
8482.5	12211.49581848
8483.0	12211.70771082
8483.5	12211.2622406
8484.0	12211.39257307
8484.5	12211.03414581
8485.0	12210.4756923
8485.5	12210.28068088
8486.0	12210.30245589
8486.5	12209.77494639
8487.0	12209.69748501
8487.5	12209.19339805
8488.0	12209.1077272
8488.5	12209.01194293
8489.0	12208.60838531
8489.5	12209.15030431
8490.0	12209.5499327
8490.5	12209.55864757
8491.0	12209.19546998
8491.5	12208.52600028
8492.0	12207.75657776
8492.5	12207.72759314
8493.0	12207.63596778
8493.5	12207.37188185
8494.0	12207.38897186
8494.5	12207.41889469
8495.0	12207.38994535
8495.5	12206.91786135
8496.0	12206.55186701
8496.5	12206.2039818
8497.0	12205.65412804
8497.5	12205.52915017
8498.0	12205.81360143
8498.5	12205.81996101
8499.0	12205.65890039
8499.5	12205.63456685
8500.0	12205.76671334
8500.5	12205.60116063
8501.0	12204.96200521
8501.5	12204.18699468
8502.0	12204.0668752
8502.5	12203.8093888
8503.0	12203.23044541
8503.5	12202.62579368
8504.0	12202.30971136
8504.5	12201.89528158
8505.0	12201.41529888
8505.5	12201.3322867
8506.0	12200.6776191
8506.5	12200.59040933
8507.0	12200.15917075
8507.5	12199.75724031
8508.0	12199.49175457
8508.5	12198.90038742
8509.0	12198.82072139
8509.5	12199.31775668
8510.0	12198.87445372
8510.5	12198.54735745
8511.0	12198.4671844
8511.5	12198.18759025
8512.0	12198.18303467
8512.5	12197.86480061
8513.0	12197.55272851
8513.5	12197.19738616
8514.0	12196.71477708
8514.5	12195.82835441
8515.0	12196.09810196
8515.5	12195.69832544
8516.0	12195.56888736
8516.5	12196.28218312
8517.0	12196.23416852
8517.5	12196.41880147
8518.0	12195.92820905
8518.5	12195.77456722
8519.0	12195.4999263
8519.5	12194.55294397
8520.0	12194.6441632
8520.5	12194.73671839
8521.0	12194.96683087
8521.5	12195.01276634
8522.0	12195.00193875
8522.5	12195.06191313
8523.0	12194.8606087
8523.5	12194.14563705
8524.0	12193.61088231
8524.5	12193.618136
8525.0	12193.2317628
8525.5	12193.45040678
8526.0	12193.99896152
8526.5	12194.15145078
8527.0	12194.22783218
8527.5	12193.63551777
8528.0	12193.24521355
8528.5	12193.01496525
8529.0	12192.27777949
8529.5	12192.0573961
8530.0	12192.44873257
8530.5	12192.33574177
8531.0	12192.05516352
8531.5	12191.77662055
8532.0	12191.4502325
8532.5	12191.98627405
8533.0	12192.04191441
8533.5	12192.31966086
8534.0	12192.28158252
8534.5	12191.85478428
8535.0	12191.78475353
8535.5	12191.08085409
8536.0	12190.26243409
8536.5	12189.89072553
8537.0	12189.25921769
8537.5	12188.76029758
8538.0	12188.57271342
8538.5	12188.40315944
8539.0	12188.14289113
8539.5	12188.01369827
8540.0	12188.00410935
8540.5	12188.02762015
8541.0	12188.46532836
8541.5	12188.40152219
8542.0	12188.17147868
8542.5	12187.86224392
8543.0	12187.47740621
8543.5	12187.14891534
8544.0	12186.820876
8544.5	12186.4777778
8545.0	12186.36465425
8545.5	12185.87326031
8546.0	12185.5079567
8546.5	12184.77903239
8547.0	12184.11842123
8547.5	12183.8397201
8548.0	12183.62383764
8548.5	12184.17354029
8549.0	12184.1383667
8549.5	12184.76048493
8550.0	12184.92000486
8550.5	12184.80559501
8551.0	12184.46546214
8551.5	12183.97293665
8552.0	12183.37988704
8552.5	12182.65867128
8553.0	12181.71213515
8553.5	12181.33859341
8554.0	12181.06639816
8554.5	12180.56970701
8555.0	12180.37013492
8555.5	12180.38553879
8556.0	12180.64082485
8556.5	12181.089164
8557.0	12181.13055636
8557.5	12181.15163897
8558.0	12181.00595002
8558.5	12180.10766923
8559.0	12179.78737378
8559.5	12179.46276756
8560.0	12178.98097863
8560.5	12178.79418135
8561.0	12178.49268237
8561.5	12178.57580122
8562.0	12178.92664214
8562.5	12178.30527048
8563.0	12178.35391818
8563.5	12177.71473559
8564.0	12177.01661824
8564.5	12176.70041743
8565.0	12176.1198172
8565.5	12175.56984213
8566.0	12175.05322405
8566.5	12174.31378386
8567.0	12174.05523128
8567.5	12173.43489263
8568.0	12173.37837255
8568.5	12173.48107558
8569.0	12173.21224213
8569.5	12173.14785941
8570.0	12172.67467486
8570.5	12172.18551851
8571.0	12172.06606578
8571.5	12171.44714581
8572.0	12170.85507619
8572.5	12170.66387555
8573.0	12170.52945611
8573.5	12170.61338071
8574.0	12171.06259351
8574.5	12171.26262449
8575.0	12171.16764894
8575.5	12170.66042172
8576.0	12170.61769145
8576.5	12170.54640108
8577.0	12170.00534765
8577.5	12169.56604586
8578.0	12168.78784818
8578.5	12168.30100177
8579.0	12168.0821311
8579.5	12167.5505459
8580.0	12167.1494985
8580.5	12166.48593331
8581.0	12166.05041136
8581.5	12165.57145963
8582.0	12165.38190687
8582.5	12165.33738195
8583.0	12165.15795045
8583.5	12164.59632543
8584.0	12164.2213305
8584.5	12163.60575109
8585.0	12162.52824119
8585.5	12161.68102218
8586.0	12160.65700087
8586.5	12159.91767126
8587.0	12159.56409913
8587.5	12159.35198032
8588.0	12159.08721873
8588.5	12158.34899772
8589.0	12157.88273702
8589.5	12157.57346776
8590.0	12156.87739423
8590.5	12157.50719615
8591.0	12157.587719
8591.5	12157.15508969
8592.0	12157.28549416
8592.5	12156.89258881
8593.0	12156.64795021
8593.5	12156.27450255
8594.0	12154.91340687
8594.5	12154.6675772
8595.0	12154.03793599
8595.5	12153.77720708
8596.0	12153.73142072
8596.5	12153.60394523
8597.0	12153.26728739
8597.5	12153.32060505
8598.0	12152.73991288
8598.5	12152.7039387
8599.0	12152.12581593
8599.5	12151.95917456
8600.0	12151.40035524
8600.5	12150.61626537
8601.0	12150.24726982
8601.5	12149.56026732
8602.0	12149.47872948
8602.5	12148.83747865
8603.0	12148.06020062
8603.5	12147.69601298
8604.0	12147.44783147
8604.5	12147.28338858
8605.0	12146.98409731
8605.5	12147.01062643
8606.0	12146.72034772
8606.5	12146.18625555
8607.0	12145.67955039
8607.5	12145.76716269
8608.0	12145.56133843
8608.5	12145.65527582
8609.0	12144.88962149
8609.5	12143.78317877
8610.0	12142.92478822
8610.5	12142.24643173
8611.0	12141.44251208
8611.5	12140.49323405
8612.0	12139.21349434
8612.5	12138.26472381
8613.0	12136.85710145
8613.5	12135.81140405
8614.0	12134.63851048
8614.5	12133.127403
8615.0	12131.08855624
8615.5	12127.89022461
8616.0	12122.37649015
8616.5	12112.02852088
8617.0	12087.33145667
8617.5	12032.40433917
8618.0	11940.34173731
8618.5	11842.05163903
8619.0	11797.60472814
8619.5	11823.68110548
8620.0	11834.62324328
8620.5	11863.4988856
8621.0	11980.43042367
8621.5	12084.51454999
8622.0	12120.18775711
8622.5	12129.23976522
8623.0	12132.07538888
8623.5	12132.57094049
8624.0	12132.62599548
8624.5	12132.69135792
8625.0	12133.00018291
8625.5	12133.41303301
8626.0	12133.11617052
8626.5	12133.03369744
8627.0	12132.7565863
8627.5	12132.8999037
8628.0	12133.18866853
8628.5	12133.16439284
8629.0	12133.18170359
8629.5	12132.45482701
8630.0	12131.60113717
8630.5	12130.92040555
8631.0	12130.46698064
8631.5	12130.20250129
8632.0	12130.37808988
8632.5	12130.3455544
8633.0	12130.21144773
8633.5	12130.00700008
8634.0	12129.54253283
8634.5	12129.44274649
8635.0	12128.86841543
8635.5	12128.6914585
8636.0	12128.3812373
8636.5	12127.82150697
8637.0	12127.8444618
8637.5	12126.99006143
8638.0	12126.49992771
8638.5	12126.18003391
8639.0	12125.37964452
8639.5	12125.20446999
8640.0	12124.38426452
8640.5	12123.66813905
8641.0	12123.37002832
8641.5	12122.75520586
8642.0	12122.45123815
8642.5	12122.11011175
8643.0	12121.91023024
8643.5	12121.39799356
8644.0	12120.95229458
8644.5	12120.53875294
8645.0	12119.81160376
8645.5	12119.4679603
8646.0	12118.41858216
8646.5	12118.12410226
8647.0	12117.35135483
8647.5	12117.22041712
8648.0	12117.16749489
8648.5	12116.75908294
8649.0	12117.06942242
8649.5	12116.89276896
8650.0	12116.63928196
8650.5	12116.29294251
8651.0	12115.95166122
8651.5	12115.71848586
8652.0	12115.60140864
8652.5	12115.18585077
8653.0	12115.02645354
8653.5	12114.60129513
8654.0	12114.30756647
8654.5	12114.06206752
8655.0	12113.62112205
8655.5	12113.30926475
8656.0	12112.79711594
8656.5	12112.5830604
8657.0	12111.69740836
8657.5	12110.90633249
8658.0	12110.04948724
8658.5	12109.48221695
8659.0	12109.24610108
8659.5	12108.8937776
8660.0	12108.88940255
8660.5	12108.80579565
8661.0	12108.67311444
8661.5	12108.1828351
8662.0	12107.3663309
8662.5	12106.93887764
8663.0	12106.34146968
8663.5	12105.16830245
8664.0	12104.56192636
8664.5	12104.23311337
8665.0	12103.5697684
8665.5	12102.43687609
8666.0	12101.69314704
8666.5	12101.47168554
8667.0	12101.37424351
8667.5	12100.97096926
8668.0	12100.37684582
8668.5	12099.32075386
8669.0	12098.23690097
8669.5	12097.50676293
8670.0	12097.04393855
8670.5	12096.83578752
8671.0	12096.60652249
8671.5	12095.72765889
8672.0	12095.71980281
8672.5	12095.11766946
8673.0	12095.12034705
8673.5	12094.65985964
8674.0	12094.35564359
8674.5	12093.97832592
8675.0	12092.85795413
8675.5	12092.257033
8676.0	12091.46483862
8676.5	12090.35515761
8677.0	12089.7338073
8677.5	12089.38413693
8678.0	12089.38020076
8678.5	12089.18928482
8679.0	12088.62309178
8679.5	12088.23809519
8680.0	12087.66979017
8680.5	12087.29348451
8681.0	12087.00942831
8681.5	12086.91426822
8682.0	12086.33064061
8682.5	12085.88126739
8683.0	12085.00579054
8683.5	12084.05713799
8684.0	12083.33312433
8684.5	12083.06073476
8685.0	12082.56532829
8685.5	12082.1052988
8686.0	12082.3929621
8686.5	12082.49933219
8687.0	12082.30517525
8687.5	12081.75586807
8688.0	12081.30042649
8688.5	12081.05472745
8689.0	12080.70517605
8689.5	12080.65217029
8690.0	12080.24467462
8690.5	12079.4800714
8691.0	12078.39541135
8691.5	12076.56885294
8692.0	12072.89085073
8692.5	12065.80515962
8693.0	12055.17566239
8693.5	12042.73522514
8694.0	12033.70438964
8694.5	12032.79143625
8695.0	12039.64279654
8695.5	12049.42466015
8696.0	12056.61535046
8696.5	12061.46537722
8697.0	12063.97793954
8697.5	12065.22437215
8698.0	12065.7025441
8698.5	12065.44437725
8699.0	12064.75119999
8699.5	12061.50105971
8700.0	12055.07613651
8700.5	12044.45139473
8701.0	12032.34246603
8701.5	12024.404219
8702.0	12023.96743098
8702.5	12030.44207349
8703.0	12038.76711029
8703.5	12046.14459868
8704.0	12051.70173124
8704.5	12054.72417169
8705.0	12056.4700246
8705.5	12057.05042949
8706.0	12057.15490003
8706.5	12057.04025935
8707.0	12057.02457897
8707.5	12056.00175878
8708.0	12055.90676132
8708.5	12055.37069622
8709.0	12054.71902027
8709.5	12054.19720887
8710.0	12053.8914215
8710.5	12054.26372855
8711.0	12054.13786318
8711.5	12054.32849352
8712.0	12053.9378773
8712.5	12053.71779039
8713.0	12053.21361325
8713.5	12052.32293916
8714.0	12052.2044702
8714.5	12051.43912764
8715.0	12050.86560716
8715.5	12049.26815791
8716.0	12048.44869808
8716.5	12047.22785318
8717.0	12046.50078119
8717.5	12045.84471353
8718.0	12045.33129966
8718.5	12045.04019067
8719.0	12044.17387212
8719.5	12044.0516324
8720.0	12042.82330757
8720.5	12042.77307473
8721.0	12042.37111745
8721.5	12041.82253555
8722.0	12041.18196359
8722.5	12040.33880974
8723.0	12039.50655432
8723.5	12038.57645471
8724.0	12038.21016329
8724.5	12036.88188123
8725.0	12036.67733582
8725.5	12035.58894219
8726.0	12035.37059993
8726.5	12034.38163561
8727.0	12034.0018256
8727.5	12033.60509691
8728.0	12033.19485202
8728.5	12032.78223601
8729.0	12031.91141561
8729.5	12031.70749768
8730.0	12030.92096715
8730.5	12031.17301287
8731.0	12030.48016844
8731.5	12030.09111019
8732.0	12029.68905568
8732.5	12029.05046826
8733.0	12028.21703076
8733.5	12027.62098558
8734.0	12026.96769472
8734.5	12025.71653185
8735.0	12025.14811016
8735.5	12024.08391455
8736.0	12023.11149707
8736.5	12022.26193113
8737.0	12021.56397346
8737.5	12020.94327998
8738.0	12020.84739332
8738.5	12020.48029864
8739.0	12019.54847444
8739.5	12019.31643702
8740.0	12018.65828848
8740.5	12018.05502637
8741.0	12017.12354663
8741.5	12016.69340672
8742.0	12015.92784417
8742.5	12015.42124566
8743.0	12014.84650294
8743.5	12014.8581168
8744.0	12014.50044681
8744.5	12013.84257582
8745.0	12012.96048121
8745.5	12011.88134421
8746.0	12011.28112799
8746.5	12011.00586251
8747.0	12010.76603302
8747.5	12010.0031392
8748.0	12009.17677438
8748.5	12008.14025921
8749.0	12007.46364007
8749.5	12006.49298895
8750.0	12005.95174122
8750.5	12005.58011325
8751.0	12004.67342261
8751.5	12004.17006624
8752.0	12003.34435611
8752.5	12002.68638468
8753.0	12001.97275896
8753.5	12001.37891913
8754.0	12000.45711975
8754.5	11999.47011894
8755.0	11998.80991252
8755.5	11998.27349263
8756.0	11998.03521851
8756.5	11997.18810595
8757.0	11996.39882661
8757.5	11996.03863525
8758.0	11995.69303147
8758.5	11994.98482983
8759.0	11994.27801308
8759.5	11993.27616361
8760.0	11992.174816
8760.5	11991.06439763
8761.0	11990.28861732
8761.5	11989.6280331
8762.0	11988.84003844
8762.5	11988.0884811
8763.0	11987.53076245
8763.5	11986.31061569
8764.0	11985.45529766
8764.5	11984.48951637
8765.0	11983.80561552
8765.5	11982.7830718
8766.0	11982.20712924
8766.5	11981.18940899
8767.0	11980.35762557
8767.5	11979.19670045
8768.0	11978.33444869
8768.5	11977.88455539
8769.0	11977.59892113
8769.5	11977.10408787
8770.0	11976.33286189
8770.5	11975.79081223
8771.0	11975.143397
8771.5	11974.19113415
8772.0	11973.3304006
8772.5	11972.27936422
8773.0	11971.00591273
8773.5	11970.10015863
8774.0	11969.24594529
8774.5	11968.23279973
8775.0	11967.07135056
8775.5	11965.9487127
8776.0	11965.65846497
8776.5	11964.95189304
8777.0	11964.229124
8777.5	11963.2312709
8778.0	11961.94170999
8778.5	11960.93152117
8779.0	11959.55505936
8779.5	11958.57918217
8780.0	11957.46971053
8780.5	11956.40022402
8781.0	11955.29560178
8781.5	11954.15091675
8782.0	11952.87637835
8782.5	11951.83319193
8783.0	11951.74822465
8783.5	11951.29203469
8784.0	11951.05033398
8784.5	11949.98415179
8785.0	11948.49751089
8785.5	11947.18741243
8786.0	11945.59290808
8786.5	11944.01043868
8787.0	11943.02851182
8787.5	11942.19442387
8788.0	11941.72682115
8788.5	11941.43090877
8789.0	11941.00866901
8789.5	11939.22207786
8790.0	11937.91475979
8790.5	11936.69890243
8791.0	11935.58399205
8791.5	11935.03478902
8792.0	11934.04358726
8792.5	11933.82289239
8793.0	11933.0498469
8793.5	11932.21104086
8794.0	11931.02872048
8794.5	11930.47964335
8795.0	11929.30186421
8795.5	11928.38116779
8796.0	11927.54962596
8796.5	11926.32323309
8797.0	11924.98528656
8797.5	11924.46383699
8798.0	11924.06114221
8798.5	11923.08808752
8799.0	11922.64132411
8799.5	11921.49951771
8800.0	11921.00832641
8800.5	11919.7492248
8801.0	11919.06382991
8801.5	11917.8981541
8802.0	11917.35541449
8802.5	11916.32830252
8803.0	11915.45847192
8803.5	11913.99796633
8804.0	11913.32498259
8804.5	11912.12769856
8805.0	11911.23754359
8805.5	11910.20231263
8806.0	11909.4112996
8806.5	11908.08775481
8807.0	11907.25899818
8807.5	11906.39324088
8808.0	11904.61777296
8808.5	11903.22988754
8809.0	11901.14084141
8809.5	11900.37876644
8810.0	11898.65173304
8810.5	11898.23691664
8811.0	11897.31188339
8811.5	11896.92313185
8812.0	11895.74467956
8812.5	11894.3654761
8813.0	11893.32082327
8813.5	11891.61083277
8814.0	11890.50234524
8814.5	11889.33280966
8815.0	11888.74244055
8815.5	11886.86510415
8816.0	11886.03179926
8816.5	11884.37897282
8817.0	11883.2523771
8817.5	11881.21737286
8818.0	11879.77953581
8818.5	11877.73226878
8819.0	11875.48862144
8819.5	11872.52464397
8820.0	11869.0909426
8820.5	11866.22331327
8821.0	11862.40786772
8821.5	11859.0306435
8822.0	11853.82142185
8822.5	11848.31734385
8823.0	11841.38464638
8823.5	11832.72169925
8824.0	11820.61732018
8824.5	11801.08450473
8825.0	11764.77647809
8825.5	11686.21347438
8826.0	11528.0025608
8826.5	11281.90034553
8827.0	11128.80529316
8827.5	11241.71778729
8828.0	11427.19999798
8828.5	11426.15126705
8829.0	11261.87846907
8829.5	11191.28689756
8830.0	11368.86685743
8830.5	11620.82155695
8831.0	11774.31963102
8831.5	11829.37271893
8832.0	11847.56152867
8832.5	11855.22936046
8833.0	11859.40914089
8833.5	11860.46098773
8834.0	11861.48119823
8834.5	11861.14918154
8835.0	11860.21503965
8835.5	11859.52372406
8836.0	11858.53883641
8836.5	11858.23637151
8837.0	11857.10250807
8837.5	11856.68470817
8838.0	11855.71185948
8838.5	11855.1840032
8839.0	11853.92363242
8839.5	11852.66005506
8840.0	11851.99017365
8840.5	11850.71209165
8841.0	11849.76754576
8841.5	11847.93884946
8842.0	11846.41169463
8842.5	11845.4329724
8843.0	11843.87236946
8843.5	11843.03447906
8844.0	11841.59030815
8844.5	11840.94806125
8845.0	11839.9040972
8845.5	11837.96651836
8846.0	11837.07036333
8846.5	11835.51141595
8847.0	11834.1975792
8847.5	11832.8890547
8848.0	11831.54404289
8848.5	11831.10476296
8849.0	11830.13988527
8849.5	11828.75468543
8850.0	11827.10125878
8850.5	11825.61985719
8851.0	11824.14221912
8851.5	11822.26886111
8852.0	11820.91418928
8852.5	11820.33142707
8853.0	11818.99753201
8853.5	11818.1439363
8854.0	11816.75526518
8854.5	11814.99434246
8855.0	11813.65128087
8855.5	11811.64637763
8856.0	11810.76663567
8856.5	11809.3934773
8857.0	11808.56843856
8857.5	11807.27031679
8858.0	11805.13736975
8858.5	11803.57535257
8859.0	11802.1269286
8859.5	11800.8343906
8860.0	11799.67640871
8860.5	11798.51062138
8861.0	11797.53810544
8861.5	11796.17109988
8862.0	11794.46785636
8862.5	11793.1232222
8863.0	11791.9965886
8863.5	11791.03490509
8864.0	11789.73765976
8864.5	11788.48682477
8865.0	11787.61844676
8865.5	11786.86378275
8866.0	11785.40048681
8866.5	11784.81031201
8867.0	11783.71633047
8867.5	11782.34366057
8868.0	11781.05290938
8868.5	11779.94920965
8869.0	11778.27815423
8869.5	11776.52837294
8870.0	11774.59490183
8870.5	11773.60775358
8871.0	11772.47910613
8871.5	11771.496595
8872.0	11770.80040991
8872.5	11770.32053326
8873.0	11768.96799037
8873.5	11767.42251461
8874.0	11765.95226849
8874.5	11764.43725021
8875.0	11762.36604693
8875.5	11760.99744428
8876.0	11759.64812896
8876.5	11758.72225245
8877.0	11757.35310872
8877.5	11756.1130979
8878.0	11754.89179116
8878.5	11754.21510071
8879.0	11753.29847517
8879.5	11752.47833736
8880.0	11751.56405719
8880.5	11749.78713625
8881.0	11748.72104112
8881.5	11747.18993065
8882.0	11745.80782544
8882.5	11744.08745835
8883.0	11742.45469762
8883.5	11741.154946
8884.0	11739.86005491
8884.5	11738.9819775
8885.0	11737.9223277
8885.5	11736.04933692
8886.0	11734.03731147
8886.5	11732.12230872
8887.0	11730.31431795
8887.5	11728.64364465
8888.0	11726.9905999
8888.5	11725.38189826
8889.0	11723.87254118
8889.5	11722.49731908
8890.0	11721.63601592
8890.5	11720.40801069
8891.0	11718.85862036
8891.5	11716.98683937
8892.0	11714.74618973
8892.5	11712.88742625
8893.0	11711.2751204
8893.5	11710.20011637
8894.0	11709.00378817
8894.5	11707.31311851
8895.0	11705.97004936
8895.5	11704.30176896
8896.0	11702.78651117
8896.5	11701.06037674
8897.0	11699.65950381
8897.5	11698.53078963
8898.0	11696.8990989
8898.5	11695.03780496
8899.0	11693.01978837
8899.5	11690.68473895
8900.0	11689.47598952
8900.5	11687.31633339
8901.0	11685.07699791
8901.5	11682.88954102
8902.0	11680.92801572
8902.5	11678.80661779
8903.0	11677.34228392
8903.5	11675.69518312
8904.0	11674.45701057
8904.5	11672.72314552
8905.0	11670.87202592
8905.5	11668.44447428
8906.0	11666.96151119
8906.5	11666.00964265
8907.0	11664.72566384
8907.5	11663.39476837
8908.0	11661.72436007
8908.5	11660.02545518
8909.0	11658.79831671
8909.5	11656.58552025
8910.0	11654.49202558
8910.5	11652.60626899
8911.0	11651.017963
8911.5	11649.44925548
8912.0	11647.92500339
8912.5	11646.75813184
8913.0	11644.57304731
8913.5	11642.48240843
8914.0	11640.71689952
8914.5	11638.87207492
8915.0	11636.51566372
8915.5	11634.9932581
8916.0	11633.57162738
8916.5	11631.60785205
8917.0	11629.46630373
8917.5	11627.122236
8918.0	11625.16085138
8918.5	11622.91588915
8919.0	11621.07987255
8919.5	11619.47124499
8920.0	11617.70878649
8920.5	11616.12486681
8921.0	11614.14539093
8921.5	11612.4582642
8922.0	11610.90575351
8922.5	11609.40868228
8923.0	11607.84255224
8923.5	11605.88792549
8924.0	11603.54542165
8924.5	11601.21404979
8925.0	11598.74167518
8925.5	11596.97076135
8926.0	11594.98256744
8926.5	11593.32115106
8927.0	11591.92094348
8927.5	11590.05873196
8928.0	11588.50234554
8928.5	11586.35493341
8929.0	11584.79350399
8929.5	11582.3039319
8930.0	11579.79015449
8930.5	11575.70446028
8931.0	11567.22759558
8931.5	11543.144692
8932.0	11494.49895378
8932.5	11456.68573078
8933.0	11449.33775204
8933.5	11445.77711579
8934.0	11443.14879415
8934.5	11466.94679159
8935.0	11508.63542073
8935.5	11530.02894313
8936.0	11535.9927737
8936.5	11536.71565235
8937.0	11536.26051672
8937.5	11535.25067879
8938.0	11533.43946932
8938.5	11531.07049138
8939.0	11528.85395818
8939.5	11526.29884965
8940.0	11524.17392207
8940.5	11521.52042395
8941.0	11519.71834236
8941.5	11516.73977708
8942.0	11514.22254638
8942.5	11511.09343435
8943.0	11507.95376163
8943.5	11505.02948356
8944.0	11502.58639997
8944.5	11500.22238978
8945.0	11497.81216676
8945.5	11495.19477194
8946.0	11492.39090816
8946.5	11489.41886314
8947.0	11487.3012129
8947.5	11484.4719042
8948.0	11481.86212974
8948.5	11478.86077078
8949.0	11476.07111108
8949.5	11472.48395911
8950.0	11469.81432901