8030.0	47877.53484586
8030.5	47883.96290154
8031.0	47888.26882941
8031.5	47889.15949814
8032.0	47888.90189197
8032.5	47889.73240918
8033.0	47889.9274993
8033.5	47890.46393341
8034.0	47893.05160608
8034.5	47897.02468041
8035.0	47900.03370731
8035.5	47904.41943689
8036.0	47910.32068748
8036.5	47917.21046901
8037.0	47921.13874082
8037.5	47924.90098808
8038.0	47929.33534941
8038.5	47937.02281483
8039.0	47942.75547559
8039.5	47946.6507364
8040.0	47948.57245583
8040.5	47950.70652573
8041.0	47951.99455968
8041.5	47952.56871669
8042.0	47953.22227878
8042.5	47954.31216622
8043.0	47957.1875018
8043.5	47961.88057021
8044.0	47966.03680845
8044.5	47968.18938987
8045.0	47969.25191539
8045.5	47970.21468144
8046.0	47971.27873022
8046.5	47972.90402155
8047.0	47973.35125399
8047.5	47977.83873668
8048.0	47985.14652668
8048.5	47993.64046303
8049.0	47999.99947535
8049.5	48002.78192965
8050.0	48004.86679789
8050.5	48007.64931785
8051.0	48011.54661993
8051.5	48018.84439721
8052.0	48025.49016249
8052.5	48028.13722749
8053.0	48030.07841959
8053.5	48031.28182186
8054.0	48032.30264175
8054.5	48034.50641719
8055.0	48036.24874089
8055.5	48039.65050079
8056.0	48044.03831231
8056.5	48047.64898656
8057.0	48049.38514698
8057.5	48052.24312843
8058.0	48057.18956666
8058.5	48063.58493191
8059.0	48068.72382866
8059.5	48073.03042009
8060.0	48077.20096178
8060.5	48082.61944771
8061.0	48088.93643991
8061.5	48094.06642035
8062.0	48097.96995077
8062.5	48101.02469774
8063.0	48106.50025096
8063.5	48112.20405658
8064.0	48117.48954616
8064.5	48121.25572042
8065.0	48122.95754811
8065.5	48122.45785154
8066.0	48120.66935635
8066.5	48120.22143363
8067.0	48119.90995818
8067.5	48117.31830709
8068.0	48114.0036666
8068.5	48113.38308889
8069.0	48115.92666096
8069.5	48121.1112548
8070.0	48126.56895983
8070.5	48134.11277643
8071.0	48140.57768883
8071.5	48146.08178552
8072.0	48148.68776115
8072.5	48149.13885812
8073.0	48149.40665598
8073.5	48150.37014986
8074.0	48153.76861877
8074.5	48159.61436989
8075.0	48164.90438771
8075.5	48171.53043734
8076.0	48178.08818124
8076.5	48182.97061749
8077.0	48186.56686841
8077.5	48191.90382457
8078.0	48197.99253463
8078.5	48204.5607158
8079.0	48209.19328692
8079.5	48212.06895263
8080.0	48213.12014677
8080.5	48215.12902822
8081.0	48217.10957286
8081.5	48217.51120777
8082.0	48219.3954384
8082.5	48221.37203614
8083.0	48225.1261432
8083.5	48229.22168389
8084.0	48232.24999984
8084.5	48233.07251725
8085.0	48233.5119677
8085.5	48236.09267811
8086.0	48240.72474803
8086.5	48242.33448374
8087.0	48242.43754392
8087.5	48243.17812492
8088.0	48246.83553956
8088.5	48252.2629005
8089.0	48258.34658045
8089.5	48262.40402087
8090.0	48264.84901425
8090.5	48268.26438113
8091.0	48273.26103356
8091.5	48279.91401042
8092.0	48286.63066183
8092.5	48292.31074824
8093.0	48296.74510583
8093.5	48301.52294608
8094.0	48308.20923227
8094.5	48313.03414793
8095.0	48315.78924113
8095.5	48318.32818159
8096.0	48319.94399933
8096.5	48319.96493293
8097.0	48318.41995694
8097.5	48314.97842961
8098.0	48312.15295573
8098.5	48311.53784396
8099.0	48314.50001762
8099.5	48319.53948989
8100.0	48325.58935275
8100.5	48331.95521635
8101.0	48337.52507005
8101.5	48343.13390868
8102.0	48347.90581497
8102.5	48350.68877373
8103.0	48352.19154035
8103.5	48354.90160697
8104.0	48358.68252821
8104.5	48362.38169095
8105.0	48366.01863783
8105.5	48367.33810949
8106.0	48368.8342754
8106.5	48370.24808489
8107.0	48372.22544329
8107.5	48374.65130139
8108.0	48377.05462022
8108.5	48380.13920508
8109.0	48382.00637426
8109.5	48384.56412954
8110.0	48389.10787077
8110.5	48396.01122505
8111.0	48403.05758055
8111.5	48408.92542598
8112.0	48414.35712194
8112.5	48420.10900532
8113.0	48424.11881124
8113.5	48428.14041148
8114.0	48430.48618039
8114.5	48431.8470379
8115.0	48433.26337556
8115.5	48435.72978236
8116.0	48438.77157703
8116.5	48440.50630076
8117.0	48441.85837461
8117.5	48441.34292463
8118.0	48438.14072732
8118.5	48434.19031951
8119.0	48433.70906247
8119.5	48438.78981191
8120.0	48446.51217231
8120.5	48453.84806712
8121.0	48459.01848567
8121.5	48463.0668955
8122.0	48467.67746817
8122.5	48473.55485272
8123.0	48481.24118828
8123.5	48490.64083672
8124.0	48497.32032957
8124.5	48502.53229981
8125.0	48506.77673606
8125.5	48508.20596939
8126.0	48509.03180263
8126.5	48508.62642171
8127.0	48509.53655346
8127.5	48513.27405718
8128.0	48518.73308139
8128.5	48521.69258208
8129.0	48522.47084184
8129.5	48522.20028595
8130.0	48521.16795647
8130.5	48521.44770479
8131.0	48524.59639016
8131.5	48529.31006158
8132.0	48535.59281343
8132.5	48541.22310799
8133.0	48544.22167047
8133.5	48544.93232065
8134.0	48545.09745009
8134.5	48545.16303184
8135.0	48545.42807843
8135.5	48546.80511316
8136.0	48547.95899542
8136.5	48549.49722574
8137.0	48551.94552782
8137.5	48556.76594579
8138.0	48562.81944734
8138.5	48568.10260298
8139.0	48573.84601793
8139.5	48579.85386252
8140.0	48584.36931469
8140.5	48589.34700286
8141.0	48595.01480376
8141.5	48602.03553288
8142.0	48607.97281438
8142.5	48611.6416033
8143.0	48612.33807318
8143.5	48611.30270451
8144.0	48611.22223301
8144.5	48613.83233861
8145.0	48618.46739142
8145.5	48623.58461068
8146.0	48627.80251524
8146.5	48629.77433723
8147.0	48631.60322589
8147.5	48633.03787861
8148.0	48634.24797371
8148.5	48635.88866065
8149.0	48637.73474401
8149.5	48639.98149211
8150.0	48640.16631496
8150.5	48640.30853415
8151.0	48641.76513898
8151.5	48642.95324736
8152.0	48645.43006236
8152.5	48648.41252536
8153.0	48650.55119587
8153.5	48654.65026802
8154.0	48660.92774496
8154.5	48667.14705045
8155.0	48671.90355741
8155.5	48675.23795283
8156.0	48677.18637594
8156.5	48679.96059377
8157.0	48685.38641941
8157.5	48691.33762999
8158.0	48697.0464306
8158.5	48702.66820044
8159.0	48708.17620623
8159.5	48711.91902869
8160.0	48713.97217134
8160.5	48716.01750273
8161.0	48718.62675966
8161.5	48722.60650297
8162.0	48726.67998698
8162.5	48730.3519049
8163.0	48733.85132787
8163.5	48735.69258801
8164.0	48736.17362649
8164.5	48738.84895132
8165.0	48741.61907597
8165.5	48743.7572365
8166.0	48745.41871643
8166.5	48746.85121696
8167.0	48747.74057894
8167.5	48748.75079931
8168.0	48747.33517245
8168.5	48745.52578207
8169.0	48744.23064936
8169.5	48743.6919172
8170.0	48746.29296126
8170.5	48750.7484099
8171.0	48754.78431129
8171.5	48758.55901785
8172.0	48761.12880327
8172.5	48764.05938791
8173.0	48767.39447174
8173.5	48770.08335865
8174.0	48771.22637645
8174.5	48770.70902775
8175.0	48770.19677124
8175.5	48772.04160231
8176.0	48775.09707589
8176.5	48778.48723223
8177.0	48780.27335631
8177.5	48782.00473689
8178.0	48783.62684009
8178.5	48784.95959264
8179.0	48787.92572102
8179.5	48790.03032715
8180.0	48791.60926751
8180.5	48792.6727482
8181.0	48796.23173566
8181.5	48801.03074463
8182.0	48806.2028819
8182.5	48811.32910618
8183.0	48817.67346245
8183.5	48824.05056765
8184.0	48828.64492305
8184.5	48832.58647634
8185.0	48835.7393322
8185.5	48839.13196653
8186.0	48842.21622022
8186.5	48844.24451161
8187.0	48846.92770293
8187.5	48848.7057223
8188.0	48850.21317708
8188.5	48851.26851335
8189.0	48851.78236337
8189.5	48852.33956459
8190.0	48853.49873536
8190.5	48854.84330304
8191.0	48855.30419946
8191.5	48855.19899452
8192.0	48856.44457095
8192.5	48859.31107591
8193.0	48864.49731287
8193.5	48870.11447578
8194.0	48874.73485022
8194.5	48877.76205216
8195.0	48881.18438195
8195.5	48886.46901275
8196.0	48893.99182076
8196.5	48902.301782
8197.0	48910.40580669
8197.5	48916.03900071
8198.0	48919.92912564
8198.5	48921.24572339
8199.0	48921.33640909
8199.5	48921.23532745
8200.0	48922.35207256
8200.5	48925.14576897
8201.0	48930.32420143
8201.5	48935.75623428
8202.0	48938.32076655
8202.5	48939.40321884
8203.0	48940.89753412
8203.5	48943.19192615
8204.0	48945.27608995
8204.5	48947.85058878
8205.0	48950.82302689
8205.5	48955.00451833
8206.0	48958.85731541
8206.5	48959.92664463
8207.0	48960.86962943
8207.5	48961.10447902
8208.0	48961.7809504
8208.5	48963.39662606
8209.0	48966.33374249
8209.5	48969.85269521
8210.0	48974.6423858
8210.5	48979.85847659
8211.0	48982.92085459
8211.5	48985.1242684
8212.0	48987.94054013
8212.5	48992.60361107
8213.0	48997.57160503
8213.5	49001.44598673
8214.0	49007.44740641
8214.5	49013.41737357
8215.0	49018.06587879
8215.5	49021.52147896
8216.0	49023.50810234
8216.5	49023.25232884
8217.0	49022.48275907
8217.5	49021.7684089
8218.0	49021.37389635
8218.5	49021.17235158
8219.0	49021.83324618
8219.5	49025.26978613
8220.0	49032.02174055
8220.5	49039.67817623
8221.0	49045.87502187
8221.5	49048.83113138
8222.0	49052.26296162
8222.5	49054.69120915
8223.0	49057.12787891
8223.5	49056.32897939
8224.0	49055.24090138
8224.5	49057.15750931
8225.0	49062.61316548
8225.5	49070.85302433
8226.0	49078.26549852
8226.5	49083.05694742
8227.0	49086.16551384
8227.5	49088.30453794
8228.0	49090.01315309
8228.5	49091.79848629
8229.0	49094.36836485
8229.5	49097.18040924
8230.0	49099.90744043
8230.5	49102.45238956
8231.0	49102.48568412
8231.5	49102.03711329
8232.0	49102.61733148
8232.5	49104.09050358
8233.0	49104.59354047
8233.5	49106.70516179
8234.0	49110.02620403
8234.5	49115.40244072
8235.0	49122.36031243
8235.5	49128.64045901
8236.0	49135.33313705
8236.5	49140.65691878
8237.0	49145.74073674
8237.5	49149.30768371
8238.0	49151.10732352
8238.5	49152.21867329
8239.0	49154.17803988
8239.5	49155.3853398
8240.0	49159.04865168
8240.5	49162.31362944
8241.0	49163.17480224
8241.5	49164.40069409
8242.0	49166.76237701
8242.5	49170.70943991
8243.0	49173.02403381
8243.5	49172.67673893
8244.0	49172.85821016
8244.5	49172.88417143
8245.0	49173.63057311
8245.5	49174.3401719
8246.0	49176.0544816
8246.5	49178.63370035
8247.0	49181.56878362
8247.5	49186.45995264
8248.0	49192.3816762
8248.5	49196.75412489
8249.0	49200.6000291
8249.5	49205.71742097
8250.0	49211.47910448
8250.5	49215.78143521
8251.0	49220.46337472
8251.5	49224.94790333
8252.0	49229.09171604
8252.5	49230.46049573
8253.0	49230.10812343
8253.5	49230.22902466
8254.0	49231.38704591
8254.5	49232.94775752
8255.0	49233.94535789
8255.5	49235.14789591
8256.0	49235.02611421
8256.5	49234.01844417
8257.0	49231.1827562
8257.5	49229.38166675
8258.0	49228.23675984
8258.5	49229.1617719
8259.0	49232.33132725
8259.5	49236.4798667
8260.0	49240.65244714
8260.5	49244.31355707
8261.0	49247.2962936
8261.5	49251.65838693
8262.0	49255.96742152
8262.5	49259.59864568
8263.0	49261.55933587
8263.5	49264.91192749
8264.0	49269.50330273
8264.5	49274.85322534
8265.0	49279.47372043
8265.5	49284.51826074
8266.0	49287.48418525
8266.5	49290.1318881
8267.0	49292.80526992
8267.5	49295.68255086
8268.0	49298.77313826
8268.5	49300.69865264
8269.0	49300.53192012
8269.5	49299.21484941
8270.0	49296.33909402
8270.5	49293.90297476
8271.0	49293.25584444
8271.5	49294.32985236
8272.0	49295.14050371
8272.5	49296.71221288
8273.0	49299.49751242
8273.5	49302.97646756
8274.0	49305.79432
8274.5	49307.92979549
8275.0	49310.25240249
8275.5	49310.21652075
8276.0	49308.77059405
8276.5	49306.59879102
8277.0	49307.13679107
8277.5	49310.13926548
8278.0	49313.44933164
8278.5	49316.08928154
8279.0	49318.70237312
8279.5	49320.04427536
8280.0	49322.10300936
8280.5	49325.81167193
8281.0	49328.90863272
8281.5	49331.98390131
8282.0	49335.5256942
8282.5	49338.94182534
8283.0	49341.2509911
8283.5	49342.99310517
8284.0	49342.39187174
8284.5	49338.41116006
8285.0	49334.78413972
8285.5	49331.24821782
8286.0	49330.36473187
8286.5	49330.90731096
8287.0	49332.21158827
8287.5	49332.07855808
8288.0	49329.90807208
8288.5	49326.90977481
8289.0	49323.83310556
8289.5	49321.22210823
8290.0	49321.23776577
8290.5	49321.56425202
8291.0	49320.84533065
8291.5	49318.60395007
8292.0	49317.47645714
8292.5	49316.77171813
8293.0	49315.93675746
8293.5	49313.42761794
8294.0	49310.55207651
8294.5	49307.15777838
8295.0	49302.69591951
8295.5	49295.64364173
8296.0	49285.87435744
8296.5	49273.1268837
8297.0	49255.35526045
8297.5	49234.38252186
8298.0	49203.91850241
8298.5	49158.58297359
8299.0	49073.37704294
8299.5	48934.30102693
8300.0	48784.31881184
8300.5	48696.25359282
8301.0	48673.63790487
8301.5	48674.07802077
8302.0	48667.09026961
8302.5	48635.06725087
8303.0	48563.48851169
8303.5	48436.75583205
8304.0	48189.39250378
8304.5	47673.64191275
8305.0	46704.36326314
8305.5	45666.07403189
8306.0	45270.8470182
8306.5	45590.74463014
8307.0	46209.74078785
8307.5	46749.3172995
8308.0	47306.31352388
8308.5	47895.1907219
8309.0	48378.48059734
8309.5	48558.44666037
8310.0	48544.42892924
8310.5	48561.02964506
8311.0	48564.21748596
8311.5	48401.74817281
8312.0	48229.51638691
8312.5	48065.91557306
8313.0	47481.91786045
8313.5	46460.96378301
8314.0	45612.16449656
8314.5	45416.73677054
8315.0	45852.84551125
8315.5	46429.88156165
8316.0	46916.81961137
8316.5	47420.71103138
8317.0	47966.35908149
8317.5	48435.3104243
8318.0	48718.99680403
8318.5	48863.67232758
8319.0	48955.8122201
8319.5	49028.79158889
8320.0	49090.26117995
8320.5	49150.08692981
8321.0	49206.10397381
8321.5	49266.63396304
8322.0	49336.45852658
8322.5	49423.40587509
8323.0	49509.54909931
8323.5	49566.70385944
8324.0	49593.57690451
8324.5	49607.85800837
8325.0	49616.01500249
8325.5	49618.89494048
8326.0	49618.7336941
8326.5	49618.32627744
8327.0	49617.29359928
8327.5	49616.62890217
8328.0	49617.9940622
8328.5	49622.71212542
8329.0	49627.82809276
8329.5	49631.4705072
8330.0	49632.9852822
8330.5	49634.93992771
8331.0	49635.57882401
8331.5	49637.39138835
8332.0	49637.56485352
8332.5	49636.6492494
8333.0	49634.06389748
8333.5	49628.50978464
8334.0	49619.90286031
8334.5	49612.16954909
8335.0	49606.83360832
8335.5	49604.23041579
8336.0	49601.49791063
8336.5	49600.43211506
8337.0	49601.50696697
8337.5	49602.59800373
8338.0	49603.68200355
8338.5	49604.73067774
8339.0	49605.07378196
8339.5	49603.49477368
8340.0	49600.53712225
8340.5	49598.18305792
8341.0	49598.24136433
8341.5	49599.83906767
8342.0	49600.58454518
8342.5	49599.89329523
8343.0	49600.38171958
8343.5	49602.27789448
8344.0	49604.64847781
8344.5	49607.40574212
8345.0	49608.28948137
8345.5	49610.08136544
8346.0	49612.63312128
8346.5	49611.4518084
8347.0	49608.16515899
8347.5	49603.87314784
8348.0	49599.78637482
8348.5	49595.15146333
8349.0	49588.8764676
8349.5	49581.85374691
8350.0	49574.48292699
8350.5	49568.03820896
8351.0	49563.43401003
8351.5	49558.65921887
8352.0	49553.48103693
8352.5	49548.82999999
8353.0	49545.03563334
8353.5	49543.7204167
8354.0	49545.51127136
8354.5	49550.13743815
8355.0	49555.14392362
8355.5	49560.51431451
8356.0	49566.81926422
8356.5	49573.10600358
8357.0	49577.76900477
8357.5	49580.19703857
8358.0	49579.77039589
8358.5	49580.46509113
8359.0	49583.58883606
8359.5	49588.87274902
8360.0	49594.67793215
8360.5	49600.3639433
8361.0	49605.83728015
8361.5	49609.56856331
8362.0	49611.72370308
8362.5	49612.58377253
8363.0	49614.30526659
8363.5	49616.59518582
8364.0	49620.00903044
8364.5	49625.90899568
8365.0	49631.63135112
8365.5	49634.83260614
8366.0	49637.38994321
8366.5	49636.93365846
8367.0	49636.90867354
8367.5	49637.31166095
8368.0	49639.29198507
8368.5	49641.61579719
8369.0	49644.18682967
8369.5	49646.69628863
8370.0	49649.21858387
8370.5	49651.05347944
8371.0	49652.22680652
8371.5	49652.56489879
8372.0	49653.1822159
8372.5	49654.40138261
8373.0	49655.57919523
8373.5	49657.23546589
8374.0	49659.48445956
8374.5	49659.41683353
8375.0	49660.55839861
8375.5	49661.52731629
8376.0	49665.14671426
8376.5	49669.11299107
8377.0	49673.03783693
8377.5	49677.59946251
8378.0	49681.75280175
8378.5	49685.62268693
8379.0	49688.32435174
8379.5	49690.86245669
8380.0	49691.7199343
8380.5	49690.56583548
8381.0	49689.11459184
8381.5	49688.37125777
8382.0	49687.86193435
8382.5	49689.48540557
8383.0	49692.30531215
8383.5	49695.66168885
8384.0	49699.75647077
8384.5	49702.66069257
8385.0	49704.50983964
8385.5	49705.27340503
8386.0	49705.54279313
8386.5	49705.24545421
8387.0	49704.93308512
8387.5	49704.76795022
8388.0	49704.00597857
8388.5	49703.51566932
8389.0	49701.52356305
8389.5	49701.1064307
8390.0	49701.03940852
8390.5	49701.79973436
8391.0	49703.05803938
8391.5	49704.76236095
8392.0	49708.93667307
8392.5	49714.94757924
8393.0	49722.30352593
8393.5	49729.28711952
8394.0	49734.17939742
8394.5	49738.45440618
8395.0	49741.47737013
8395.5	49742.53836694
8396.0	49742.15784346
8396.5	49741.84349312
8397.0	49742.39335832
8397.5	49743.30780917
8398.0	49744.94545518
8398.5	49748.37262426
8399.0	49751.78938261
8399.5	49754.77576594
8400.0	49757.28974669
8400.5	49758.2187718
8401.0	49757.20616271
8401.5	49753.56279017
8402.0	49750.45141148
8402.5	49749.46612254
8403.0	49750.09857874
8403.5	49749.89175472
8404.0	49749.55481912
8404.5	49750.28670776
8405.0	49751.64875468
8405.5	49752.17174576
8406.0	49752.87889315
8406.5	49755.11793565
8407.0	49758.44974213
8407.5	49762.1803653
8408.0	49767.2001226
8408.5	49771.04367775
8409.0	49773.69496789
8409.5	49774.83422244
8410.0	49775.02505456
8410.5	49774.61080561
8411.0	49776.27254632
8411.5	49777.33614965
8412.0	49778.80290213
8412.5	49782.38499564
8413.0	49788.59071442
8413.5	49796.05172835
8414.0	49801.78176335
8414.5	49807.86049308
8415.0	49814.02376541
8415.5	49819.8111226
8416.0	49824.99561081
8416.5	49828.45840619
8417.0	49828.32427253
8417.5	49827.39220112
8418.0	49826.03973023
8418.5	49825.69246722
8419.0	49826.34131515
8419.5	49829.65971418
8420.0	49835.73479115
8420.5	49841.31134357
8421.0	49844.54894616
8421.5	49847.31423512
8422.0	49849.60416839
8422.5	49852.85676916
8423.0	49856.1833357
8423.5	49860.18251835
8424.0	49864.15166357
8424.5	49868.23587376
8425.0	49872.52378308
8425.5	49876.81425661
8426.0	49881.14459303
8426.5	49884.14678929
8427.0	49885.18725161
8427.5	49885.26323096
8428.0	49884.05741728
8428.5	49882.10354286
8429.0	49881.23072375
8429.5	49881.55760277
8430.0	49882.84384129
8430.5	49884.10326347
8431.0	49885.04766779
8431.5	49886.77008889
8432.0	49887.68066779
8432.5	49888.46703818
8433.0	49889.16266431
8433.5	49891.07371653
8434.0	49893.78737006
8434.5	49894.20627843
8435.0	49893.27550367
8435.5	49892.14230549
8436.0	49891.54280077
8436.5	49892.55091193
8437.0	49894.11700045
8437.5	49894.54354328
8438.0	49892.95316966
8438.5	49892.58344342
8439.0	49893.63460624
8439.5	49898.49432059
8440.0	49906.09023395
8440.5	49913.75327351
8441.0	49919.06931777
8441.5	49923.31823588
8442.0	49926.26989388
8442.5	49928.98325091
8443.0	49931.32254694
8443.5	49933.07595674
8444.0	49933.21764423
8444.5	49933.83326132
8445.0	49933.9115264
8445.5	49935.3893273
8446.0	49935.81705567
8446.5	49936.91755711
8447.0	49939.84046032
8447.5	49942.5401049
8448.0	49945.71982713
8448.5	49949.79713475
8449.0	49953.96512366
8449.5	49959.18201869
8450.0	49964.67264459
8450.5	49967.22886824
8451.0	49969.11309679
8451.5	49968.91628122
8452.0	49966.99140413
8452.5	49965.64382549
8453.0	49966.08053202
8453.5	49966.87061919
8454.0	49968.33041203
8454.5	49970.58682395
8455.0	49972.41615342
8455.5	49972.91637783
8456.0	49972.4183093
8456.5	49970.99505402
8457.0	49969.87592653
8457.5	49968.38508462
8458.0	49966.10422724
8458.5	49963.14189572
8459.0	49962.00782547
8459.5	49962.57714977
8460.0	49962.59515191
8460.5	49962.70036166
8461.0	49962.82806585
8461.5	49963.548343
8462.0	49964.51702179
8462.5	49966.70424155
8463.0	49970.64807928
8463.5	49974.4723808
8464.0	49977.38679349
8464.5	49980.27582938
8465.0	49983.18005837
8465.5	49986.49133741
8466.0	49989.66177594
8466.5	49992.54278541
8467.0	49998.5871742
8467.5	50005.4585308
8468.0	50012.88134489
8468.5	50017.05838999
8469.0	50020.63953556
8469.5	50021.6704675
8470.0	50023.38888092
8470.5	50025.10740568
8471.0	50026.89611666
8471.5	50030.00803823
8472.0	50033.69379363
8472.5	50037.47790144
8473.0	50039.43589936
8473.5	50041.51717617
8474.0	50043.91397344
8474.5	50046.94731656
8475.0	50049.96178933
8475.5	50054.53934798
8476.0	50059.47735888
8476.5	50062.69733
8477.0	50063.91743164
8477.5	50064.61383677
8478.0	50064.57886477
8478.5	50066.06056912
8479.0	50068.44959626
8479.5	50071.21709913
8480.0	50074.11065515
8480.5	50076.57669569
8481.0	50078.64170228
8481.5	50079.6647911
8482.0	50078.64593444
8482.5	50076.08762004
8483.0	50071.94358053
8483.5	50067.63435262
8484.0	50064.35841631
8484.5	50063.18331971
8485.0	50061.27159118
8485.5	50059.80272261
8486.0	50058.67964491
8486.5	50058.56884706
8487.0	50058.34132241
8487.5	50059.27134637
8488.0	50061.1565604
8488.5	50063.43872504
8489.0	50064.74838934
8489.5	50067.13122539
8490.0	50069.6384666
8490.5	50074.17347238
8491.0	50078.73587937
8491.5	50082.91908232
8492.0	50086.78524778
8492.5	50090.34740835
8493.0	50092.59071753
8493.5	50094.88178008
8494.0	50096.87052418
8494.5	50097.03007962
8495.0	50096.2933986
8495.5	50095.06313797
8496.0	50092.80176105
8496.5	50090.01315836
8497.0	50087.62976138
8497.5	50086.94750048
8498.0	50087.46958328
8498.5	50089.31440193
8499.0	50090.94236604
8499.5	50092.47289682
8500.0	50093.43757402
8500.5	50094.57336385
8501.0	50096.51732955
8501.5	50098.45514591
8502.0	50101.51504133
8502.5	50104.58301086
8503.0	50107.83659798
8503.5	50110.86328343
8504.0	50113.45331553
8504.5	50115.37891336
8505.0	50116.12264048
8505.5	50119.17174723
8506.0	50124.28180609
8506.5	50130.58520136
8507.0	50134.44157688
8507.5	50136.19054019
8508.0	50136.79597753
8508.5	50138.55160872
8509.0	50142.7369868
8509.5	50147.00237246
8510.0	50150.37279828
8510.5	50154.0326827
8511.0	50158.04120949
8511.5	50161.23209088
8512.0	50160.60219303
8512.5	50155.79102664
8513.0	50142.97718302
8513.5	50114.70533851
8514.0	50066.7014595
8514.5	50006.75629
8515.0	49955.10221991
8515.5	49925.43856755
8516.0	49911.64910085
8516.5	49904.41111459
8517.0	49902.92559235
8517.5	49907.59607139
8518.0	49914.66094764
8518.5	49923.66649548
8519.0	49931.52033086
8519.5	49932.93908114
8520.0	49929.97208565
8520.5	49925.54829865
8521.0	49922.35180656
8521.5	49924.47338883
8522.0	49925.35043261
8522.5	49921.58585176
8523.0	49917.94978476
8523.5	49918.69770883
8524.0	49919.23600089
8524.5	49917.01396748
8525.0	49914.76014634
8525.5	49916.30438121
8526.0	49922.97784252
8526.5	49933.53403547
8527.0	49945.77361261
8527.5	49956.59263397
8528.0	49966.24532591
8528.5	49970.01896453
8529.0	49967.47487516
8529.5	49964.87188669
8530.0	49966.06914384
8530.5	49967.34595749
8531.0	49969.79670448
8531.5	49974.14911786
8532.0	49975.0878433
8532.5	49970.01876919
8533.0	49964.0381027
8533.5	49965.25049765
8534.0	49974.09862396
8534.5	49982.63432214
8535.0	49984.96761345
8535.5	49986.44597652
8536.0	49990.00131963
8536.5	49992.84871274
8537.0	49995.48546606
8537.5	50001.09434814
8538.0	50005.70516387
8538.5	50002.58279623
8539.0	49994.44979559
8539.5	49987.4022601
8540.0	49984.23862725
8540.5	49986.80777384
8541.0	49994.12712423
8541.5	49999.2893107
8542.0	49999.71663181
8542.5	50001.79618361
8543.0	50010.77655405
8543.5	50022.59411995
8544.0	50032.23480812
8544.5	50037.15353033
8545.0	50035.68503755
8545.5	50031.33516045
8546.0	50025.13720132
8546.5	50019.17139198
8547.0	50018.21168187
8547.5	50021.9859369
8548.0	50027.61023416
8548.5	50032.857647
8549.0	50037.88333059
8549.5	50039.54784877
8550.0	50036.54470646
8550.5	50035.21666813
8551.0	50036.64072375
8551.5	50035.97631511
8552.0	50036.15970868
8552.5	50039.17972013
8553.0	50044.42050486
8553.5	50049.64993666
8554.0	50052.37994842
8554.5	50053.53227446
8555.0	50052.62419781
8555.5	50052.09494741
8556.0	50051.4192804
8556.5	50051.16972699
8557.0	50053.44074845
8557.5	50055.87128456
8558.0	50057.53917561
8558.5	50059.95311653
8559.0	50058.44296795
8559.5	50051.9178643
8560.0	50048.6620486
8560.5	50054.54977686
8561.0	50066.339886
8561.5	50077.88421922
8562.0	50084.58001799
8562.5	50088.48900724
8563.0	50092.23093361
8563.5	50098.16346145
8564.0	50103.4974732
8564.5	50103.49566768
8565.0	50097.66788342
8565.5	50090.53095713
8566.0	50086.62992702
8566.5	50086.38752813
8567.0	50090.17308253
8567.5	50092.48650274
8568.0	50092.99845573
8568.5	50098.23659574
8569.0	50108.57161663
8569.5	50117.00507951
8570.0	50116.28541612
8570.5	50106.13160515
8571.0	50091.8948648
8571.5	50085.35642173
8572.0	50092.92295246
8572.5	50107.88300116
8573.0	50121.6205078
8573.5	50130.41474358
8574.0	50132.95658775
8574.5	50131.9982592
8575.0	50132.83816206
8575.5	50131.98394992
8576.0	50130.46725651
8576.5	50132.76011796
8577.0	50138.09000674
8577.5	50145.10638465
8578.0	50157.33474554
8578.5	50167.29884977
8579.0	50176.27443642
8579.5	50184.48205849
8580.0	50189.59022564
8580.5	50191.69457554
8581.0	50189.55573927
8581.5	50187.08612542
8582.0	50188.22296115
8582.5	50194.36936793
8583.0	50203.19650477
8583.5	50211.34014231
8584.0	50213.70194203
8584.5	50209.21419087
8585.0	50199.37874577
8585.5	50191.68122438
8586.0	50189.00496538
8586.5	50191.55090597
8587.0	50197.66347571
8587.5	50206.1191363
8588.0	50210.32381454
8588.5	50207.57359098
8589.0	50203.45956409
8589.5	50202.16386208
8590.0	50203.49399228
8590.5	50204.77077094
8591.0	50206.33271941
8591.5	50209.07173238
8592.0	50211.79583432
8592.5	50213.36985281
8593.0	50212.97500149
8593.5	50213.36108013
8594.0	50214.83300841
8594.5	50216.26711474
8595.0	50217.91727773
8595.5	50223.34973003
8596.0	50229.89268214
8596.5	50232.2692883
8597.0	50227.27707523
8597.5	50219.41281463
8598.0	50215.55436505
8598.5	50212.82291994
8599.0	50206.91074536
8599.5	50203.6298439
8600.0	50207.22156887
8600.5	50216.28073872
8601.0	50227.46359913
8601.5	50235.19790333
8602.0	50235.64951779
8602.5	50233.28209118
8603.0	50232.48949193
8603.5	50231.19798661
8604.0	50230.60655086
8604.5	50233.04010081
8605.0	50238.45797554
8605.5	50248.16941903
8606.0	50257.53206568
8606.5	50264.74791723
8607.0	50271.12033092
8607.5	50275.13571847
8608.0	50272.6102753
8608.5	50266.00886125
8609.0	50259.32426337
8609.5	50258.14276576
8610.0	50261.0399155
8610.5	50266.47090819
8611.0	50272.85698353
8611.5	50275.90659145
8612.0	50275.08451496
8612.5	50273.61663151
8613.0	50270.83024619
8613.5	50266.90855129
8614.0	50265.77918523
8614.5	50266.9117734
8615.0	50266.02057417
8615.5	50262.87914594
8616.0	50261.19502514
8616.5	50260.62277664
8617.0	50256.64923834
8617.5	50248.37781226
8618.0	50240.19091256
8618.5	50233.76541501
8619.0	50231.67941002
8619.5	50232.99012212
8620.0	50231.90898029
8620.5	50220.94213006
8621.0	50191.18735561
8621.5	50130.75523354
8622.0	49980.37441924
8622.5	49639.44971479
8623.0	49187.39140597
8623.5	49100.36342671
8624.0	49193.58229447
8624.5	49120.31467989
8625.0	49177.73065872
8625.5	49578.52674193
8626.0	50028.99017179
8626.5	50252.60252309
8627.0	50320.64736459
8627.5	50343.53247453
8628.0	50355.83367121
8628.5	50363.27488938
8629.0	50365.14090791
8629.5	50365.19344576
8630.0	50365.7048218
8630.5	50368.00555895
8631.0	50371.67782971
8631.5	50375.18929962
8632.0	50378.03707682
8632.5	50380.26298587
8633.0	50380.77168247
8633.5	50380.88265526
8634.0	50377.30344018
8634.5	50372.17108388
8635.0	50371.96971169
8635.5	50379.63384496
8636.0	50388.83737511
8636.5	50393.64879612
8637.0	50393.74013012
8637.5	50392.10271117
8638.0	50387.7352296
8638.5	50382.11177811
8639.0	50382.14972027
8639.5	50384.29735634
8640.0	50383.40596522
8640.5	50379.08888719
8641.0	50374.07337108
8641.5	50372.72297102
8642.0	50372.73615429
8642.5	50375.22586177
8643.0	50380.0046857
8643.5	50383.29009537
8644.0	50385.53580747
8644.5	50387.80657484
8645.0	50391.68361877
8645.5	50395.97309259
8646.0	50401.02764007
8646.5	50407.87089852
8647.0	50413.09173434
8647.5	50415.02935305
8648.0	50413.19392677
8648.5	50409.76438268
8649.0	50409.9289832
8649.5	50413.48452029
8650.0	50416.5044779
8650.5	50414.13963204
8651.0	50411.48948104
8651.5	50411.86457324
8652.0	50414.52873886
8652.5	50415.8835722
8653.0	50415.51524408
8653.5	50416.37597013
8654.0	50420.47453658
8654.5	50424.48552818
8655.0	50430.04176101
8655.5	50438.01971462
8656.0	50445.57209716
8656.5	50448.92331659
8657.0	50445.408061
8657.5	50440.08566679
8658.0	50436.53795652
8658.5	50433.04967268
8659.0	50429.68454842
8659.5	50425.22375737
8660.0	50422.07603911
8660.5	50426.50227175
8661.0	50434.03649326
8661.5	50439.5598497
8662.0	50445.81127789
8662.5	50454.62952624
8663.0	50464.06003561
8663.5	50468.22095084
8664.0	50470.55621522
8664.5	50474.53163578
8665.0	50478.52262239
8665.5	50481.85629094
8666.0	50484.16505129
8666.5	50485.3513688
8667.0	50485.26816087
8667.5	50484.97999365
8668.0	50484.4453401
8668.5	50483.93021353
8669.0	50483.1867994
8669.5	50481.37828353
8670.0	50478.91411767
8670.5	50478.62305383
8671.0	50479.58380802
8671.5	50481.58051445
8672.0	50480.55427703
8672.5	50478.48851047
8673.0	50476.35515221
8673.5	50475.68491716
8674.0	50475.58010985
8674.5	50474.22697748
8675.0	50472.32723428
8675.5	50469.67566828
8676.0	50467.52032576
8676.5	50472.45767307
8677.0	50482.09956565
8677.5	50491.61665617
8678.0	50497.26265689
8678.5	50499.7409757
8679.0	50500.55353326
8679.5	50504.35569285
8680.0	50510.65492779
8680.5	50513.56550907
8681.0	50512.2894544
8681.5	50507.963435
8682.0	50507.80686539
8682.5	50513.90094822
8683.0	50521.32938947
8683.5	50528.18949205
8684.0	50532.16276739
8684.5	50534.17746881
8685.0	50534.31690598
8685.5	50533.92326488
8686.0	50533.16741075
8686.5	50531.857695
8687.0	50529.17945988
8687.5	50524.60008322
8688.0	50516.85123822
8688.5	50510.9239955
8689.0	50508.99095645
8689.5	50509.90600034
8690.0	50510.50379878
8690.5	50509.43762188
8691.0	50507.65340924
8691.5	50508.4688415
8692.0	50509.8774298
8692.5	50510.09168056
8693.0	50514.49907024
8693.5	50523.15433573
8694.0	50531.6394773
8694.5	50535.25255606
8695.0	50533.90381204
8695.5	50530.14313696
8696.0	50527.10130841
8696.5	50518.68893791
8697.0	50493.83804606
8697.5	50447.49204607
8698.0	50402.29467613
8698.5	50383.49683475
8699.0	50398.48332378
8699.5	50417.41624523
8700.0	50434.83541841
8700.5	50455.48459514
8701.0	50481.65074159
8701.5	50506.97394462
8702.0	50523.18767972
8702.5	50531.87929742
8703.0	50535.99381738
8703.5	50538.47728952
8704.0	50535.9923846
8704.5	50520.51191321
8705.0	50483.37742478
8705.5	50431.40574045
8706.0	50396.88492074
8706.5	50401.47974894
8707.0	50427.36327915
8707.5	50448.29708936
8708.0	50466.03811715
8708.5	50486.87060977
8709.0	50510.81146338
8709.5	50531.0380669
8710.0	50540.48813653
8710.5	50541.97290765
8711.0	50542.78418551
8711.5	50543.86935684
8712.0	50546.62992637
8712.5	50550.0959183
8713.0	50551.41078508
8713.5	50554.13102955
8714.0	50559.19788519
8714.5	50562.70742003
8715.0	50565.41401383
8715.5	50568.6055607
8716.0	50571.20437234
8716.5	50570.14712531
8717.0	50566.074268
8717.5	50563.44408965
8718.0	50562.3288214
8718.5	50563.58718857
8719.0	50565.97136825
8719.5	50568.28385735
8720.0	50568.90539127
8720.5	50569.15027988
8721.0	50569.30704645
8721.5	50568.71083814
8722.0	50568.82537851
8722.5	50572.05114999
8723.0	50578.47009892
8723.5	50584.03767506
8724.0	50587.10328449
8724.5	50586.0783357
8725.0	50581.81561704
8725.5	50577.44760674
8726.0	50575.38536657
8726.5	50575.43074149
8727.0	50576.24503052
8727.5	50580.15369592
8728.0	50587.63400401
8728.5	50595.08661568
8729.0	50600.14225268
8729.5	50602.63712753
8730.0	50604.65047911
8730.5	50603.41699638
8731.0	50597.63103103
8731.5	50592.3993295
8732.0	50588.27808632
8732.5	50584.51465529
8733.0	50580.23403068
8733.5	50576.98362958
8734.0	50577.23690805
8734.5	50582.42119951
8735.0	50588.91270782
8735.5	50593.67055115
8736.0	50596.22443759
8736.5	50598.42971779
8737.0	50600.25336448
8737.5	50602.62985387
8738.0	50604.06957528
8738.5	50604.13491771
8739.0	50605.50268931
8739.5	50607.63796523
8740.0	50609.29808377
8740.5	50610.28985239
8741.0	50611.43135998
8741.5	50612.62999108
8742.0	50614.7453042
8742.5	50615.84071745
8743.0	50615.2947419
8743.5	50615.11131823
8744.0	50615.88260463
8744.5	50615.7873459
8745.0	50614.65085845
8745.5	50613.2538624
8746.0	50613.73367987
8746.5	50615.08342383
8747.0	50617.38021661
8747.5	50621.04220286
8748.0	50623.95776766
8748.5	50625.60285034
8749.0	50628.15181524
8749.5	50630.0991957
8750.0	50631.13375862
8750.5	50629.99152397
8751.0	50626.60120413
8751.5	50622.02452186
8752.0	50619.97760736
8752.5	50619.71821522
8753.0	50619.94296915
8753.5	50620.79306339
8754.0	50622.55289073
8754.5	50624.99558127
8755.0	50626.39551245
8755.5	50628.53975738
8756.0	50630.94414108
8756.5	50631.55960088
8757.0	50631.04700897
8757.5	50633.44114603
8758.0	50638.11515598
8758.5	50642.42343886
8759.0	50644.87629187
8759.5	50645.1359198
8760.0	50644.59079041
8760.5	50643.27769504
8761.0	50639.64349758
8761.5	50634.19346046
8762.0	50628.81883571
8762.5	50625.4097606
8763.0	50626.81209361
8763.5	50631.87892378
8764.0	50636.28433358
8764.5	50639.84613929
8765.0	50643.31811702
8765.5	50647.33633551
8766.0	50651.5892962
8766.5	50656.37595917
8767.0	50659.67147955
8767.5	50661.93419897
8768.0	50661.94406024
8768.5	50658.09639228
8769.0	50652.8194457
8769.5	50648.77217228
8770.0	50647.36646319
8770.5	50646.95113031
8771.0	50647.03133332
8771.5	50647.04119727
8772.0	50648.08685635
8772.5	50647.99199118
8773.0	50643.81276763
8773.5	50637.72994304
8774.0	50632.68982263
8774.5	50630.33328404
8775.0	50629.91362947
8775.5	50632.60309367
8776.0	50636.51195453
8776.5	50639.86019055
8777.0	50643.04104718
8777.5	50644.87025554
8778.0	50643.72934171
8778.5	50642.56689073
8779.0	50641.5912922
8779.5	50640.11453273
8780.0	50640.18869009
8780.5	50642.1617533
8781.0	50647.0345792
8781.5	50651.79955852
8782.0	50653.18037459
8782.5	50652.24103057
8783.0	50652.14191679
8783.5	50654.28496291
8784.0	50656.76096477
8784.5	50660.21187181
8785.0	50662.63595117
8785.5	50665.2099116
8786.0	50666.34185973
8786.5	50665.59688347
8787.0	50667.47486839
8787.5	50669.7307864
8788.0	50671.09362532
8788.5	50669.19529181
8789.0	50666.40836932
8789.5	50663.59427748
8790.0	50660.61993503
8790.5	50656.57473903
8791.0	50650.47401083
8791.5	50644.73506968
8792.0	50640.42951665
8792.5	50639.53043288
8793.0	50640.02345522
8793.5	50639.83507581
8794.0	50640.91043593
8794.5	50643.26135331
8795.0	50643.96965921
8795.5	50644.74426458
8796.0	50644.52881172
8796.5	50641.76242422
8797.0	50638.23913138
8797.5	50635.25126738
8798.0	50634.9870605
8798.5	50636.02826724
8799.0	50636.95306607
8799.5	50637.61206553
8800.0	50638.54327607
8800.5	50641.31109302
8801.0	50643.05573952
8801.5	50642.13535794
8802.0	50638.94941562
8802.5	50637.11005762
8803.0	50637.57293971
8803.5	50639.48220677
8804.0	50639.77518174
8804.5	50639.45099884
8805.0	50639.71434675
8805.5	50638.87159357
8806.0	50635.92198787
8806.5	50635.39111884
8807.0	50638.4844697
8807.5	50642.53382443
8808.0	50645.57931709
8808.5	50647.04606487
8809.0	50647.18070217
8809.5	50646.20762071
8810.0	50646.04655679
8810.5	50646.32328039
8811.0	50646.74848427
8811.5	50646.21187535
8812.0	50645.19672356
8812.5	50642.15272497
8813.0	50639.36219621
8813.5	50638.37631549
8814.0	50638.30863964
8814.5	50636.56630827
8815.0	50635.39131085
8815.5	50633.31525309
8816.0	50630.6593872
8816.5	50625.94510195
8817.0	50622.45948168
8817.5	50618.62573634
8818.0	50614.38794585
8818.5	50610.80970292
8819.0	50609.43285336
8819.5	50608.79734165
8820.0	50607.73309482
8820.5	50606.58339816
8821.0	50605.1744729
8821.5	50603.5863808
8822.0	50601.90492477
8822.5	50600.38019448
8823.0	50596.13913137
8823.5	50588.71174835
8824.0	50579.3018009
8824.5	50568.9675587
8825.0	50559.86274023
8825.5	50552.05762969
8826.0	50543.7503057
8826.5	50529.73876626
8827.0	50509.48941733
8827.5	50483.9427313
8828.0	50449.90221507
8828.5	50404.2640949
8829.0	50335.53204295
8829.5	50227.48067189
8830.0	50037.91155089
8830.5	49658.84178179
8831.0	48993.08629444
8831.5	48208.44346044
8832.0	48100.85930971
8832.5	48561.41147587
8833.0	49002.12039041
8833.5	48872.57488026
8834.0	48408.30623968
8834.5	48375.40177749
8835.0	48946.29409515
8835.5	49725.54523269
8836.0	50280.03907748
8836.5	50550.16972667
8837.0	50652.46961574
8837.5	50692.30780495
8838.0	50712.25824315
8838.5	50724.5794858
8839.0	50731.64017456
8839.5	50735.65562423
8840.0	50737.76940265
8840.5	50740.75772228
8841.0	50744.78368176
8841.5	50748.18557996
8842.0	50749.41737196
8842.5	50749.50081748
8843.0	50749.17544636
8843.5	50749.20631406
8844.0	50750.50104712
8844.5	50752.63537989
8845.0	50753.40607048
8845.5	50751.91488818
8846.0	50749.21544833
8846.5	50748.08797104
8847.0	50749.13377267
8847.5	50751.76818094
8848.0	50753.80908526
8848.5	50753.17445566
8849.0	50750.48733088
8849.5	50745.55128004
8850.0	50741.57688473
8850.5	50738.63892502
8851.0	50734.15755997
8851.5	50727.6050236
8852.0	50722.16197391
8852.5	50719.29456867
8853.0	50718.13024479
8853.5	50718.01655101
8854.0	50719.21647158
8854.5	50720.70033147
8855.0	50721.02157318
8855.5	50721.15803545
8856.0	50721.53176989
8856.5	50723.97747864
8857.0	50727.32322977
8857.5	50728.46071336
8858.0	50725.35974767
8858.5	50720.62070708
8859.0	50715.51182988
8859.5	50712.86221391
8860.0	50712.24868374
8860.5	50712.63391541
8861.0	50714.1645274
8861.5	50716.36396686
8862.0	50717.87252869
8862.5	50717.33011147
8863.0	50716.15832523
8863.5	50716.04599395
8864.0	50716.48635066
8864.5	50715.81435438
8865.0	50712.92291637
8865.5	50708.56373863
8866.0	50705.6438072
8866.5	50704.42466084
8867.0	50705.0840592
8867.5	50707.59816647
8868.0	50708.46668749
8868.5	50707.53311574
8869.0	50705.22141028
8869.5	50702.03625377
8870.0	50701.22108832
8870.5	50701.81951028
8871.0	50703.90807257
8871.5	50707.89781877
8872.0	50711.95990941
8872.5	50715.16734736
8873.0	50716.58305882
8873.5	50718.15792338
8874.0	50719.68842241
8874.5	50721.7273331
8875.0	50724.96069586
8875.5	50727.4142209
8876.0	50730.73812528
8876.5	50733.42704728
8877.0	50734.83322561
8877.5	50734.5581341
8878.0	50734.52617472
8878.5	50735.1594183
8879.0	50734.44840281
8879.5	50730.74422022
8880.0	50726.27630091
8880.5	50720.93633031
8881.0	50716.40938637
8881.5	50713.81377099
8882.0	50711.92153782
8882.5	50709.2569706
8883.0	50708.16764116
8883.5	50706.90520098
8884.0	50708.85452166
8884.5	50709.56291255
8885.0	50709.40110763
8885.5	50709.41052596
8886.0	50709.10112827
8886.5	50709.92477251
8887.0	50710.77563315
8887.5	50712.45806535
8888.0	50715.36554889
8888.5	50718.22188255
8889.0	50720.95728907
8889.5	50722.83934938
8890.0	50724.72329576
8890.5	50724.38587307
8891.0	50723.58496879
8891.5	50722.96523419
8892.0	50721.45042374
8892.5	50719.48225581
8893.0	50717.29331098
8893.5	50716.80383519
8894.0	50718.6644593
8894.5	50721.38297555
8895.0	50724.29908656
8895.5	50725.451071
8896.0	50725.10541948
8896.5	50722.78413127
8897.0	50720.03442038
8897.5	50718.57368715
8898.0	50717.60106097
8898.5	50717.37780458
8899.0	50716.95362434
8899.5	50716.69409202
8900.0	50716.86389891
8900.5	50717.94041648
8901.0	50719.26941193
8901.5	50718.1242878
8902.0	50716.49481691
8902.5	50714.56024452
8903.0	50713.62955757
8903.5	50714.84320386
8904.0	50714.2019345
8904.5	50712.09661889
8905.0	50710.65761591
8905.5	50709.32440398
8906.0	50707.50860647
8906.5	50706.28559469
8907.0	50707.8700356
8907.5	50710.60936918
8908.0	50714.17510877
8908.5	50717.56955741
8909.0	50719.34916383
8909.5	50720.9915103
8910.0	50720.62113059
8910.5	50717.97947728
8911.0	50714.99683845
8911.5	50712.34791399
8912.0	50711.92950898
8912.5	50711.85096343
8913.0	50710.68207447
8913.5	50707.84058606
8914.0	50703.3769704
8914.5	50699.20870176
8915.0	50695.88561632
8915.5	50694.66585667
8916.0	50697.03878988
8916.5	50700.44467456
8917.0	50702.18932945
8917.5	50701.70838649
8918.0	50700.33265106
8918.5	50699.55141044
8919.0	50699.92643899
8919.5	50700.40292205
8920.0	50699.52417663
8920.5	50697.90269827
8921.0	50695.88433891
8921.5	50695.81072796
8922.0	50697.20380335
8922.5	50698.7227637
8923.0	50698.05601105
8923.5	50696.14836822
8924.0	50694.99874732
8924.5	50695.41132404
8925.0	50696.39191109
8925.5	50697.26234507
8926.0	50697.74823915
8926.5	50698.74592357
8927.0	50697.65632533
8927.5	50695.65024404
8928.0	50695.00173951
8928.5	50695.26462552
8929.0	50695.13567524
8929.5	50695.28562262
8930.0	50696.53722088
8930.5	50697.55764298
8931.0	50697.92091345
8931.5	50698.98956123
8932.0	50699.91323818
8932.5	50702.25118583
8933.0	50702.22175931
8933.5	50701.84468515
8934.0	50700.44051518
8934.5	50698.54576334
8935.0	50693.00463938
8935.5	50679.73051849
8936.0	50645.48890451
8936.5	50565.53856487
8937.0	50433.59726938
8937.5	50318.19099164
8938.0	50252.96400735
8938.5	50257.18683982
8939.0	50267.58764848
8939.5	50307.73577568
8940.0	50442.93593552
8940.5	50562.11042903
8941.0	50619.50846644
8941.5	50639.31503192
8942.0	50648.36184337
8942.5	50652.88823462
8943.0	50656.04485757
8943.5	50657.1994357
8944.0	50658.81200507
8944.5	50659.56080142
8945.0	50660.08601194
8945.5	50659.35867841
8946.0	50659.80551623
8946.5	50662.84081679
8947.0	50669.02746772
8947.5	50674.26589291
8948.0	50676.26579786
8948.5	50676.68664661
8949.0	50677.18318705
8949.5	50677.37209892
8950.0	50676.35714657
8950.5	50675.43703776
8951.0	50674.63186378
8951.5	50673.36945087
8952.0	50671.88042185
8952.5	50671.55763148
8953.0	50672.2166248
8953.5	50672.60503465
8954.0	50673.02747138
8954.5	50671.94160175
8955.0	50670.6789484
8955.5	50668.55867875
8956.0	50666.50742574
8956.5	50662.96330012
8957.0	50660.64285107
8957.5	50659.7573912
8958.0	50660.01820188
8958.5	50661.56346629
8959.0	50664.59918908
8959.5	50668.80873484
8960.0	50672.15649331
8960.5	50673.77943238
8961.0	50673.63113109
8961.5	50670.59037603
8962.0	50667.15582091
8962.5	50665.14673262
8963.0	50663.55296082
8963.5	50662.79553414
8964.0	50661.92418053
8964.5	50660.36401975
8965.0	50660.0637439
8965.5	50661.22667145
8966.0	50662.18391093
8966.5	50661.89715753
8967.0	50660.83138644
8967.5	50660.89228798
8968.0	50660.58198538
8968.5	50659.97031355
8969.0	50659.37430454
8969.5	50658.58172706
8970.0	50656.48503308
8970.5	50654.36100607
8971.0	50653.24616717
8971.5	50653.57583034
8972.0	50654.89328143
8972.5	50656.69253248
8973.0	50657.53069361
8973.5	50658.68255653
8974.0	50658.28149064
8974.5	50657.07957909
8975.0	50654.39404757
8975.5	50650.45256599
8976.0	50648.26035136
8976.5	50649.03757339
8977.0	50651.02983018
8977.5	50652.42657482
8978.0	50653.16170477
8978.5	50653.62061495
8979.0	50652.50610065
8979.5	50651.97135998
8980.0	50649.54538103
8980.5	50645.48194488
8981.0	50641.92041404
8981.5	50638.7798901
8982.0	50635.41699252
8982.5	50630.60560012
8983.0	50626.94195142
8983.5	50625.49083065
8984.0	50626.00411371
8984.5	50628.63980644
8985.0	50631.18931524
8985.5	50632.9727752
8986.0	50631.8120338
8986.5	50629.29851175
8987.0	50625.60680566
8987.5	50623.14296913
8988.0	50620.78864115
8988.5	50618.14937955
8989.0	50614.74632863
8989.5	50611.30090132
8990.0	50609.12950746
8990.5	50608.75006848
8991.0	50609.30635396
8991.5	50608.7320551
8992.0	50607.18291401
8992.5	50605.20890315
8993.0	50603.84726968
8993.5	50603.56196744
8994.0	50603.47506147
8994.5	50603.28318426
8995.0	50602.26396867
8995.5	50600.99094677
8996.0	50599.20283245
8996.5	50597.67090662
8997.0	50596.69127768
8997.5	50596.2197322
8998.0	50595.77926694
8998.5	50594.20828734
8999.0	50592.28611601
8999.5	50590.76786292
9000.0	50587.92178234
9000.5	50584.39079298
9001.0	50581.39597615
9001.5	50580.76283845
9002.0	50581.42085226
9002.5	50583.26972689
9003.0	50584.6297436
9003.5	50585.65993391
9004.0	50586.6512136
9004.5	50587.08907114
9005.0	50586.26404722
9005.5	50584.99330864
9006.0	50583.68884481
9006.5	50582.60230408
9007.0	50580.27758077
9007.5	50579.51257713
9008.0	50578.79827561
9008.5	50577.24346804
9009.0	50574.38017517
9009.5	50572.7356578
9010.0	50571.22540318
9010.5	50570.05744536
9011.0	50568.05753127
9011.5	50565.96303133
9012.0	50563.81374863
9012.5	50563.82239091
9013.0	50563.59427844
9013.5	50564.0590838
9014.0	50564.92735141
9014.5	50565.23179959
9015.0	50565.0024153
9015.5	50566.27748138
9016.0	50569.24468482
9016.5	50572.82132492
9017.0	50574.34210041
9017.5	50573.39254708
9018.0	50570.7730461
9018.5	50567.28437825
9019.0	50563.89522647
9019.5	50559.60377024
9020.0	50555.6916207
9020.5	50552.06481932
9021.0	50550.34572838
9021.5	50549.64062314
9022.0	50550.2407486
9022.5	50551.88849074
9023.0	50553.35395958
9023.5	50553.48276875
9024.0	50553.9329084
9024.5	50554.49434245
9025.0	50553.50694727
9025.5	50552.25492679
9026.0	50549.27459523
9026.5	50545.52852563
9027.0	50541.72888015
9027.5	50537.17790766
9028.0	50533.58185131
9028.5	50530.36687518
9029.0	50525.36921213
9029.5	50520.26751971
9030.0	50516.4863916
9030.5	50514.53734413
9031.0	50514.88563744
9031.5	50516.1400813
9032.0	50518.84847805
9032.5	50521.57878952
9033.0	50523.74201807
9033.5	50526.47034759
9034.0	50527.03753643
9034.5	50525.57890146
9035.0	50524.18432999
9035.5	50524.65472351
9036.0	50524.05614675
9036.5	50522.45249805
9037.0	50520.21106559
9037.5	50518.14748441
9038.0	50516.11502286
9038.5	50513.52225307
9039.0	50510.91762914
9039.5	50509.92750484
9040.0	50508.67051844
9040.5	50505.72191038
9041.0	50502.12216973
9041.5	50498.82873209
9042.0	50496.69656831
9042.5	50496.06506784
9043.0	50496.30459811
9043.5	50496.7380152
9044.0	50497.42282769
9044.5	50497.22840358
9045.0	50497.28541749
9045.5	50497.23059746
9046.0	50497.7068953
9046.5	50497.14751402
9047.0	50496.57363818
9047.5	50494.46162428
9048.0	50492.94249319
9048.5	50490.79379913
9049.0	50488.03498363
9049.5	50486.28822537
9050.0	50484.09686418
9050.5	50482.49202287
9051.0	50481.8558886
9051.5	50482.29888131
9052.0	50481.39381676
9052.5	50480.11036216
9053.0	50478.40068578
9053.5	50477.03512379
9054.0	50476.55015823
9054.5	50475.86465084
9055.0	50476.92440896
9055.5	50478.78520841
9056.0	50481.81360427
9056.5	50482.79607494
9057.0	50483.05405996
9057.5	50482.61370857
9058.0	50481.12921673
9058.5	50478.65429145
9059.0	50475.40559115
9059.5	50473.41478473
9060.0	50471.31221518
9060.5	50469.25507234
9061.0	50466.64149372
9061.5	50463.98013905
9062.0	50461.54615377
9062.5	50458.87013937
9063.0	50457.50571838
9063.5	50456.506633
9064.0	50455.27216787
9064.5	50454.21974331
9065.0	50454.27926233
9065.5	50454.37569575
9066.0	50455.61612643
9066.5	50457.07462751
9067.0	50456.75928756
9067.5	50455.53616387
9068.0	50453.94084407
9068.5	50451.76266216
9069.0	50449.46838939
9069.5	50446.38808615
9070.0	50442.64311999
9070.5	50439.4307797
9071.0	50436.99854418
9071.5	50434.86130339
9072.0	50432.14702112
9072.5	50429.83109087
9073.0	50429.01801389
9073.5	50427.36954136
9074.0	50425.30751151
9074.5	50422.73003708
9075.0	50421.05275719
9075.5	50418.67570034
9076.0	50417.5020406
9076.5	50416.85700554
9077.0	50416.81009159
9077.5	50415.12168232
9078.0	50411.22541343
9078.5	50407.20418636
9079.0	50403.97686414
9079.5	50401.95902484
9080.0	50399.14949264
9080.5	50397.16531703
9081.0	50393.59578901
9081.5	50388.94637954
9082.0	50384.69137763
9082.5	50378.29261761
9083.0	50370.30495594
9083.5	50359.11078274
9084.0	50339.09715931
9084.5	50300.82467112
9085.0	50240.99250291
9085.5	50175.58225077
9086.0	50119.57839212
9086.5	50086.69766616
9087.0	50072.04294443
9087.5	50065.16203429
9088.0	50060.22361307
9088.5	50049.97351272
9089.0	50024.93812232
9089.5	49965.25332596
9090.0	49851.31477563
9090.5	49711.30152448
9091.0	49635.39744099
9091.5	49603.29856657
9092.0	49479.33414585
9092.5	49186.13278825
9093.0	48920.96461644
9093.5	49007.11012482
9094.0	49320.02012281
9094.5	49640.61103082
9095.0	49831.60679396
9095.5	49830.42900058
9096.0	49583.77245092
9096.5	49198.35678383
9097.0	49039.47134467
9097.5	49127.16163491
9098.0	49337.62769136
9098.5	49574.98528995
9099.0	49791.3693911
9099.5	49926.07343115
9100.0	49965.88247383
9100.5	49971.2147893
9101.0	49988.0009638
9101.5	50032.24196638
9102.0	50079.97645354
9102.5	50110.65105658
9103.0	50127.38084369
9103.5	50142.37122875
9104.0	50157.11927437
9104.5	50171.29176779
9105.0	50186.32098392
9105.5	50202.24203013
9106.0	50221.35665972
9106.5	50243.45993123
9107.0	50272.51541562
9107.5	50303.38988586
9108.0	50329.2667495
9108.5	50346.398552
9109.0	50356.16017928
9109.5	50361.41710592
9110.0	50363.03424545
9110.5	50363.59493243
9111.0	50363.62406814
9111.5	50363.54283798
9112.0	50363.77661986
9112.5	50363.83740348
9113.0	50364.01478401
9113.5	50362.45961873
9114.0	50361.6237921
9114.5	50358.90581637
9115.0	50354.36647383
9115.5	50349.69179389
9116.0	50347.90738967
9116.5	50347.80920285
9117.0	50348.84939806
9117.5	50348.44589214
9118.0	50346.58723714
9118.5	50343.80431076
9119.0	50340.92336457
9119.5	50339.4726599
9120.0	50338.61265652
9120.5	50338.29309921
9121.0	50338.44738107
9121.5	50337.15828941
9122.0	50336.28969745
9122.5	50335.91586858
9123.0	50336.08957276
9123.5	50335.93238503
9124.0	50334.02673619
9124.5	50330.61609296
9125.0	50326.02044433
9125.5	50322.87097232
9126.0	50320.37420204
9126.5	50316.11323557
9127.0	50312.37269201
9127.5	50308.17267577
9128.0	50304.86891074
9128.5	50301.1340671
9129.0	50297.10499469
9129.5	50292.66550267
9130.0	50288.23401851
9130.5	50285.96240538
9131.0	50285.04125539
9131.5	50286.21579975
9132.0	50288.27576913
9132.5	50288.93585675
9133.0	50290.67071062
9133.5	50290.91108034
9134.0	50289.86291477
9134.5	50287.89412261
9135.0	50285.24666431
9135.5	50282.3293653
9136.0	50279.58799371
9136.5	50276.62186332
9137.0	50274.99789847
9137.5	50273.23169341
9138.0	50273.08001619
9138.5	50273.47318058
9139.0	50273.25968962
9139.5	50272.35084079
9140.0	50270.68692197
9140.5	50269.1830954
9141.0	50267.51355351
9141.5	50267.15907223
9142.0	50265.51701788
9142.5	50263.81692437
9143.0	50262.35813518
9143.5	50259.90571967
9144.0	50255.80704524
9144.5	50252.53021962
9145.0	50248.95906933
9145.5	50247.59622449
9146.0	50246.170607
9146.5	50244.6866484
9147.0	50242.63599742
9147.5	50241.40505143
9148.0	50241.64336874
9148.5	50242.18979722
9149.0	50242.79372938
9149.5	50242.51999177
9150.0	50242.06272288
9150.5	50241.23841914
9151.0	50240.86467763
9151.5	50240.22411401
9152.0	50239.51554739
9152.5	50238.46198617
9153.0	50235.28102817
9153.5	50232.20759894
9154.0	50229.45642537
9154.5	50227.33501905
9155.0	50225.04956733
9155.5	50223.3157176
9156.0	50221.28130858
9156.5	50220.21821777
9157.0	50218.73161379
9157.5	50216.92356415
9158.0	50214.93324986
9158.5	50212.24355041
9159.0	50211.52649836
9159.5	50212.46690618
9160.0	50215.48220762
9160.5	50217.40669052
9161.0	50218.35618519
9161.5	50217.90370053
9162.0	50217.96651645
9162.5	50218.22364116
9163.0	50217.58316822
9163.5	50216.54965991
9164.0	50214.57756939
9164.5	50211.34552809
9165.0	50208.01711932
9165.5	50204.59168193
9166.0	50201.57530187
9166.5	50199.93545574
9167.0	50197.9014015
9167.5	50195.4742787
9168.0	50192.9761225
9168.5	50189.1368352
9169.0	50185.56424207
9169.5	50181.1740713
9170.0	50176.45783894
9170.5	50172.63296839
9171.0	50170.92494987
9171.5	50170.47033058
9172.0	50170.12071794
9172.5	50167.73173968
9173.0	50164.4661026
9173.5	50161.06200486
9174.0	50158.275046
9174.5	50157.15333991
9175.0	50156.22001215
9175.5	50154.37441453
9176.0	50151.7856881
9176.5	50148.7020398
9177.0	50145.75446174
9177.5	50143.90518696
9178.0	50143.39881533
9178.5	50142.53602107
9179.0	50140.99507831
9179.5	50137.33056403
9180.0	50132.80383689
9180.5	50127.51314689
9181.0	50122.56923952
9181.5	50117.01489861
9182.0	50112.77531926
9182.5	50109.88696392
9183.0	50108.02665596
9183.5	50104.90893914
9184.0	50101.05025406
9184.5	50097.63198393
9185.0	50094.13000725
9185.5	50090.36107695
9186.0	50088.6996533
9186.5	50086.27285226
9187.0	50084.09725152
9187.5	50082.18789602
9188.0	50081.68859485
9188.5	50081.27231968
9189.0	50080.19334323
9189.5	50077.15626519
9190.0	50071.87344434
9190.5	50066.22915824
9191.0	50060.92922993
9191.5	50057.95968813
9192.0	50055.31688053
9192.5	50051.47781974
9193.0	50046.29107994
9193.5	50041.03050903
9194.0	50037.61773199
9194.5	50035.54969109
9195.0	50033.39286588
9195.5	50031.5799489
9196.0	50028.54999803
9196.5	50026.14691172
9197.0	50023.94104849
9197.5	50022.33873646
9198.0	50020.98711446
9198.5	50018.66000291
9199.0	50015.98445751
9199.5	50014.0525312
9200.0	50010.62808844
9200.5	50006.19779759
9201.0	50000.80655937
9201.5	49994.68353462
9202.0	49989.24432702
9202.5	49985.25064206
9203.0	49983.01653883
9203.5	49981.74507112
9204.0	49981.25437606
9204.5	49980.39873739
9205.0	49979.12501614
9205.5	49977.72597435
9206.0	49975.44292695
9206.5	49972.87232787
9207.0	49968.98294874
9207.5	49965.51354873
9208.0	49962.14749084
9208.5	49959.85566696
9209.0	49959.18415752
9209.5	49959.00137582
9210.0	49957.9662428
9210.5	49956.4703275
9211.0	49953.07190863
9211.5	49949.59808536
9212.0	49948.05192595
9212.5	49948.56061068
9213.0	49949.57893086
9213.5	49950.33428788
9214.0	49949.67868098
9214.5	49947.64787918
9215.0	49945.6707832
9215.5	49943.80482317
9216.0	49942.30837309
9216.5	49938.95130777
9217.0	49934.81930683
9217.5	49931.13777576
9218.0	49927.13303963
9218.5	49923.65658191
9219.0	49921.12105504
9219.5	49918.17283984
9220.0	49914.30235406
9220.5	49909.46434654
9221.0	49904.75747733
9221.5	49900.78584278
9222.0	49896.62704963
9222.5	49893.54482088
9223.0	49890.8748627
9223.5	49889.50214679
9224.0	49888.96453487
9224.5	49886.88709873
9225.0	49885.81807127
9225.5	49884.94437865
9226.0	49883.3307218
9226.5	49882.00059451
9227.0	49880.40134328
9227.5	49878.17223341
9228.0	49876.49951164
9228.5	49874.82561017
9229.0	49872.7017584
9229.5	49868.59734685
9230.0	49861.9863151
9230.5	49855.49436132
9231.0	49850.58216226
9231.5	49847.19487626
9232.0	49844.51011211
9232.5	49840.0336548
9233.0	49835.16346188
9233.5	49831.0525407
9234.0	49826.50628439
9234.5	49821.71983375
9235.0	49816.75906894
9235.5	49812.30581764
9236.0	49808.05933341
9236.5	49804.50151417
9237.0	49801.64902186
9237.5	49798.04203217
9238.0	49793.58665412
9238.5	49789.22729677
9239.0	49784.95208043
9239.5	49780.63048142
9240.0	49776.29616689
9240.5	49772.99964625
9241.0	49771.91979666
9241.5	49769.96094397
9242.0	49766.75260856
9242.5	49762.10766993
9243.0	49757.15483649
9243.5	49752.55967102
9244.0	49747.56726419
9244.5	49743.50105346
9245.0	49737.86543293
9245.5	49731.09226337
9246.0	49721.96737646
9246.5	49708.91393629
9247.0	49690.44376727
9247.5	49664.70860387
9248.0	49623.48016915
9248.5	49537.9871368
9249.0	49361.46665349
9249.5	49063.88423496
9250.0	48777.60092258
9250.5	48778.50072491
9251.0	48991.82551868
9251.5	49204.85971221
9252.0	49359.06076121
9252.5	49468.13799118
9253.0	49472.85382746
9253.5	49308.09908627
9254.0	48999.06720091
9254.5	48770.13802263
9255.0	48867.36392667
9255.5	49136.83294095
9256.0	49359.69493031
9256.5	49529.21351298
9257.0	49659.60864294
9257.5	49724.74976418
9258.0	49740.93119458
9258.5	49742.92202681
9259.0	49742.95634012
9259.5	49741.65356089
9260.0	49739.54376699
9260.5	49735.78838621
9261.0	49730.38006513
9261.5	49725.3326577
9262.0	49720.09542404
9262.5	49714.41931898
9263.0	49707.33286693
9263.5	49700.40701552
9264.0	49694.85397898
9264.5	49691.12578512
9265.0	49687.71352917
9265.5	49683.2280976
9266.0	49678.27397494
9266.5	49672.56884755
9267.0	49668.14239279
9267.5	49665.45999822
9268.0	49663.15741054
9268.5	49658.90317248
9269.0	49655.96930577
9269.5	49654.03626906
9270.0	49653.37649695
9270.5	49652.60130747
9271.0	49651.49414925
9271.5	49649.73757947
9272.0	49647.14493244
9272.5	49645.19255303
9273.0	49643.87446209
9273.5	49643.32624109
9274.0	49642.93862267
9274.5	49641.61978595
9275.0	49639.97871415
9275.5	49639.63485627
9276.0	49637.55813462
9276.5	49637.17779931
9277.0	49636.63142729
9277.5	49635.91546648
9278.0	49633.94242128
9278.5	49631.80601758
9279.0	49628.55300635
9279.5	49625.12307613
9280.0	49620.16667225
9280.5	49616.38344191
9281.0	49611.81062794
9281.5	49607.16676903
9282.0	49602.35100066
9282.5	49595.86589874
9283.0	49588.62520113
9283.5	49583.28940065
9284.0	49580.38444888
9284.5	49577.76835379
9285.0	49574.90489489
9285.5	49572.94401243
9286.0	49570.73676847
9286.5	49567.27341852
9287.0	49562.74903634
9287.5	49558.59100033
9288.0	49555.83721821
9288.5	49554.72220255
9289.0	49554.19354225
9289.5	49553.28690206
9290.0	49551.40594769
9290.5	49547.99824242
9291.0	49544.98392006
9291.5	49542.70768184
9292.0	49540.45958829
9292.5	49538.12361437
9293.0	49536.01167949
9293.5	49532.73285119
9294.0	49530.27467449
9294.5	49528.42878486
9295.0	49526.43604593
9295.5	49523.20881579
9296.0	49519.18106763
9296.5	49515.48312628
9297.0	49511.57904675
9297.5	49507.25267395
9298.0	49503.99461503
9298.5	49500.09413733
9299.0	49497.54193411
9299.5	49494.73490532
9300.0	49491.43681071
9300.5	49488.20703837
9301.0	49484.54224643
9301.5	49479.98185174
9302.0	49475.90769253
9302.5	49472.23958902
9303.0	49469.47156186
9303.5	49468.16010372
9304.0	49466.30185758
9304.5	49464.02468081
9305.0	49461.33453727
9305.5	49458.92205732
9306.0	49454.60844996
9306.5	49450.65848956
9307.0	49447.02900344
9307.5	49444.51330825
9308.0	49442.03875732
9308.5	49438.61303819
9309.0	49434.50284605
9309.5	49430.07693268
9310.0	49426.10446993
9310.5	49421.77055166
9311.0	49416.99784325
9311.5	49414.9055236
9312.0	49414.99969371
9312.5	49412.91167328
9313.0	49410.34205032
9313.5	49407.3079769
9314.0	49403.73969663
9314.5	49400.74479739
9315.0	49398.0259556
9315.5	49395.57322738
9316.0	49391.66827718
9316.5	49386.69773183
9317.0	49382.10971
9317.5	49378.08057849
9318.0	49375.0607339
9318.5	49372.54592291
9319.0	49370.78007023
9319.5	49368.45083854
9320.0	49366.1654865
9320.5	49365.33668755
9321.0	49364.73767697
9321.5	49364.13827561
9322.0	49361.8579514
9322.5	49358.14411147
9323.0	49354.0286289
9323.5	49350.4836183
9324.0	49345.79873893
9324.5	49341.95235949
9325.0	49337.28186158
9325.5	49331.58953714
9326.0	49325.22770267
9326.5	49319.42560416
9327.0	49314.82151314
9327.5	49311.23711714
9328.0	49309.60773638
9328.5	49307.73244415
9329.0	49305.21053224
9329.5	49301.24259505
9330.0	49296.69997295
9330.5	49291.68343951
9331.0	49287.35676226
9331.5	49283.97564214
9332.0	49281.65462335
9332.5	49279.00772484
9333.0	49275.78807896
9333.5	49270.64419393
9334.0	49264.59077574
9334.5	49259.05833779
9335.0	49254.3170419
9335.5	49250.21148219
9336.0	49246.27067472
9336.5	49243.37868048
9337.0	49239.95504632
9337.5	49235.64979407
9338.0	49230.66252476
9338.5	49226.62328733
9339.0	49222.94395084
9339.5	49219.61283328
9340.0	49217.14293786
9340.5	49213.5588166
9341.0	49209.18287928
9341.5	49206.08910786
9342.0	49202.00925617
9342.5	49197.4959043
9343.0	49191.84146561
9343.5	49186.73182828
9344.0	49182.52174306
9344.5	49178.38806706
9345.0	49175.06623062
9345.5	49170.33461628
9346.0	49165.87007827
9346.5	49161.48712246
9347.0	49159.19706969
9347.5	49156.62825491
9348.0	49153.54432201
9348.5	49147.36999657
9349.0	49137.54237965
9349.5	49121.94682424
9350.0	49106.17592584
9350.5	49098.14309312
9351.0	49099.16582287
9351.5	49102.30963182
9352.0	49103.83967445
9352.5	49101.58802235
9353.0	49097.61899222
9353.5	49093.67292854
9354.0	49090.55432042
9354.5	49087.81282705
9355.0	49086.4939733
9355.5	49088.07631551
9356.0	49091.38777598
9356.5	49093.42034893
9357.0	49092.03376713
9357.5	49088.66810581
9358.0	49083.83072132
9358.5	49079.46149725
9359.0	49073.83674268
9359.5	49068.86693169
9360.0	49063.24114453
9360.5	49054.51259749
9361.0	49041.95063118
9361.5	49024.98835001
9362.0	49012.27013593
9362.5	49006.15694971
9363.0	49004.59857199
9363.5	49002.95555956
9364.0	49001.17690175
9364.5	49000.11086379
9365.0	49001.33211907
9365.5	49002.12091935
9366.0	49001.79203936
9366.5	49000.69860443
9367.0	49000.03200573
9367.5	49001.16309196
9368.0	49002.45404907
9368.5	49002.30788904
9369.0	48999.06158375
9369.5	48994.50903779
9370.0	48991.02946313
9370.5	48986.36634695
9371.0	48981.98022547
9371.5	48977.55880258
9372.0	48975.50050471
9372.5	48973.00214828
9373.0	48968.67321685
9373.5	48963.24916501
9374.0	48957.86712604
9374.5	48952.80501312
9375.0	48946.76121435
9375.5	48939.34192543
9376.0	48932.40942985
9376.5	48927.13907359
9377.0	48923.7614455
9377.5	48921.50150532
9378.0	48918.91154931
9378.5	48915.66464806
9379.0	48910.88818349
9379.5	48904.85889994
9380.0	48897.54887997
9380.5	48891.11519369
9381.0	48885.90987726
9381.5	48881.68616384
9382.0	48877.37209425
9382.5	48873.76333072
9383.0	48870.26112871
9383.5	48867.85848607
9384.0	48865.44682832
9384.5	48862.27999692
9385.0	48859.27660697
9385.5	48856.67398868
9386.0	48854.57365732
9386.5	48851.60495841
9387.0	48847.41942125
9387.5	48843.39766404
9388.0	48838.371033
9388.5	48833.04160287
9389.0	48828.47509828
9389.5	48824.84697891
9390.0	48821.77527593
9390.5	48817.78922688
9391.0	48812.2449893
9391.5	48807.34154172
9392.0	48802.75909869
9392.5	48799.14965713
9393.0	48793.38694859
9393.5	48786.42167696
9394.0	48779.13597733
9394.5	48771.43741205
9395.0	48766.13043712
9395.5	48760.8119578
9396.0	48756.71932019
9396.5	48753.5395412
9397.0	48750.74929597
9397.5	48750.37807362
9398.0	48750.84061391
9398.5	48751.70472102
9399.0	48750.15149052
9399.5	48746.05520791
9400.0	48741.18443318
9400.5	48737.09993207
9401.0	48734.51297726
9401.5	48731.89240947
9402.0	48727.59306254
9402.5	48721.44834334
9403.0	48715.43805181
9403.5	48710.29508507
9404.0	48705.96252772
9404.5	48701.51571155
9405.0	48697.5497147
9405.5	48694.34052023
9406.0	48692.86053486
9406.5	48691.60063187
9407.0	48690.01447297
9407.5	48687.26537698
9408.0	48684.03024064
9408.5	48680.22929531
9409.0	48676.58491451
9409.5	48672.13379649
9410.0	48666.5325752
9410.5	48661.002699
9411.0	48656.33469211
9411.5	48654.70467061
9412.0	48652.95928
9412.5	48650.623961
9413.0	48646.57427756
9413.5	48641.1651858
9414.0	48635.62263274
9414.5	48630.46171403
9415.0	48626.40899505
9415.5	48621.8204027
9416.0	48617.31412477
9416.5	48611.00824382
9417.0	48603.73518599
9417.5	48596.42891656
9418.0	48589.15211825
9418.5	48580.57074506
9419.0	48571.24163729
9419.5	48562.58501586
9420.0	48556.45858114
9420.5	48551.83065622
9421.0	48548.99577669
9421.5	48546.54542789
9422.0	48543.71650695
9422.5	48541.13210997
9423.0	48538.22242357
9423.5	48533.91283983
9424.0	48528.11988877
9424.5	48522.91178015
9425.0	48517.69857202
9425.5	48513.84446309
9426.0	48510.9863391
9426.5	48508.56352948
9427.0	48506.10791253
9427.5	48501.50821993
9428.0	48494.25338673
9428.5	48485.55037345
9429.0	48476.60392493
9429.5	48467.99877548
9430.0	48459.12503241
9430.5	48452.56872494
9431.0	48447.28053503
9431.5	48444.6961141
9432.0	48443.19995434
9432.5	48440.130759
9433.0	48435.64684515
9433.5	48429.48998115
9434.0	48423.24908142
9434.5	48415.26713355
9435.0	48406.05121757
9435.5	48397.84949039
9436.0	48391.37625774
9436.5	48388.26829474
9437.0	48388.55378785
9437.5	48389.8023853
9438.0	48392.08277444
9438.5	48391.36280459
9439.0	48389.26736551
9439.5	48384.37846522
9440.0	48377.84716425
9440.5	48372.29671009
9441.0	48365.66600376
9441.5	48357.03359461
9442.0	48347.90730689
9442.5	48337.85517127
9443.0	48327.21702984
9443.5	48318.3129136
9444.0	48311.4379938
9444.5	48307.11286462
9445.0	48303.87113582
9445.5	48301.3009873
9446.0	48299.19274964
9446.5	48296.94069267
9447.0	48295.51998774
9447.5	48293.41202325
9448.0	48290.85009684
9448.5	48287.63225592
9449.0	48284.17964019
9449.5	48280.69855768
9450.0	48276.45846968
9450.5	48271.82475497
9451.0	48266.5545669
9451.5	48261.67723812
9452.0	48259.28244835
9452.5	48256.21001251
9453.0	48252.67550892
9453.5	48249.03392688
9454.0	48245.03420315
9454.5	48240.51005217
9455.0	48237.82347209
9455.5	48235.22762334
9456.0	48231.340832
9456.5	48225.80970746
9457.0	48218.88377986
9457.5	48213.66471888
9458.0	48209.34904616
9458.5	48205.33029806
9459.0	48200.86027562
9459.5	48196.70158073
9460.0	48192.99362417
9460.5	48188.12330252
9461.0	48181.65949948
9461.5	48174.74478257
9462.0	48167.85022714
9462.5	48160.06070398
9463.0	48152.59800042
9463.5	48144.59242789
9464.0	48137.84770932
9464.5	48132.57495533
9465.0	48127.59226648
9465.5	48122.06001964
9466.0	48116.30398683
9466.5	48109.65616402
9467.0	48102.8275225
9467.5	48095.54700373
9468.0	48090.97974171
9468.5	48087.22136773
9469.0	48083.81587421
9469.5	48079.43302374
9470.0	48075.34929173
9470.5	48071.02341202
9471.0	48066.85407598
9471.5	48062.29756616
9472.0	48056.59183916
9472.5	48049.21592199
9473.0	48041.28050499
9473.5	48033.82921201
9474.0	48026.80955822
9474.5	48021.2172249
9475.0	48017.74053134
9475.5	48015.44682325
9476.0	48013.22264502
9476.5	48010.8220349
9477.0	48007.10361311
9477.5	48004.59611151
9478.0	48001.3790499
9478.5	47996.99005255
9479.0	47990.94194382
9479.5	47983.80681573
9480.0	47976.1446672
9480.5	47969.85009093
9481.0	47962.97630139
9481.5	47956.26750281
9482.0	47948.99191039
9482.5	47940.28706563
9483.0	47927.68341062
9483.5	47905.38460264
9484.0	47866.17852976
9484.5	47819.37698766
9485.0	47783.06033838
9485.5	47773.51620724
9486.0	47785.43671633
9486.5	47799.09610576
9487.0	47809.71767135
9487.5	47819.3687811
9488.0	47830.42438366
9488.5	47841.44007895
9489.0	47847.738628
9489.5	47845.50918932
9490.0	47834.39987737
9490.5	47810.44040813
9491.0	47770.95872231
9491.5	47723.6875838
9492.0	47686.21956977
9492.5	47676.64699031
9493.0	47689.48164735
9493.5	47701.5971804
9494.0	47709.21657156
9494.5	47717.22854858
9495.0	47727.37224111
9495.5	47737.98102292
9496.0	47744.83166994
9496.5	47745.70496266
9497.0	47744.25528031
9497.5	47741.611189
9498.0	47738.32742419
9498.5	47732.93078439
9499.0	47726.89290726
9499.5	47720.88524566
9500.0	47713.05692381
9500.5	47704.17129807
9501.0	47695.19224366
9501.5	47685.97059633
9502.0	47677.21828859
9502.5	47668.91862413
9503.0	47663.07468345
9503.5	47658.1604546
9504.0	47653.90790922
9504.5	47648.76641358
9505.0	47643.30979607
9505.5	47637.85542228
9506.0	47633.58050278
9506.5	47629.30389389
9507.0	47624.56400048
9507.5	47620.02614315
9508.0	47615.94583476
9508.5	47612.84117341
9509.0	47610.35434282
9509.5	47608.56040756
9510.0	47605.38294473
9510.5	47599.98646948
9511.0	47593.69320718
9511.5	47587.37231453
9512.0	47581.5464148
9512.5	47575.45610364
9513.0	47569.20823321
9513.5	47562.16605947
9514.0	47555.94376378
9514.5	47550.18485882
9515.0	47545.64539539
9515.5	47540.95720044
9516.0	47535.44658864
9516.5	47530.67654471
9517.0	47524.08432053
9517.5	47516.06230751
9518.0	47507.1334104
9518.5	47496.75732498
9519.0	47485.44782437
9519.5	47475.96939975
9520.0	47468.05200458
9520.5	47462.63392246
9521.0	47457.76491868
9521.5	47453.35924412
9522.0	47448.6800966
9522.5	47442.35098807
9523.0	47434.17996171
9523.5	47425.73340809
9524.0	47418.44324241
9524.5	47411.56631524
9525.0	47405.05508752
9525.5	47397.79129816
9526.0	47391.11709425
9526.5	47383.94250117
9527.0	47375.63363689
9527.5	47368.32152641
9528.0	47360.85591314
9528.5	47353.86385922
9529.0	47347.36883546
9529.5	47340.89920114
9530.0	47334.11198306
9530.5	47326.88595645
9531.0	47318.86181844
9531.5	47309.35600971
9532.0	47300.35100258
9532.5	47290.9634548
9533.0	47285.51012505
9533.5	47281.87016057
9534.0	47279.29772055
9534.5	47275.60426359
9535.0	47271.0370767
9535.5	47265.35966061
9536.0	47259.14674998
9536.5	47250.63016414
9537.0	47242.26482768
9537.5	47233.90157383
9538.0	47227.42161117
9538.5	47220.7334343
9539.0	47215.21300748
9539.5	47207.45807053
9540.0	47199.75873641
9540.5	47191.92821029
9541.0	47185.08588477
9541.5	47177.91000257
9542.0	47168.93307392
9542.5	47159.37336852
9543.0	47149.86474932
9543.5	47139.97917691
9544.0	47131.30036053
9544.5	47122.74562163
9545.0	47113.73660544
9545.5	47104.77527678
9546.0	47097.36007499
9546.5	47090.58001312
9547.0	47083.28454545
9547.5	47074.97130258
9548.0	47065.53935636
9548.5	47054.78774436
9549.0	47044.53030397
9549.5	47035.94377276
9550.0	47027.77710628
9550.5	47021.09210233
9551.0	47013.098905
9551.5	47003.37615987
9552.0	46993.27051012
9552.5	46983.81939739
9553.0	46975.68487532
9553.5	46969.4588343
9554.0	46964.42170102
9554.5	46959.24996099
9555.0	46954.24855575
9555.5	46949.40072947
9556.0	46942.95560656
9556.5	46936.18923881
9557.0	46927.80378282
9557.5	46919.41417708
9558.0	46910.302987
9558.5	46901.4535413
9559.0	46892.81040937
9559.5	46883.38192445
9560.0	46873.22535406
9560.5	46863.71520586
9561.0	46854.46622391
9561.5	46846.95843967
9562.0	46838.90887623
9562.5	46830.6668579
9563.0	46822.46603785
9563.5	46814.85997689
9564.0	46807.7231011
9564.5	46801.57044983
9565.0	46796.34069095
9565.5	46791.66487968
9566.0	46786.779588
9566.5	46780.90176144
9567.0	46773.57696945
9567.5	46765.50138325
9568.0	46757.53543262
9568.5	46750.30513894
9569.0	46743.99433336
9569.5	46738.44727194
9570.0	46733.22572435
9570.5	46728.03315221
9571.0	46723.36807244
9571.5	46717.504042
9572.0	46709.24809877
9572.5	46701.42212258
9573.0	46692.10579151
9573.5	46681.64687053
9574.0	46672.20123516
9574.5	46663.37767194
9575.0	46655.37528536
9575.5	46648.33881906
9576.0	46640.8519529
9576.5	46631.53043771
9577.0	46620.8812548
9577.5	46609.48688955
9578.0	46599.15029195
9578.5	46589.7144363
9579.0	46584.20663872
9579.5	46580.85228282
9580.0	46576.96202356
9580.5	46571.85818525
9581.0	46565.5688134
9581.5	46557.09136712
9582.0	46546.91491143
9582.5	46536.5267284
9583.0	46525.83647119
9583.5	46514.884957
9584.0	46504.24725274
9584.5	46494.59867752
9585.0	46485.67711083
9585.5	46477.46351757
9586.0	46470.395654
9586.5	46462.83112427
9587.0	46455.25030251
9587.5	46446.3983134
9588.0	46436.98324466
9588.5	46426.27213347
9589.0	46414.95680035
9589.5	46403.65939696
9590.0	46392.92043477
9590.5	46384.04212318
9591.0	46376.5359984
9591.5	46368.46384832
9592.0	46359.90935233
9592.5	46350.030131
9593.0	46340.0648242
9593.5	46330.04506563
9594.0	46320.385678
9594.5	46310.44437286
9595.0	46299.3562485
9595.5	46287.6382802
9596.0	46277.52217883
9596.5	46269.69384805
9597.0	46264.62716135
9597.5	46259.50004539
9598.0	46253.92148438
9598.5	46247.89633706
9599.0	46239.99575773
9599.5	46232.28261724
9600.0	46224.42025089
9600.5	46216.44362426
9601.0	46206.71045161
9601.5	46196.29809388
9602.0	46185.22223105
9602.5	46174.65065562
9603.0	46164.20877716
9603.5	46153.28482634
9604.0	46143.98990322
9604.5	46136.51227654
9605.0	46130.47117213
9605.5	46125.00955776
9606.0	46119.22713011
9606.5	46111.87871384
9607.0	46104.07415914
9607.5	46095.95221108
9608.0	46089.63404637
9608.5	46081.78688762
9609.0	46073.86430176
9609.5	46064.39715104
9610.0	46055.24518188
9610.5	46045.14918656
9611.0	46034.40862852
9611.5	46023.7108826
9612.0	46013.20690963
9612.5	46002.78123033
9613.0	45990.88442817
9613.5	45978.75116943
9614.0	45966.57183558
9614.5	45955.11902503
9615.0	45944.19484971
9615.5	45932.65318532
9616.0	45920.45730843
9616.5	45909.02201523
9617.0	45898.4560043
9617.5	45888.06316465
9618.0	45878.55351954
9618.5	45868.7311197
9619.0	45859.13600851
9619.5	45849.2400358
9620.0	45837.20975441
9620.5	45824.20742722
9621.0	45810.91003467
9621.5	45798.19058632
9622.0	45785.53974952
9622.5	45773.1968014
9623.0	45761.20937795
9623.5	45749.93301201
9624.0	45738.39009143
9624.5	45729.45630165
9625.0	45721.39836821
9625.5	45714.35479059
9626.0	45707.05091073
9626.5	45699.44760574
9627.0	45689.70709085
9627.5	45680.01616162
9628.0	45671.42651952
9628.5	45664.08151661
9629.0	45656.50879448
9629.5	45648.3979008
9630.0	45638.99748338
9630.5	45628.67509424
9631.0	45617.56539521
9631.5	45607.04168605
9632.0	45596.67540121
9632.5	45585.2954309
9633.0	45573.58564492
9633.5	45562.67365711
9634.0	45551.23509344
9634.5	45540.16543911
9635.0	45528.16920741
9635.5	45516.74313552
9636.0	45506.91489531
9636.5	45497.29162699
9637.0	45488.0491087
9637.5	45479.04298466
9638.0	45468.46699638
9638.5	45458.68062721
9639.0	45449.529027
9639.5	45440.49872839
9640.0	45430.52419218
9640.5	45419.57640812
9641.0	45408.31834473
9641.5	45396.30150206
9642.0	45385.1558344
9642.5	45374.81579062
9643.0	45363.85694409
9643.5	45352.41037276
9644.0	45340.80237767
9644.5	45328.64592856
9645.0	45317.39822381
9645.5	45306.27459897
9646.0	45295.00288498
9646.5	45284.18188722
9647.0	45273.83052142
9647.5	45263.7401594
9648.0	45253.4558479
9648.5	45243.06572518
9649.0	45232.19772694
9649.5	45221.94330264
9650.0	45212.53845658
9650.5	45202.73490129
9651.0	45193.3963245
9651.5	45184.0416164
9652.0	45173.89184304
9652.5	45163.90981229
9653.0	45154.02637916
9653.5	45143.99336269
9654.0	45133.52689771
9654.5	45121.14534633
9655.0	45107.16485409
9655.5	45092.95237438
9656.0	45078.35591666
9656.5	45064.90298095
9657.0	45051.31161449
9657.5	45037.26268752
9658.0	45020.43952646
9658.5	45002.2337221
9659.0	44979.93660262
9659.5	44952.54562384
9660.0	44920.982558
9660.5	44886.52119688
9661.0	44852.08204162
9661.5	44818.68414296
9662.0	44787.38449617
9662.5	44758.84394979
9663.0	44732.33550752
9663.5	44708.10609477
9664.0	44686.16049333
9664.5	44663.50224772
9665.0	44643.7495184
9665.5	44627.60479717
9666.0	44612.69309044
9666.5	44600.22992455
9667.0	44589.22619708
9667.5	44579.62717949
9668.0	44571.08484439
9668.5	44562.44664152
9669.0	44554.54033839
9669.5	44544.36717376
9670.0	44532.89111055
9670.5	44520.78515014
9671.0	44508.15996202
9671.5	44494.36635567
9672.0	44481.2189424
9672.5	44468.56220838
9673.0	44456.43108059
9673.5	44444.23422627
9674.0	44434.0170902
9674.5	44423.770381
9675.0	44412.10439474
9675.5	44400.44103577
9676.0	44388.96377492
9676.5	44379.17382266
9677.0	44370.47868637
9677.5	44361.06147227
9678.0	44351.93280933
9678.5	44343.17837354
9679.0	44334.74743586
9679.5	44325.8731556
9680.0	44316.44695931
9680.5	44305.31290392
9681.0	44294.91084347
9681.5	44284.74671598
9682.0	44273.47473555
9682.5	44261.26054876
9683.0	44249.92567133
9683.5	44239.08681699
9684.0	44229.46751722
9684.5	44220.09158577
9685.0	44211.60164993
9685.5	44202.8684703
9686.0	44193.44221715
9686.5	44182.77517833
9687.0	44171.18950272
9687.5	44160.00195529
9688.0	44149.3535481
9688.5	44137.96780841
9689.0	44127.12668045
9689.5	44116.51937324
9690.0	44106.47446622
9690.5	44096.85630147
9691.0	44087.87407236
9691.5	44078.68234805
9692.0	44069.10239839
9692.5	44058.92556442
9693.0	44048.11021586
9693.5	44037.03604978
9694.0	44025.72127331
9694.5	44013.47932264
9695.0	44000.19703195
9695.5	43985.51999516
9696.0	43971.13206566
9696.5	43957.23877039
9697.0	43944.44582033
9697.5	43933.89764817
9698.0	43923.19550036
9698.5	43911.08515924
9699.0	43898.404954
9699.5	43884.75739721
9700.0	43870.34356914
9700.5	43854.9765008
9701.0	43838.45919441
9701.5	43822.87295001
9702.0	43808.5020424
9702.5	43794.08692923
9703.0	43781.56742338
9703.5	43767.91529402
9704.0	43754.33825869
9704.5	43741.23309759
9705.0	43728.84598661
9705.5	43717.71273047
9706.0	43706.81729206
9706.5	43696.19917485
9707.0	43684.92421172
9707.5	43673.0808472
9708.0	43660.71443682
9708.5	43648.7404449
9709.0	43637.79776072
9709.5	43626.53744606
9710.0	43615.50645068
9710.5	43603.79138472
9711.0	43591.65868398
9711.5	43579.01553639
9712.0	43566.25615241
9712.5	43551.8727435
9713.0	43536.09335901
9713.5	43521.175879
9714.0	43507.07750644
9714.5	43496.04649024
9715.0	43486.30781098
9715.5	43476.7926147
9716.0	43465.83207568
9716.5	43453.92686267
9717.0	43442.55504525
9717.5	43430.47753568
9718.0	43416.84891235
9718.5	43401.83718408
9719.0	43386.58998292
9719.5	43371.13628629
9720.0	43357.46346073
9720.5	43345.24163566
9721.0	43335.09651323
9721.5	43325.76699515
9722.0	43315.34513758
9722.5	43304.5905676
9723.0	43293.03375471
9723.5	43280.21140353
9724.0	43267.03770516
9724.5	43253.79183805
9725.0	43241.47649244
9725.5	43230.03369663
9726.0	43219.19077233
9726.5	43207.42549554
9727.0	43196.49961703
9727.5	43184.88764275
9728.0	43174.4208072
9728.5	43164.08951139
9729.0	43151.43808249
9729.5	43138.28347926
9730.0	43124.96857004
9730.5	43112.5185878
9731.0	43100.24935701
9731.5	43087.43708889
9732.0	43073.98342607
9732.5	43060.48539137
9733.0	43046.12864854
9733.5	43032.33522828
9734.0	43019.56140767
9734.5	43007.19392349
9735.0	42996.50044788
9735.5	42986.38476454
9736.0	42976.86891974
9736.5	42967.94022434
9737.0	42957.16354985
9737.5	42944.39235212
9738.0	42932.05187758
9738.5	42919.69180171
9739.0	42907.98844369
9739.5	42896.82961972
9740.0	42885.44608576
9740.5	42873.60512148
9741.0	42862.81435789
9741.5	42852.48230453
9742.0	42841.1339117
9742.5	42828.90972958
9743.0	42816.94255021
9743.5	42803.85473568
9744.0	42791.02520778
9744.5	42777.48195474
9745.0	42763.652959
9745.5	42749.14787684
9746.0	42737.05466855
9746.5	42726.27937183
9747.0	42716.47462315
9747.5	42707.52857776
9748.0	42698.16716442
9748.5	42687.85515316
9749.0	42677.15173909
9749.5	42666.58411836
9750.0	42655.14724083
9750.5	42643.21091668
9751.0	42630.84883613
9751.5	42618.51939185
9752.0	42606.48137496
9752.5	42594.7315805
9753.0	42582.85375679
9753.5	42572.27271699
9754.0	42561.81919047
9754.5	42552.00431097
9755.0	42541.94262495
9755.5	42531.57416764
9756.0	42519.24184824
9756.5	42505.60338883
9757.0	42491.8259813
9757.5	42479.52525042
9758.0	42468.30090199
9758.5	42458.00937417
9759.0	42446.07493495
9759.5	42433.65741954
9760.0	42421.48462902
9760.5	42408.04714112
9761.0	42393.52647844
9761.5	42380.692918
9762.0	42369.0922618
9762.5	42358.63384381
9763.0	42348.42855792
9763.5	42339.05451572
9764.0	42329.1571647
9764.5	42319.25862316
9765.0	42308.34091405
9765.5	42297.57848248
9766.0	42287.64261394
9766.5	42277.58738334
9767.0	42267.22876657
9767.5	42257.7133635
9768.0	42248.43668817
9768.5	42239.65394294
9769.0	42230.2035001
9769.5	42220.49660897
9770.0	42209.57987979
9770.5	42197.58716109
9771.0	42185.3705801
9771.5	42173.6010094
9772.0	42161.90279158
9772.5	42150.52745148
9773.0	42139.45657821
9773.5	42129.60675988
9774.0	42121.27174109
9774.5	42112.40786962
9775.0	42102.21689405
9775.5	42089.98318076
9776.0	42078.03395707
9776.5	42066.85589234
9777.0	42056.37297478
9777.5	42046.25067177
9778.0	42035.75956121
9778.5	42024.69260836
9779.0	42012.51425075
9779.5	42000.59656288
9780.0	41987.99286147
9780.5	41974.1974258
9781.0	41960.60976755
9781.5	41947.02084438
9782.0	41934.69705246
9782.5	41922.80557756
9783.0	41911.83062404
9783.5	41900.75826939
9784.0	41888.93137557
9784.5	41878.05340613
9785.0	41869.36960241
9785.5	41860.68679631
9786.0	41852.94793971
9786.5	41845.79167886
9787.0	41839.2700803
9787.5	41831.01813785
9788.0	41822.36761542
9788.5	41813.07270639
9789.0	41803.5179042
9789.5	41793.63338972
9790.0	41783.49790213
9790.5	41772.29112481
9791.0	41760.90590095
9791.5	41750.83279557
9792.0	41742.41510886
9792.5	41734.76078035
9793.0	41726.40563246
9793.5	41716.93886085
9794.0	41706.94488187
9794.5	41696.3692937
9795.0	41686.95767538
9795.5	41678.44095665
9796.0	41669.78080292
9796.5	41660.32841532
9797.0	41650.96716246
9797.5	41640.61264161
9798.0	41630.12983878
9798.5	41620.8393562
9799.0	41612.99401642
9799.5	41605.33519248
9800.0	41598.02024062
9800.5	41588.28986076
9801.0	41578.15700054
9801.5	41566.43363499
9802.0	41553.54670389
9802.5	41540.9704676
9803.0	41528.19205562
9803.5	41516.80276944
9804.0	41507.06176165
9804.5	41497.20055228
9805.0	41489.2332544
9805.5	41483.71370113
9806.0	41477.39681441
9806.5	41468.16114916
9807.0	41456.79259428
9807.5	41445.37732582
9808.0	41436.20407506
9808.5	41428.77581919
9809.0	41421.62726039
9809.5	41415.20905636
9810.0	41407.66600213
9810.5	41400.40279262
9811.0	41393.85294381
9811.5	41387.24206421
9812.0	41381.05081964
9812.5	41375.06812473
9813.0	41368.35070276
9813.5	41360.47142943
9814.0	41351.54748782
9814.5	41341.04276274
9815.0	41329.40681411
9815.5	41317.36089107
9816.0	41306.01184912
9816.5	41295.22135441
9817.0	41285.6262328
9817.5	41275.88406565
9818.0	41265.87523277
9818.5	41255.98550207
9819.0	41245.82095662
9819.5	41235.65375541
9820.0	41228.19417813
9820.5	41221.58380297
9821.0	41214.17485173
9821.5	41206.93759632
9822.0	41199.4170553
9822.5	41192.27008928
9823.0	41185.69133577
9823.5	41178.69699775
9824.0	41171.11410209
9824.5	41163.49433957
9825.0	41154.29768894
9825.5	41144.42088403
9826.0	41133.91387597
9826.5	41123.74508954
9827.0	41113.75053802
9827.5	41103.65069981
9828.0	41094.25114227
9828.5	41085.21371569
9829.0	41076.98065104
9829.5	41066.74044745
9830.0	41056.47756075
9830.5	41045.17710841
9831.0	41034.24170171
9831.5	41024.64400269
9832.0	41016.40111556
9832.5	41007.91533149
9833.0	41002.10926697
9833.5	40997.12754454
9834.0	40993.21716681
9834.5	40987.71987393
9835.0	40979.90668054
9835.5	40970.07884189
9836.0	40960.13308419
9836.5	40950.02606929
9837.0	40939.77704082
9837.5	40930.87628448
9838.0	40922.82445167
9838.5	40915.82699982
9839.0	40908.18948209
9839.5	40899.55051829
9840.0	40891.4953713
9840.5	40884.52612509
9841.0	40877.11281045
9841.5	40868.05251495
9842.0	40858.0814857
9842.5	40848.96369947
9843.0	40840.25848091
9843.5	40831.47361009
9844.0	40821.89326215
9844.5	40813.53031089
9845.0	40805.64852886
9845.5	40796.35446927
9846.0	40787.64682084
9846.5	40778.98615416
9847.0	40770.64937256
9847.5	40762.82642298
9848.0	40754.93583691
9848.5	40745.65168071
9849.0	40735.10372228
9849.5	40723.88696203
9850.0	40714.83616075
9850.5	40707.29852391
9851.0	40700.55385059
9851.5	40692.12422538
9852.0	40681.51337124
9852.5	40670.07984642
9853.0	40657.87190113
9853.5	40646.66296333
9854.0	40635.47422134
9854.5	40625.23005274
9855.0	40615.09600704
9855.5	40603.77556506
9856.0	40592.69115712
9856.5	40584.77253022
9857.0	40576.38304631
9857.5	40568.16978406
9858.0	40558.62022514
9858.5	40547.00579385
9859.0	40534.97852485
9859.5	40521.10718043
9860.0	40505.69816575
9860.5	40490.41370831
9861.0	40474.4684379
9861.5	40456.94355095
9862.0	40439.3151859
9862.5	40422.83868538
9863.0	40406.66609557
9863.5	40390.20593791
9864.0	40374.76268195
9864.5	40359.2997823
9865.0	40342.56282352
9865.5	40322.41397798
9866.0	40301.58546209
9866.5	40280.70094448
9867.0	40257.45812105
9867.5	40232.08461967
9868.0	40206.09961716
9868.5	40174.48705096
9869.0	40139.60132859
9869.5	40102.22924891
9870.0	40061.35853733
9870.5	40015.62973865
9871.0	39965.64772863
9871.5	39913.15131258
9872.0	39855.56251107
9872.5	39789.47827015
9873.0	39710.29297704
9873.5	39618.03864323
9874.0	39507.67666487
9874.5	39371.2707375
9875.0	39204.68443535
9875.5	38988.6784391
9876.0	38713.79317892
9876.5	38394.56719185
9877.0	37982.91205176
9877.5	37372.749463
9878.0	36464.73458164
9878.5	35182.5861775
9879.0	33685.12562944
9879.5	32563.45596062
9880.0	32386.06773471
9880.5	32998.07419034
9881.0	33680.67223745
9881.5	34177.58439973
9882.0	34640.43801053
9882.5	35092.52508282
9883.0	35405.72099535
9883.5	35521.36807348
9884.0	35413.45415271
9884.5	34994.99138775
9885.0	34179.45462976
9885.5	33193.06289565
9886.0	32514.52204002
9886.5	32734.40680957
9887.0	33852.54361774
9887.5	35154.90009298
9888.0	36259.52576426
9888.5	37214.11527089
9889.0	38122.38688923
9889.5	38970.56806474
9890.0	39701.36550493
9890.5	40198.94346528
9891.0	40443.50572794
9891.5	40558.06499206
9892.0	40623.32027357
9892.5	40667.58582859
9893.0	40705.30512644
9893.5	40735.74720515
9894.0	40754.84335042
9894.5	40764.03452143
9895.0	40767.89044475
9895.5	40767.21281104
9896.0	40763.51307732
9896.5	40758.81738765
9897.0	40752.31947047
9897.5	40745.12365059
9898.0	40737.87381921
9898.5	40731.0375264
9899.0	40724.2679473
9899.5	40717.34786777
9900.0	40710.87126348
9900.5	40703.75054037
9901.0	40697.02178941
9901.5	40690.54864441
9902.0	40684.74186495
9902.5	40680.13644512
9903.0	40674.63996199
9903.5	40667.93641561
9904.0	40660.43501015
9904.5	40653.89489899
9905.0	40648.58762508
9905.5	40644.01124718
9906.0	40638.46877885
9906.5	40632.01582013
9907.0	40624.83119727
9907.5	40618.27527096
9908.0	40611.5954166
9908.5	40604.22816022
9909.0	40596.0778324
9909.5	40588.60843163
9910.0	40579.76571733
9910.5	40571.86878815
9911.0	40564.61482386
9911.5	40557.60683806
9912.0	40552.13650415
9912.5	40546.88760839
9913.0	40540.97963422
9913.5	40533.89149149
9914.0	40526.39222506
9914.5	40519.77262585
9915.0	40513.32011712
9915.5	40507.04049024
9916.0	40502.42228205
9916.5	40498.80434729
9917.0	40494.80344373
9917.5	40490.32409314
9918.0	40485.07651222
9918.5	40478.55065072
9919.0	40472.39021508
9919.5	40467.31787368
9920.0	40464.22904293
9920.5	40461.91976243
9921.0	40459.35603663
9921.5	40455.70121328
9922.0	40450.18274607
9922.5	40443.51368038
9923.0	40436.01055149
9923.5	40427.88364574
9924.0	40420.50318302
9924.5	40413.96629251
9925.0	40407.65171795
9925.5	40401.5409643
9926.0	40396.74857863
9926.5	40391.36829027
9927.0	40386.70577408
9927.5	40382.4548167
9928.0	40378.45824309
9928.5	40375.40177697
9929.0	40373.40568005
9929.5	40369.59635116
9930.0	40366.0314655
9930.5	40362.06758171
9931.0	40358.63377666
9931.5	40355.81996132
9932.0	40352.11074862
9932.5	40347.33605651
9933.0	40342.68234155
9933.5	40338.29824842
9934.0	40334.73654461
9934.5	40331.44205678
9935.0	40327.88792601
9935.5	40324.26965044
9936.0	40319.23201594
9936.5	40313.39507789
9937.0	40308.22190025
9937.5	40303.68955918
9938.0	40299.30775048
9938.5	40295.19456338
9939.0	40289.99712121
9939.5	40284.62696433
9940.0	40279.37569369
9940.5	40273.90589681
9941.0	40270.32188665
9941.5	40266.58929655
9942.0	40263.42378926
9942.5	40259.4395538
9943.0	40255.87447048
9943.5	40253.44645509
9944.0	40249.48603459
9944.5	40243.39025622
9945.0	40236.42656929
9945.5	40230.19076093
9946.0	40224.893085
9946.5	40219.85630146
9947.0	40217.67373493
9947.5	40215.9764048
9948.0	40212.68481195
9948.5	40207.56655131
9949.0	40200.33135581
9949.5	40191.86426722
9950.0	40183.7600762
9950.5	40178.91851369
9951.0	40176.82732012
9951.5	40174.57533836
9952.0	40171.71419873
9952.5	40168.37818575
9953.0	40164.55659461
9953.5	40161.56336839
9954.0	40158.84929958
9954.5	40155.63029027
9955.0	40151.94451482
9955.5	40146.16581258
9956.0	40140.76441971
9956.5	40134.79863313
9957.0	40131.9187521
9957.5	40129.40909767
9958.0	40127.14072427
9958.5	40122.75124878
9959.0	40117.99448187
9959.5	40113.49378256
9960.0	40110.08752922
9960.5	40107.44844673
9961.0	40103.06520514
9961.5	40097.86038686
9962.0	40092.36001655
9962.5	40087.05007765
9963.0	40082.12399623
9963.5	40076.55291085
9964.0	40069.43802627
9964.5	40064.44316878
9965.0	40059.76189845
9965.5	40056.13223042
9966.0	40051.8898792
9966.5	40047.45006277
9967.0	40041.86585377
9967.5	40035.3276408
9968.0	40029.26240389
9968.5	40023.7543244
9969.0	40018.55423726
9969.5	40014.35079285
9970.0	40010.5516376