8100.0	16288.9158712
8100.5	16292.37757862
8101.0	16294.49407908
8101.5	16295.49844896
8102.0	16298.16735438
8102.5	16299.24082065
8103.0	16301.71376774
8103.5	16303.67541147
8104.0	16304.33915498
8104.5	16305.36324303
8105.0	16307.76971333
8105.5	16308.32775685
8106.0	16310.4593555
8106.5	16311.87747706
8107.0	16312.16811018
8107.5	16312.74640746
8108.0	16312.32603147
8108.5	16311.88316724
8109.0	16312.14271711
8109.5	16313.97183309
8110.0	16316.45335632
8110.5	16318.35838664
8111.0	16318.82724391
8111.5	16320.05871271
8112.0	16320.64571809
8112.5	16320.94996904
8113.0	16321.60745051
8113.5	16322.95243888
8114.0	16324.71674563
8114.5	16326.07405976
8115.0	16327.03315092
8115.5	16328.49905285
8116.0	16329.64786691
8116.5	16332.05883741
8117.0	16333.90397919
8117.5	16335.97792086
8118.0	16338.10880018
8118.5	16341.05683169
8119.0	16341.96796636
8119.5	16342.79707508
8120.0	16344.61360705
8120.5	16345.05914463
8121.0	16347.83962403
8121.5	16350.41178049
8122.0	16351.86384121
8122.5	16353.27857922
8123.0	16354.94042479
8123.5	16356.69378784
8124.0	16358.34027134
8124.5	16361.0516747
8125.0	16362.41247918
8125.5	16365.273923
8126.0	16366.977477
8126.5	16368.21114814
8127.0	16369.80850653
8127.5	16370.90813296
8128.0	16371.44162265
8128.5	16371.94154179
8129.0	16371.55258769
8129.5	16372.72288091
8130.0	16374.44312281
8130.5	16377.55141608
8131.0	16380.16729625
8131.5	16382.9363958
8132.0	16384.82039432
8132.5	16386.44877904
8133.0	16388.05173711
8133.5	16388.98822447
8134.0	16389.94425763
8134.5	16391.42134278
8135.0	16392.00238995
8135.5	16393.2123539
8136.0	16394.93178329
8136.5	16395.95522542
8137.0	16397.06283236
8137.5	16398.16065728
8138.0	16399.83379698
8138.5	16401.11673148
8139.0	16404.66265642
8139.5	16406.75530679
8140.0	16409.0988822
8140.5	16410.73174222
8141.0	16413.48771488
8141.5	16414.12211271
8142.0	16416.54719109
8142.5	16416.89038298
8143.0	16418.52227464
8143.5	16419.36380006
8144.0	16420.91156988
8144.5	16422.99563268
8145.0	16423.93242155
8145.5	16425.06163942
8146.0	16425.27541478
8146.5	16425.71391546
8147.0	16425.7980767
8147.5	16426.68255457
8148.0	16425.97519053
8148.5	16427.72469323
8149.0	16428.44251055
8149.5	16431.01392663
8150.0	16432.76695104
8150.5	16435.45917689
8151.0	16439.37625157
8151.5	16441.46000479
8152.0	16444.08138129
8152.5	16444.82728413
8153.0	16445.20025683
8153.5	16445.36736588
8154.0	16445.92789634
8154.5	16446.92857753
8155.0	16447.23764401
8155.5	16448.96387994
8156.0	16449.35464197
8156.5	16451.11187037
8157.0	16452.32587238
8157.5	16454.03243288
8158.0	16455.05326169
8158.5	16456.5921264
8159.0	16458.54191801
8159.5	16461.75438864
8160.0	16465.52405879
8160.5	16469.46716146
8161.0	16473.73986722
8161.5	16477.89217838
8162.0	16481.97818589
8162.5	16484.10367736
8163.0	16485.60616072
8163.5	16487.45797619
8164.0	16487.48277563
8164.5	16489.05017421
8165.0	16488.4561106
8165.5	16488.72029634
8166.0	16487.8509856
8166.5	16487.78008704
8167.0	16490.43882479
8167.5	16492.59625316
8168.0	16496.46101059
8168.5	16497.81218602
8169.0	16500.02871223
8169.5	16502.78184956
8170.0	16503.9067349
8170.5	16505.8345281
8171.0	16508.0534236
8171.5	16510.37550777
8172.0	16513.09282706
8172.5	16514.28234835
8173.0	16515.66552956
8173.5	16516.54247976
8174.0	16517.44460109
8174.5	16518.78453321
8175.0	16520.09764517
8175.5	16521.55465497
8176.0	16523.34769854
8176.5	16524.38851371
8177.0	16525.91181304
8177.5	16527.54057249
8178.0	16527.75449186
8178.5	16528.04731522
8179.0	16528.48011812
8179.5	16529.20263744
8180.0	16530.3389779
8180.5	16531.10747402
8181.0	16530.75371316
8181.5	16532.63251844
8182.0	16534.07097835
8182.5	16536.3156269
8183.0	16539.35766325
8183.5	16542.40178209
8184.0	16546.29099786
8184.5	16549.05271919
8185.0	16552.80158261
8185.5	16554.03763536
8186.0	16556.34169551
8186.5	16557.71003493
8187.0	16557.87981263
8187.5	16557.95435852
8188.0	16561.068276
8188.5	16561.35449165
8189.0	16565.19047234
8189.5	16566.67960546
8190.0	16567.54664701
8190.5	16570.01599801
8191.0	16570.41416841
8191.5	16572.26262138
8192.0	16575.13582725
8192.5	16576.6837736
8193.0	16577.82596606
8193.5	16577.66545642
8194.0	16577.08226637
8194.5	16578.3156938
8195.0	16580.16661103
8195.5	16581.52196805
8196.0	16583.60378636
8196.5	16583.56093844
8197.0	16584.27840293
8197.5	16584.54286947
8198.0	16585.23475457
8198.5	16587.37650118
8199.0	16588.52056546
8199.5	16590.57299341
8200.0	16592.35997143
8200.5	16594.97778532
8201.0	16597.6367047
8201.5	16600.87500593
8202.0	16603.51027591
8202.5	16604.74938478
8203.0	16606.0112786
8203.5	16606.15396386
8204.0	16607.97799428
8204.5	16608.21570907
8205.0	16608.12760708
8205.5	16608.9714983
8206.0	16609.71863944
8206.5	16610.59553469
8207.0	16612.42899307
8207.5	16612.96422984
8208.0	16614.08469514
8208.5	16616.02825025
8209.0	16618.02255631
8209.5	16620.32985266
8210.0	16622.13068247
8210.5	16623.43747209
8211.0	16624.30615977
8211.5	16625.53553615
8212.0	16626.79289736
8212.5	16629.58500761
8213.0	16631.09955045
8213.5	16633.43117795
8214.0	16634.24689776
8214.5	16635.67183218
8215.0	16637.46622584
8215.5	16639.97275506
8216.0	16640.79007312
8216.5	16643.25311619
8217.0	16644.66269671
8217.5	16646.02569515
8218.0	16648.30610632
8218.5	16650.15900966
8219.0	16652.05475924
8219.5	16655.53415312
8220.0	16658.03867311
8220.5	16661.48668676
8221.0	16663.55726007
8221.5	16665.70075138
8222.0	16666.76390746
8222.5	16665.63037251
8223.0	16666.11229055
8223.5	16667.19987913
8224.0	16670.63614689
8224.5	16675.19211747
8225.0	16676.72786648
8225.5	16678.61383372
8226.0	16680.20711519
8226.5	16680.94519662
8227.0	16682.69897285
8227.5	16682.83051377
8228.0	16684.94176953
8228.5	16687.4586129
8229.0	16688.09060075
8229.5	16687.71375849
8230.0	16688.36605048
8230.5	16688.44675565
8231.0	16689.34426963
8231.5	16690.94208926
8232.0	16692.33699333
8232.5	16693.41825653
8233.0	16694.84683599
8233.5	16695.46020936
8234.0	16697.26506552
8234.5	16699.34179213
8235.0	16701.48595181
8235.5	16704.56317418
8236.0	16706.25505984
8236.5	16708.18900676
8237.0	16710.69323676
8237.5	16711.92936722
8238.0	16712.19115186
8238.5	16715.31473635
8239.0	16716.17564134
8239.5	16717.34059704
8240.0	16719.1092176
8240.5	16719.86209928
8241.0	16720.47543566
8241.5	16722.81168779
8242.0	16725.65179449
8242.5	16727.56988624
8243.0	16729.58196576
8243.5	16730.09477486
8244.0	16729.63303658
8244.5	16730.63588944
8245.0	16731.74183685
8245.5	16734.84398467
8246.0	16736.81302981
8246.5	16738.21013638
8247.0	16739.8022558
8247.5	16741.0279296
8248.0	16742.42693075
8248.5	16743.55308345
8249.0	16744.35428221
8249.5	16746.23754049
8250.0	16746.892533
8250.5	16747.50897845
8251.0	16748.85281186
8251.5	16748.21495196
8252.0	16747.83711574
8252.5	16749.62527171
8253.0	16750.00434544
8253.5	16750.70133796
8254.0	16753.85454805
8254.5	16754.76116002
8255.0	16755.93043993
8255.5	16758.42500435
8256.0	16759.19759715
8256.5	16761.08493214
8257.0	16762.61169786
8257.5	16764.84590457
8258.0	16766.50403874
8258.5	16768.37888542
8259.0	16769.22676983
8259.5	16769.89460576
8260.0	16770.68172849
8260.5	16771.35123326
8261.0	16773.05460081
8261.5	16775.429799
8262.0	16778.29741306
8262.5	16782.31239424
8263.0	16785.38049429
8263.5	16787.61752902
8264.0	16788.9249049
8264.5	16790.24682865
8265.0	16791.75235316
8265.5	16792.63892179
8266.0	16793.9812724
8266.5	16794.78961686
8267.0	16795.87566285
8267.5	16798.48401606
8268.0	16800.7634316
8268.5	16800.69832735
8269.0	16800.76779638
8269.5	16802.63237305
8270.0	16803.9931552
8270.5	16804.88452279
8271.0	16805.7264475
8271.5	16806.02735549
8272.0	16807.04374083
8272.5	16809.2250703
8273.0	16810.6059978
8273.5	16813.58538376
8274.0	16816.43064996
8274.5	16818.4447212
8275.0	16819.66781647
8275.5	16820.5357825
8276.0	16821.72065292
8276.5	16822.25857253
8277.0	16823.80864199
8277.5	16824.2052983
8278.0	16824.54790814
8278.5	16826.10024499
8279.0	16828.28136903
8279.5	16828.08552109
8280.0	16828.36603747
8280.5	16827.08135522
8281.0	16826.01981831
8281.5	16826.19988441
8282.0	16828.03771395
8282.5	16828.98129354
8283.0	16830.62970977
8283.5	16832.08158748
8284.0	16832.36430601
8284.5	16831.29749805
8285.0	16831.66912227
8285.5	16831.81519588
8286.0	16831.75804949
8286.5	16831.68875657
8287.0	16830.64003367
8287.5	16830.94328552
8288.0	16832.66812368
8288.5	16833.85055148
8289.0	16834.56488965
8289.5	16835.46476251
8290.0	16836.99150337
8290.5	16838.45475142
8291.0	16840.44195984
8291.5	16842.3560941
8292.0	16842.11743439
8292.5	16840.99492773
8293.0	16840.66001874
8293.5	16839.21617774
8294.0	16837.97963792
8294.5	16836.31729673
8295.0	16833.79278018
8295.5	16829.53036745
8296.0	16821.4061965
8296.5	16808.21990018
8297.0	16784.53405964
8297.5	16739.35562338
8298.0	16676.4167992
8298.5	16627.52730031
8299.0	16619.02722538
8299.5	16631.30566942
8300.0	16640.69852172
8300.5	16640.8934777
8301.0	16628.98424188
8301.5	16603.54319986
8302.0	16553.15612792
8302.5	16438.18124198
8303.0	16189.01329931
8303.5	15778.28701328
8304.0	15398.05661316
8304.5	15318.27083319
8305.0	15531.59065874
8305.5	15827.39205216
8306.0	16042.80924197
8306.5	16236.48485499
8307.0	16428.75430758
8307.5	16575.97160238
8308.0	16619.73730006
8308.5	16614.53394913
8309.0	16618.03190022
8309.5	16615.72863227
8310.0	16579.1599374
8310.5	16541.32795153
8311.0	16486.01215528
8311.5	16304.76976375
8312.0	15938.34216155
8312.5	15520.10060833
8313.0	15354.26788368
8313.5	15510.79436558
8314.0	15809.05071281
8314.5	16026.4899026
8315.0	16153.41955119
8315.5	16254.49395597
8316.0	16387.21937755
8316.5	16533.88193246
8317.0	16638.71978507
8317.5	16692.51481036
8318.0	16726.11932302
8318.5	16753.83227359
8319.0	16778.93364407
8319.5	16800.49149845
8320.0	16817.95388059
8320.5	16835.39865887
8321.0	16852.68396181
8321.5	16873.2134945
8322.0	16900.79555921
8322.5	16925.01684279
8323.0	16936.43285423
8323.5	16939.67415828
8324.0	16942.68039063
8324.5	16946.69969657
8325.0	16950.09696393
8325.5	16951.99124671
8326.0	16954.21803165
8326.5	16956.76189101
8327.0	16959.29444343
8327.5	16961.41713226
8328.0	16963.43193498
8328.5	16965.47763878
8329.0	16967.03074469
8329.5	16967.57659489
8330.0	16968.49417116
8330.5	16967.14677907
8331.0	16964.47918334
8331.5	16961.58403366
8332.0	16959.17144272
8332.5	16957.1975485
8333.0	16956.45565217
8333.5	16954.93217399
8334.0	16955.24942376
8334.5	16957.19206505
8335.0	16960.86436525
8335.5	16964.16206966
8336.0	16967.16435984
8336.5	16970.15985661
8337.0	16972.76061277
8337.5	16974.3437686
8338.0	16975.51839032
8338.5	16976.2839601
8339.0	16977.10059038
8339.5	16977.24630115
8340.0	16978.57226409
8340.5	16980.9902209
8341.0	16983.01912381
8341.5	16983.12776156
8342.0	16981.97300091
8342.5	16981.27082792
8343.0	16980.54141985
8343.5	16981.05462778
8344.0	16983.60093145
8344.5	16986.57094224
8345.0	16988.97599245
8345.5	16990.27870539
8346.0	16989.74769873
8346.5	16987.91233617
8347.0	16985.47475094
8347.5	16982.6953978
8348.0	16979.91332333
8348.5	16978.40600072
8349.0	16977.80143191
8349.5	16977.63467742
8350.0	16977.3901409
8350.5	16977.95608447
8351.0	16977.33701899
8351.5	16976.6994476
8352.0	16976.55540245
8352.5	16976.69704615
8353.0	16977.852256
8353.5	16979.24859815
8354.0	16981.61562597
8354.5	16983.23062531
8355.0	16985.23666916
8355.5	16987.36045051
8356.0	16988.43717162
8356.5	16989.86178341
8357.0	16992.05522811
8357.5	16993.92311982
8358.0	16995.58723896
8358.5	16997.15515147
8359.0	16999.18946174
8359.5	17000.47399173
8360.0	17002.02309495
8360.5	17003.94579368
8361.0	17007.27878393
8361.5	17010.23538777
8362.0	17012.50132064
8362.5	17013.79900367
8363.0	17015.99833247
8363.5	17018.62071904
8364.0	17020.60431182
8364.5	17022.76126671
8365.0	17025.31347884
8365.5	17028.33443295
8366.0	17031.43056815
8366.5	17034.28073285
8367.0	17037.69670478
8367.5	17039.55723985
8368.0	17041.06818365
8368.5	17043.245583
8369.0	17044.95753427
8369.5	17045.87185644
8370.0	17047.01731449
8370.5	17047.89105617
8371.0	17048.95017949
8371.5	17050.05545449
8372.0	17050.90279262
8372.5	17052.08573578
8373.0	17052.65844801
8373.5	17053.1072798
8374.0	17054.32857565
8374.5	17056.02255452
8375.0	17056.53373083
8375.5	17058.50993011
8376.0	17059.75985195
8376.5	17060.98026662
8377.0	17062.75660075
8377.5	17063.65502531
8378.0	17065.68922995
8378.5	17066.62495435
8379.0	17067.66465602
8379.5	17069.26154276
8380.0	17071.21176702
8380.5	17073.84649862
8381.0	17075.40141024
8381.5	17076.785416
8382.0	17078.67845107
8382.5	17080.25743201
8383.0	17081.46844006
8383.5	17081.25671415
8384.0	17082.28165594
8384.5	17082.53120366
8385.0	17083.80607022
8385.5	17084.49559784
8386.0	17085.83325479
8386.5	17087.73569021
8387.0	17088.87743815
8387.5	17088.61408983
8388.0	17088.83874563
8388.5	17089.13362158
8389.0	17089.60376179
8389.5	17090.50063625
8390.0	17091.93548815
8390.5	17092.64338967
8391.0	17094.41188455
8391.5	17095.41956604
8392.0	17097.34058858
8392.5	17098.19987891
8393.0	17099.30696513
8393.5	17100.20946262
8394.0	17101.25426749
8394.5	17102.80792008
8395.0	17104.23046221
8395.5	17104.61409189
8396.0	17104.3865544
8396.5	17104.08291467
8397.0	17104.46469985
8397.5	17105.32547796
8398.0	17106.95133209
8398.5	17108.42586778
8399.0	17109.15714887
8399.5	17109.91206627
8400.0	17109.65480445
8400.5	17109.98229923
8401.0	17110.56743497
8401.5	17111.81287585
8402.0	17113.59863915
8402.5	17115.75660507
8403.0	17117.96966198
8403.5	17119.37981388
8404.0	17121.09092625
8404.5	17122.55260195
8405.0	17123.96306223
8405.5	17124.871307
8406.0	17127.72808271
8406.5	17130.05791089
8407.0	17132.67786143
8407.5	17134.18763756
8408.0	17136.03004188
8408.5	17137.44932695
8409.0	17137.61142981
8409.5	17138.8254515
8410.0	17140.42488537
8410.5	17140.97763254
8411.0	17142.38442849
8411.5	17144.10301071
8412.0	17146.02867038
8412.5	17147.70030923
8413.0	17149.9705224
8413.5	17151.21054664
8414.0	17152.91361215
8414.5	17154.68528657
8415.0	17156.75511757
8415.5	17159.63404978
8416.0	17163.43248113
8416.5	17165.97566207
8417.0	17167.53227332
8417.5	17169.44607128
8418.0	17169.93637306
8418.5	17171.73002364
8419.0	17172.8347714
8419.5	17174.07934416
8420.0	17174.8537052
8420.5	17174.90585698
8421.0	17175.00611705
8421.5	17174.58675419
8422.0	17174.19090112
8422.5	17173.18884959
8423.0	17172.28813783
8423.5	17172.63179412
8424.0	17173.66152477
8424.5	17175.45065452
8425.0	17177.03635658
8425.5	17177.68576099
8426.0	17178.31358512
8426.5	17179.10806498
8427.0	17178.13982636
8427.5	17179.03521195
8428.0	17181.15800082
8428.5	17184.58728372
8429.0	17185.55156333
8429.5	17187.70529747
8430.0	17190.67773897
8430.5	17192.99944512
8431.0	17194.00292706
8431.5	17194.38593854
8432.0	17195.17637589
8432.5	17196.35129207
8433.0	17198.07252818
8433.5	17199.81442013
8434.0	17200.30255212
8434.5	17201.0121108
8435.0	17202.05975021
8435.5	17202.87777408
8436.0	17203.45275923
8436.5	17206.59020654
8437.0	17209.03971145
8437.5	17211.13117991
8438.0	17213.66205979
8438.5	17216.09504858
8439.0	17218.44891341
8439.5	17219.37440271
8440.0	17219.85124709
8440.5	17220.56597669
8441.0	17222.34523209
8441.5	17224.2770798
8442.0	17226.09758537
8442.5	17228.18298222
8443.0	17229.05916074
8443.5	17228.64163805
8444.0	17227.4302084
8444.5	17227.30163259
8445.0	17226.91997279
8445.5	17227.72105437
8446.0	17229.39592693
8446.5	17232.4271572
8447.0	17234.86734858
8447.5	17237.01048023
8448.0	17238.84008557
8448.5	17239.85043751
8449.0	17242.96255389
8449.5	17245.24593425
8450.0	17245.924177
8450.5	17247.16763534
8451.0	17248.08849251
8451.5	17249.99976514
8452.0	17250.66380689
8452.5	17251.30781328
8453.0	17252.91173204
8453.5	17255.01353077
8454.0	17256.30855305
8454.5	17256.6952505
8455.0	17258.24047949
8455.5	17260.20405978
8456.0	17260.14176732
8456.5	17260.75536469
8457.0	17262.14089236
8457.5	17264.21853205
8458.0	17265.55835444
8458.5	17266.41382111
8459.0	17268.43503628
8459.5	17270.5892252
8460.0	17272.54147946
8460.5	17273.23996849
8461.0	17274.8145099
8461.5	17276.00470923
8462.0	17276.57981095
8462.5	17276.92108278
8463.0	17277.77115844
8463.5	17279.84999986
8464.0	17281.56883633
8464.5	17282.76084479
8465.0	17283.59222774
8465.5	17284.30451537
8466.0	17286.61576616
8466.5	17286.80453099
8467.0	17287.03952542
8467.5	17287.78196083
8468.0	17289.11572153
8468.5	17289.93147975
8469.0	17289.83737243
8469.5	17289.31625268
8470.0	17290.22941571
8470.5	17291.00718595
8471.0	17292.96598469
8471.5	17294.11811924
8472.0	17295.92841033
8472.5	17297.3948072
8473.0	17298.5845368
8473.5	17299.93148131
8474.0	17300.18983462
8474.5	17300.20248719
8475.0	17300.7147121
8475.5	17301.33510484
8476.0	17302.24387881
8476.5	17304.16473524
8477.0	17305.86334675
8477.5	17308.90507034
8478.0	17312.71668975
8478.5	17315.45633665
8479.0	17320.15183249
8479.5	17322.90837183
8480.0	17324.75544792
8480.5	17327.10822808
8481.0	17329.33133171
8481.5	17330.34992632
8482.0	17330.75318566
8482.5	17330.67313422
8483.0	17330.76826389
8483.5	17329.20343219
8484.0	17328.11101189
8484.5	17327.85343258
8485.0	17329.66000571
8485.5	17331.76573204
8486.0	17333.0140226
8486.5	17334.4394673
8487.0	17334.81995605
8487.5	17335.63311384
8488.0	17336.91453976
8488.5	17339.22013742
8489.0	17342.34015648
8489.5	17346.29421341
8490.0	17348.64178068
8490.5	17350.7601871
8491.0	17351.3162321
8491.5	17350.3728607
8492.0	17350.9267383
8492.5	17350.29017243
8493.0	17351.6611448
8493.5	17352.10732227
8494.0	17353.16810129
8494.5	17354.58531845
8495.0	17356.22070541
8495.5	17355.44499824
8496.0	17354.67800965
8496.5	17354.75188893
8497.0	17355.66773528
8497.5	17356.76707941
8498.0	17358.03221051
8498.5	17360.00005915
8499.0	17362.22810174
8499.5	17364.97621902
8500.0	17368.21498892
8500.5	17370.45328913
8501.0	17372.38666377
8501.5	17374.37060117
8502.0	17374.13412584
8502.5	17373.16420911
8503.0	17373.50120059
8503.5	17375.63248681
8504.0	17378.24285649
8504.5	17380.26758636
8505.0	17381.76854588
8505.5	17382.92119537
8506.0	17385.21410311
8506.5	17386.77722039
8507.0	17386.72473564
8507.5	17386.59297627
8508.0	17389.23389211
8508.5	17391.0312671
8509.0	17393.0299663
8509.5	17394.88837372
8510.0	17395.71174864
8510.5	17396.88223935
8511.0	17395.16981186
8511.5	17390.73127946
8512.0	17380.30451879
8512.5	17363.16157942
8513.0	17342.56326861
8513.5	17324.87597272
8514.0	17313.62196669
8514.5	17305.73404301
8515.0	17299.72221089
8515.5	17296.68081086
8516.0	17295.59296638
8516.5	17294.89246056
8517.0	17297.67622914
8517.5	17297.62143693
8518.0	17296.9973356
8518.5	17297.20471001
8519.0	17298.57058669
8519.5	17300.34973654
8520.0	17302.17889607
8520.5	17305.16448657
8521.0	17311.08016316
8521.5	17314.50030929
8522.0	17315.0389333
8522.5	17317.08663098
8523.0	17320.09096629
8523.5	17318.86056549
8524.0	17317.08035172
8524.5	17317.19446437
8525.0	17321.83203146
8525.5	17328.30506484
8526.0	17335.69784701
8526.5	17340.68401207
8527.0	17342.79723557
8527.5	17343.48544034
8528.0	17342.33396007
8528.5	17339.83858507
8529.0	17338.83918145
8529.5	17339.0377243
8530.0	17341.71252195
8530.5	17341.48076864
8531.0	17339.42884642
8531.5	17337.98733006
8532.0	17339.40280344
8532.5	17342.852829
8533.0	17347.86267949
8533.5	17352.76947679
8534.0	17355.93662113
8534.5	17357.79216241
8535.0	17356.5490039
8535.5	17352.56362527
8536.0	17350.5287097
8536.5	17350.31259179
8537.0	17353.33205252
8537.5	17358.27829089
8538.0	17363.33642807
8538.5	17365.04433785
8539.0	17364.04428835
8539.5	17362.66560858
8540.0	17361.43600981
8540.5	17362.25420908
8541.0	17364.95194791
8541.5	17370.55416446
8542.0	17376.25672157
8542.5	17378.15812878
8543.0	17376.71472247
8543.5	17374.0090211
8544.0	17372.22052277
8544.5	17373.53321459
8545.0	17378.01085297
8545.5	17383.19065889
8546.0	17384.28790652
8546.5	17382.81631406
8547.0	17381.58674146
8547.5	17385.6861077
8548.0	17392.97032683
8548.5	17397.75911361
8549.0	17396.23032288
8549.5	17392.74183454
8550.0	17390.74284018
8550.5	17392.17273724
8551.0	17395.0225858
8551.5	17398.2968775
8552.0	17399.75716088
8552.5	17400.28175144
8553.0	17401.2513024
8553.5	17402.72722469
8554.0	17402.13298182
8554.5	17402.71600298
8555.0	17406.03815372
8555.5	17409.28958215
8556.0	17411.35633388
8556.5	17412.13361553
8557.0	17410.97382592
8557.5	17406.66908268
8558.0	17404.89843207
8558.5	17408.25936814
8559.0	17412.35132811
8559.5	17414.68511445
8560.0	17415.32158547
8560.5	17417.46959365
8561.0	17418.96284533
8561.5	17421.5933288
8562.0	17423.05075014
8562.5	17424.15899364
8563.0	17426.636274
8563.5	17429.7182975
8564.0	17430.15713105
8564.5	17429.54598789
8565.0	17428.38620614
8565.5	17426.73734525
8566.0	17426.36179861
8566.5	17429.84630359
8567.0	17433.8566636
8567.5	17436.88027608
8568.0	17440.14247329
8568.5	17444.29165014
8569.0	17448.80829815
8569.5	17455.02070164
8570.0	17461.06410743
8570.5	17465.31580043
8571.0	17466.35194797
8571.5	17463.44589245
8572.0	17461.08066629
8572.5	17461.61145589
8573.0	17464.90072983
8573.5	17468.20256006
8574.0	17469.58020356
8574.5	17470.2827655
8575.0	17473.05107792
8575.5	17477.02950099
8576.0	17479.70336524
8576.5	17481.29143165
8577.0	17483.66601749
8577.5	17485.24533805
8578.0	17485.30493687
8578.5	17486.07794616
8579.0	17489.04498687
8579.5	17492.60216376
8580.0	17495.11847637
8580.5	17495.08991854
8581.0	17493.76152645
8581.5	17492.14643844
8582.0	17492.66497478
8582.5	17491.97289611
8583.0	17490.68963909
8583.5	17490.82034056
8584.0	17491.27100784
8584.5	17489.94789437
8585.0	17489.11232084
8585.5	17487.75359118
8586.0	17486.70490481
8586.5	17486.40215537
8587.0	17491.61111133
8587.5	17499.85212604
8588.0	17504.3017872
8588.5	17506.16216609
8589.0	17506.19577042
8589.5	17504.34524737
8590.0	17499.97880383
8590.5	17497.44429792
8591.0	17499.00416657
8591.5	17502.13516782
8592.0	17505.4043315
8592.5	17506.63829158
8593.0	17506.53328067
8593.5	17506.12063259
8594.0	17505.74780616
8594.5	17505.51767504
8595.0	17503.73613505
8595.5	17502.50553126
8596.0	17502.71807578
8596.5	17505.61314025
8597.0	17510.72996661
8597.5	17514.71448203
8598.0	17517.99130747
8598.5	17520.12395565
8599.0	17517.9934635
8599.5	17516.2355298
8600.0	17516.09901895
8600.5	17518.99066356
8601.0	17524.10711484
8601.5	17529.46791146
8602.0	17533.76837634
8602.5	17537.21250226
8603.0	17537.13304577
8603.5	17536.11851922
8604.0	17537.77194398
8604.5	17541.57821485
8605.0	17543.7581809
8605.5	17543.53334716
8606.0	17543.79280814
8606.5	17544.18393895
8607.0	17545.67697068
8607.5	17549.00308983
8608.0	17552.31134638
8608.5	17554.96709203
8609.0	17556.61326003
8609.5	17557.23675835
8610.0	17557.06109821
8610.5	17556.77436385
8611.0	17555.90755265
8611.5	17557.00509954
8612.0	17559.09756518
8612.5	17560.52263952
8613.0	17561.07578646
8613.5	17561.49361122
8614.0	17561.94589363
8614.5	17563.65844128
8615.0	17564.28240753
8615.5	17563.52776757
8616.0	17562.37712148
8616.5	17562.49552866
8617.0	17563.50266391
8617.5	17563.61044895
8618.0	17560.8597193
8618.5	17557.06784937
8619.0	17551.11514423
8619.5	17536.82551124
8620.0	17493.82999843
8620.5	17394.32036058
8621.0	17251.12862675
8621.5	17153.1717952
8622.0	17147.30916177
8622.5	17148.35081519
8623.0	17151.15085281
8623.5	17250.29605499
8624.0	17395.56373933
8624.5	17504.56668611
8625.0	17555.18535495
8625.5	17573.95814296
8626.0	17581.57341274
8626.5	17586.3156167
8627.0	17587.87023906
8627.5	17590.28040461
8628.0	17594.45549612
8628.5	17597.4532302
8629.0	17599.9951097
8629.5	17602.08084694
8630.0	17603.21904681
8630.5	17603.98227774
8631.0	17602.71907881
8631.5	17602.54706709
8632.0	17603.82791646
8632.5	17606.3194982
8633.0	17608.8347404
8633.5	17613.17223455
8634.0	17617.06954624
8634.5	17620.45322726
8635.0	17621.24533507
8635.5	17621.7600595
8636.0	17620.67006032
8636.5	17619.19387606
8637.0	17619.25775002
8637.5	17619.45650428
8638.0	17618.12068043
8638.5	17617.58139172
8639.0	17619.34994209
8639.5	17620.67042021
8640.0	17622.14260176
8640.5	17622.98284632
8641.0	17624.3948395
8641.5	17625.46507223
8642.0	17624.48034731
8642.5	17623.66327287
8643.0	17622.80625668
8643.5	17623.83347106
8644.0	17626.48478417
8644.5	17630.06533229
8645.0	17633.28139048
8645.5	17635.81431413
8646.0	17639.06603244
8646.5	17641.86266195
8647.0	17644.82421426
8647.5	17645.23851937
8648.0	17648.20942981
8648.5	17652.08513099
8649.0	17655.58544823
8649.5	17658.30587985
8650.0	17658.35676407
8650.5	17658.472371
8651.0	17657.7263755
8651.5	17657.1995424
8652.0	17657.01944138
8652.5	17659.10138306
8653.0	17663.42319711
8653.5	17667.37056781
8654.0	17668.97517965
8654.5	17668.05467662
8655.0	17668.16931669
8655.5	17669.57312281
8656.0	17672.11206599
8656.5	17672.44184871
8657.0	17671.0547297
8657.5	17669.92564174
8658.0	17669.0696373
8658.5	17670.30050267
8659.0	17672.07631496
8659.5	17674.30461086
8660.0	17676.32985278
8660.5	17678.01681232
8661.0	17679.49915653
8661.5	17680.25533923
8662.0	17678.88246927
8662.5	17676.66808637
8663.0	17675.25761079
8663.5	17674.31149731
8664.0	17675.82268606
8664.5	17678.47368591
8665.0	17679.59267091
8665.5	17680.65532648
8666.0	17682.15176591
8666.5	17683.74175465
8667.0	17686.46736428
8667.5	17688.73032656
8668.0	17691.26539798
8668.5	17694.06474574
8669.0	17696.32269295
8669.5	17696.11663423
8670.0	17695.84833677
8670.5	17694.80570205
8671.0	17695.8246039
8671.5	17697.46132427
8672.0	17699.0902073
8672.5	17698.49389435
8673.0	17697.55348321
8673.5	17698.01689359
8674.0	17700.02705754
8674.5	17700.68805272
8675.0	17700.2920316
8675.5	17701.1313355
8676.0	17703.55832214
8676.5	17706.84242144
8677.0	17708.14056297
8677.5	17708.25270521
8678.0	17708.57804586
8678.5	17711.14437562
8679.0	17713.67387796
8679.5	17715.70479949
8680.0	17717.32298085
8680.5	17718.66381814
8681.0	17720.69827506
8681.5	17721.32172846
8682.0	17721.64307495
8682.5	17720.53651629
8683.0	17717.54785476
8683.5	17715.47998365
8684.0	17716.20068006
8684.5	17717.12949238
8685.0	17717.23483525
8685.5	17718.12336767
8686.0	17719.99496687
8686.5	17720.83723366
8687.0	17721.10315791
8687.5	17721.35233502
8688.0	17722.93444491
8688.5	17725.53772729
8689.0	17726.6845705
8689.5	17726.35221312
8690.0	17727.77301816
8690.5	17730.96681572
8691.0	17732.90445732
8691.5	17732.54894005
8692.0	17732.77793836
8692.5	17733.79286543
8693.0	17735.35769339
8693.5	17737.10976633
8694.0	17739.85836436
8694.5	17738.66126866
8695.0	17731.78654544
8695.5	17714.90877869
8696.0	17694.22556597
8696.5	17684.98797443
8697.0	17688.31247259
8697.5	17697.35012393
8698.0	17703.21506462
8698.5	17708.7752156
8699.0	17716.67902234
8699.5	17725.33273068
8700.0	17734.54375814
8700.5	17741.06313759
8701.0	17744.83245454
8701.5	17746.88822499
8702.0	17748.3392936
8702.5	17747.02789001
8703.0	17739.54048665
8703.5	17724.2753705
8704.0	17706.20058565
8704.5	17698.09114251
8705.0	17703.46084936
8705.5	17715.38528922
8706.0	17724.9300422
8706.5	17730.30222678
8707.0	17735.35142884
8707.5	17741.15092442
8708.0	17749.0992423
8708.5	17755.26911597
8709.0	17757.65108002
8709.5	17759.86357489
8710.0	17762.79268867
8710.5	17764.89726392
8711.0	17765.50388893
8711.5	17764.89138511
8712.0	17765.17639458
8712.5	17767.15341011
8713.0	17769.85688896
8713.5	17771.58073853
8714.0	17773.11943126
8714.5	17774.45496991
8715.0	17775.19495842
8715.5	17775.46462674
8716.0	17778.31124149
8716.5	17781.96370621
8717.0	17784.77999234
8717.5	17786.75337308
8718.0	17786.70645124
8718.5	17787.09600135
8719.0	17785.43460328
8719.5	17786.27199021
8720.0	17786.42392531
8720.5	17786.87244859
8721.0	17788.76601548
8721.5	17790.26513318
8722.0	17791.94113156
8722.5	17792.41739983
8723.0	17793.86225145
8723.5	17796.53651216
8724.0	17799.51238652
8724.5	17802.31418806
8725.0	17803.91665391
8725.5	17804.07311232
8726.0	17805.93132711
8726.5	17805.62093137
8727.0	17804.15188115
8727.5	17802.68824015
8728.0	17802.84665231
8728.5	17803.3088396
8729.0	17804.63509859
8729.5	17805.18102533
8730.0	17807.89551444
8730.5	17810.88773221
8731.0	17815.19376947
8731.5	17817.87892167
8732.0	17818.59131386
8732.5	17819.20144419
8733.0	17820.21624988
8733.5	17821.03695618
8734.0	17821.31895989
8734.5	17822.50886703
8735.0	17824.7994891
8735.5	17826.77338237
8736.0	17829.43189196
8736.5	17830.94771049
8737.0	17831.60269156
8737.5	17831.64361782
8738.0	17831.63446106
8738.5	17830.77448749
8739.0	17829.81333401
8739.5	17828.71749532
8740.0	17829.04073106
8740.5	17829.49504851
8741.0	17830.15878591
8741.5	17830.46151784
8742.0	17831.29246645
8742.5	17833.57063136
8743.0	17834.9959986
8743.5	17837.26266297
8744.0	17838.49582683
8744.5	17836.9525132
8745.0	17834.89439068
8745.5	17834.43467279
8746.0	17834.47173579
8746.5	17834.64188007
8747.0	17834.35113206
8747.5	17835.24059106
8748.0	17837.42785412
8748.5	17838.31377985
8749.0	17837.45830436
8749.5	17836.93529649
8750.0	17836.42925414
8750.5	17838.19958909
8751.0	17842.63018984
8751.5	17845.24828973
8752.0	17846.89885139
8752.5	17847.69656872
8753.0	17849.37336111
8753.5	17850.41615116
8754.0	17850.54723921
8754.5	17849.83314171
8755.0	17848.18805847
8755.5	17847.82500362
8756.0	17848.74730632
8756.5	17850.32471249
8757.0	17851.64067524
8757.5	17851.69151187
8758.0	17853.7670852
8758.5	17858.01853924
8759.0	17862.19128743
8759.5	17865.23598238
8760.0	17868.22414685
8760.5	17869.45615565
8761.0	17870.73030003
8761.5	17870.47169149
8762.0	17871.2177921
8762.5	17871.63499611
8763.0	17871.86326784
8763.5	17872.84187099
8764.0	17873.05170418
8764.5	17872.54409156
8765.0	17873.70908836
8765.5	17874.81421001
8766.0	17877.15042296
8766.5	17878.79956215
8767.0	17879.98805406
8767.5	17880.05861331
8768.0	17881.35155948
8768.5	17883.60063466
8769.0	17886.43011607
8769.5	17887.09062033
8770.0	17886.05819946
8770.5	17885.76021155
8771.0	17885.61035975
8771.5	17886.50853447
8772.0	17888.44296605
8772.5	17889.25473471
8773.0	17890.9417972
8773.5	17890.96936247
8774.0	17890.57413667
8774.5	17890.76319355
8775.0	17890.57638917
8775.5	17889.92967264
8776.0	17889.6575553
8776.5	17888.6669564
8777.0	17888.65041763
8777.5	17889.45224459
8778.0	17890.76053005
8778.5	17892.65067849
8779.0	17893.75895294
8779.5	17895.91504422
8780.0	17896.9706501
8780.5	17897.48917977
8781.0	17897.48234407
8781.5	17896.64792178
8782.0	17896.57988557
8782.5	17896.75564285
8783.0	17898.2002289
8783.5	17900.14450432
8784.0	17900.7069919
8784.5	17899.18718789
8785.0	17895.80284436
8785.5	17893.06434946
8786.0	17892.61364256
8786.5	17894.35311017
8787.0	17896.43978022
8787.5	17898.4753078
8788.0	17900.42551322
8788.5	17901.21697513
8789.0	17903.60564721
8789.5	17905.26322111
8790.0	17907.16442241
8790.5	17907.87798877
8791.0	17908.96136054
8791.5	17908.81733894
8792.0	17909.79824447
8792.5	17910.13214143
8793.0	17911.46833825
8793.5	17912.41280568
8794.0	17912.10353233
8794.5	17910.9062697
8795.0	17911.29464312
8795.5	17912.35137291
8796.0	17912.67435806
8796.5	17911.86260914
8797.0	17910.84481665
8797.5	17910.61567689
8798.0	17910.83223905
8798.5	17911.08237682
8799.0	17911.74051879
8799.5	17912.65488648
8800.0	17912.59914203
8800.5	17913.91793835
8801.0	17915.76796044
8801.5	17917.66213215
8802.0	17919.09775585
8802.5	17918.5806871
8803.0	17919.99179468
8803.5	17920.50249238
8804.0	17921.62236995
8804.5	17922.71606131
8805.0	17923.41719295
8805.5	17923.93022877
8806.0	17924.3937127
8806.5	17924.7933929
8807.0	17925.22566708
8807.5	17926.78133985
8808.0	17928.91775985
8808.5	17930.62202725
8809.0	17930.61933514
8809.5	17930.80972592
8810.0	17930.59902551
8810.5	17929.3953997
8811.0	17929.13201065
8811.5	17930.42335173
8812.0	17931.60526458
8812.5	17932.79349132
8813.0	17933.89357165
8813.5	17935.78100804
8814.0	17938.30562452
8814.5	17939.73499345
8815.0	17940.88309889
8815.5	17940.5560923
8816.0	17941.62081612
8816.5	17943.57588733
8817.0	17944.65194018
8817.5	17944.37503611
8818.0	17943.41284964
8818.5	17942.05316419
8819.0	17940.62258639
8819.5	17939.16069322
8820.0	17936.69839278
8820.5	17935.07190905
8821.0	17933.91580343
8821.5	17932.42259784
8822.0	17931.8925313
8822.5	17931.9656015
8823.0	17930.82303022
8823.5	17927.62285442
8824.0	17924.51146285
8824.5	17921.20300065
8825.0	17917.57512616
8825.5	17911.9936956
8826.0	17902.61303118
8826.5	17889.5812777
8827.0	17870.67752017
8827.5	17835.77034688
8828.0	17767.84226985
8828.5	17622.15510949
8829.0	17379.47290438
8829.5	17120.90559098
8830.0	17026.57661001
8830.5	17146.95496081
8831.0	17286.84065495
8831.5	17279.72920996
8832.0	17153.47475238
8832.5	17094.57013464
8833.0	17255.95122798
8833.5	17518.36086913
8834.0	17739.17171417
8834.5	17868.87738982
8835.0	17932.85289372
8835.5	17957.87271869
8836.0	17966.9176494
8836.5	17972.19454194
8837.0	17975.45399267
8837.5	17977.16518728
8838.0	17978.95386256
8838.5	17980.0031906
8839.0	17979.21837607
8839.5	17980.68938964
8840.0	17981.77096649
8840.5	17982.8693146
8841.0	17983.68922362
8841.5	17983.59478925
8842.0	17983.59507329
8842.5	17984.88391225
8843.0	17986.27933429
8843.5	17985.78766305
8844.0	17985.27797651
8844.5	17985.62530734
8845.0	17986.86826372
8845.5	17987.89330423
8846.0	17988.54184075
8846.5	17990.19955253
8847.0	17993.29098207
8847.5	17994.76201996
8848.0	17995.50694827
8848.5	17994.9407639
8849.0	17994.08555344
8849.5	17993.71072182
8850.0	17993.74696018
8850.5	17994.07739379
8851.0	17993.58811198
8851.5	17995.29575535
8852.0	17997.19332352
8852.5	17999.13723217
8853.0	17999.61076941
8853.5	17999.91734422
8854.0	17999.36740292
8854.5	17999.14032537
8855.0	17998.23990876
8855.5	17997.44798965
8856.0	17998.92879817
8856.5	18000.57274925
8857.0	18002.45015767
8857.5	18003.88173071
8858.0	18004.77562543
8858.5	18008.24259806
8859.0	18011.62628564
8859.5	18015.84956341
8860.0	18018.60373356
8860.5	18020.28829046
8861.0	18020.55671972
8861.5	18020.10084117
8862.0	18020.42110487
8862.5	18019.78070663
8863.0	18020.37382799
8863.5	18020.60425549
8864.0	18020.33949093
8864.5	18019.93528397
8865.0	18020.02409839
8865.5	18019.57256779
8866.0	18018.51854943
8866.5	18018.63248051
8867.0	18019.71837858
8867.5	18020.87825394
8868.0	18023.86092435
8868.5	18025.11155688
8869.0	18024.60096514
8869.5	18025.27369936
8870.0	18026.58880622
8870.5	18029.50740749
8871.0	18030.96733833
8871.5	18032.65487214
8872.0	18034.17133546
8872.5	18035.82057351
8873.0	18036.33024998
8873.5	18036.81230196
8874.0	18036.87685097
8874.5	18037.60525144
8875.0	18036.81939264
8875.5	18036.51088752
8876.0	18036.0645522
8876.5	18037.28049993
8877.0	18038.16396721
8877.5	18039.44119612
8878.0	18041.10586867
8878.5	18042.580207
8879.0	18043.08209842
8879.5	18043.27168226
8880.0	18043.69343838
8880.5	18044.99263422
8881.0	18045.06945675
8881.5	18043.89458906
8882.0	18043.74208146
8882.5	18044.1122088
8883.0	18046.24678248
8883.5	18047.70214513
8884.0	18048.88874761
8884.5	18050.96505991
8885.0	18053.08648031
8885.5	18053.33956538
8886.0	18053.10029273
8886.5	18053.17023229
8887.0	18053.69267493
8887.5	18055.74615055
8888.0	18056.42752584
8888.5	18057.04755694
8889.0	18057.94643292
8889.5	18057.63379465
8890.0	18057.46442359
8890.5	18058.39551079
8891.0	18058.55579315
8891.5	18058.3040818
8892.0	18059.14959882
8892.5	18059.86356677
8893.0	18060.70200023
8893.5	18061.16267616
8894.0	18060.47183001
8894.5	18060.50883235
8895.0	18061.53853692
8895.5	18062.74478605
8896.0	18064.43317514
8896.5	18065.72453025
8897.0	18066.2239251
8897.5	18066.10962695
8898.0	18065.29390007
8898.5	18065.74747646
8899.0	18066.75956154
8899.5	18067.73013845
8900.0	18068.84491009
8900.5	18070.56034136
8901.0	18071.69134388
8901.5	18071.99792919
8902.0	18072.31198258
8902.5	18070.22593551
8903.0	18069.14119848
8903.5	18068.91391604
8904.0	18070.23477846
8904.5	18071.22220265
8905.0	18071.90287421
8905.5	18072.26526566
8906.0	18073.44224992
8906.5	18074.26759144
8907.0	18074.41836317
8907.5	18074.75670169
8908.0	18076.05369435
8908.5	18077.69384263
8909.0	18079.47919909
8909.5	18080.65674413
8910.0	18081.6217198
8910.5	18081.54805031
8911.0	18081.4077113
8911.5	18082.0258592
8912.0	18081.7922435
8912.5	18082.40430448
8913.0	18082.48303798
8913.5	18082.71517857
8914.0	18082.21019126
8914.5	18082.04502844
8915.0	18081.16856498
8915.5	18082.14046086
8916.0	18083.34661051
8916.5	18085.62325272
8917.0	18087.36834829
8917.5	18087.23865827
8918.0	18088.03253105
8918.5	18088.8937363
8919.0	18089.62601019
8919.5	18089.38725267
8920.0	18090.53936016
8920.5	18091.31435282
8921.0	18092.0849578
8921.5	18092.99219443
8922.0	18092.12956112
8922.5	18092.20326684
8923.0	18093.8957888
8923.5	18094.90942624
8924.0	18096.03588114
8924.5	18096.59337702
8925.0	18095.51166099
8925.5	18094.65054384
8926.0	18094.40861275
8926.5	18094.08183637
8927.0	18094.82275403
8927.5	18095.51903374
8928.0	18097.03382477
8928.5	18098.45852771
8929.0	18100.36566802
8929.5	18101.77788093
8930.0	18101.93422934
8930.5	18102.46464109
8931.0	18102.71831505
8931.5	18103.60873787
8932.0	18105.07115365
8932.5	18104.55868246
8933.0	18104.00386028
8933.5	18098.67921005
8934.0	18083.45396688
8934.5	18050.87219538
8935.0	18006.79554546
8935.5	17964.81980644
8936.0	17942.5908742
8936.5	17937.67341198
8937.0	17946.63302988
8937.5	17974.2114845
8938.0	18017.88517765
8938.5	18056.94912882
8939.0	18078.68411536
8939.5	18088.98655743
8940.0	18092.8439017
8940.5	18096.47504709
8941.0	18098.95173567
8941.5	18102.31079427
8942.0	18105.26196346
8942.5	18108.64276857
8943.0	18111.19027995
8943.5	18112.06622295
8944.0	18113.26044304
8944.5	18114.14202987
8945.0	18114.3584227
8945.5	18115.25575003
8946.0	18115.92036279
8946.5	18116.24181054
8947.0	18117.23945554
8947.5	18117.10057046
8948.0	18117.50782442
8948.5	18118.03354659
8949.0	18119.0670508
8949.5	18120.27944405
8950.0	18120.22234146
8950.5	18119.07795288
8951.0	18118.99952527
8951.5	18119.67203405
8952.0	18121.74568951
8952.5	18122.72931819
8953.0	18122.64027815
8953.5	18121.73925071
8954.0	18121.94857334
8954.5	18121.71875997
8955.0	18122.65726882
8955.5	18121.51127801
8956.0	18120.58219753
8956.5	18121.15394409
8957.0	18120.62145769
8957.5	18121.4726018
8958.0	18121.98661048
8958.5	18122.93012419
8959.0	18123.61160744
8959.5	18125.57959816
8960.0	18126.28094975
8960.5	18125.74533661
8961.0	18125.65286694
8961.5	18127.050087
8962.0	18129.31016085
8962.5	18131.15205706
8963.0	18131.83916959
8963.5	18132.11323763
8964.0	18133.18947239
8964.5	18134.12981892
8965.0	18132.87304863
8965.5	18131.80279812
8966.0	18130.15347332
8966.5	18130.31857655
8967.0	18130.30252301
8967.5	18130.34389829
8968.0	18129.96007073
8968.5	18131.47194672
8969.0	18134.32397965
8969.5	18138.05849113
8970.0	18141.17228002
8970.5	18142.80910318
8971.0	18143.64635118
8971.5	18144.14188208
8972.0	18143.76435056
8972.5	18143.62868234
8973.0	18143.1071915
8973.5	18142.34851614
8974.0	18141.79514952
8974.5	18141.58339111
8975.0	18142.37635006
8975.5	18142.51077636
8976.0	18142.88139516
8976.5	18141.88790524
8977.0	18142.10633178
8977.5	18143.79134723
8978.0	18145.29440503
8978.5	18145.36232956
8979.0	18145.34194346
8979.5	18143.26744894
8980.0	18142.53669548
8980.5	18142.07385922
8981.0	18142.11775097
8981.5	18142.57898044
8982.0	18143.41086853
8982.5	18143.07967455
8983.0	18144.37607812
8983.5	18145.73296431
8984.0	18146.83044591
8984.5	18146.87570132
8985.0	18147.26768939
8985.5	18147.52067152
8986.0	18147.80267656
8986.5	18147.83705872
8987.0	18147.96368182
8987.5	18147.74381698
8988.0	18147.85740087
8988.5	18147.35020526
8989.0	18146.46152105
8989.5	18145.17714653
8990.0	18144.30733201
8990.5	18145.06631789
8991.0	18145.17391086
8991.5	18143.90195405
8992.0	18143.28517373
8992.5	18143.07327437
8993.0	18143.82691855
8993.5	18145.11694389
8994.0	18146.33798086
8994.5	18147.73501597
8995.0	18148.81922465
8995.5	18148.31843917
8996.0	18149.07422627
8996.5	18149.22429688
8997.0	18148.68846731
8997.5	18149.21644127
8998.0	18149.74412281
8998.5	18150.46917269
8999.0	18150.72021802
8999.5	18150.64223801
9000.0	18151.46773295
9000.5	18152.42791021
9001.0	18154.90075359
9001.5	18156.36238645
9002.0	18157.5847836
9002.5	18158.25769163
9003.0	18158.75569547
9003.5	18159.25470168
9004.0	18160.19022994
9004.5	18160.90720824
9005.0	18161.95815567
9005.5	18163.32093122
9006.0	18164.68710429
9006.5	18164.36477604
9007.0	18163.33913086
9007.5	18162.34740939
9008.0	18161.56991607
9008.5	18161.00481019
9009.0	18160.47291318
9009.5	18159.39087382
9010.0	18159.14124603
9010.5	18159.31740631
9011.0	18160.12395582
9011.5	18160.84983752
9012.0	18161.20378598
9012.5	18162.36399103
9013.0	18163.18520984
9013.5	18164.4272185
9014.0	18165.10934804
9014.5	18165.24088407
9015.0	18165.6791526
9015.5	18166.05110906
9016.0	18166.23982449
9016.5	18167.63244257
9017.0	18169.0254592
9017.5	18170.40028537
9018.0	18170.73908913
9018.5	18170.12433934
9019.0	18170.04663015
9019.5	18170.33769687
9020.0	18172.11162159
9020.5	18173.29849389
9021.0	18174.66848046
9021.5	18174.69929645
9022.0	18175.0738313
9022.5	18174.69339286
9023.0	18173.96762092
9023.5	18173.28323907
9024.0	18173.37991832
9024.5	18173.61529847
9025.0	18176.29963155
9025.5	18178.15222857
9026.0	18179.78332734
9026.5	18180.6422635
9027.0	18180.10918273
9027.5	18179.24860466
9028.0	18179.21220704
9028.5	18180.00105443
9029.0	18180.00603011
9029.5	18179.50977239
9030.0	18179.41899279
9030.5	18179.84730025
9031.0	18179.60766091
9031.5	18179.43816595
9032.0	18179.37432512
9032.5	18180.27592862
9033.0	18180.57857851
9033.5	18182.43752318
9034.0	18183.06552357
9034.5	18184.60567131
9035.0	18184.54276505
9035.5	18183.98111016
9036.0	18183.54206958
9036.5	18182.15957511
9037.0	18180.36639682
9037.5	18179.79182138
9038.0	18178.78206086
9038.5	18178.54739267
9039.0	18178.26430033
9039.5	18178.74950152
9040.0	18178.04351843
9040.5	18178.13813608
9041.0	18178.49814776
9041.5	18179.8346618
9042.0	18181.8909519
9042.5	18183.33648334
9043.0	18184.88217413
9043.5	18185.78817083
9044.0	18186.72629254
9044.5	18186.82582925
9045.0	18187.62930864
9045.5	18188.03323931
9046.0	18188.01168911
9046.5	18186.89769556
9047.0	18185.96698725
9047.5	18183.75396433
9048.0	18183.50729333
9048.5	18183.92748692
9049.0	18184.77298675
9049.5	18186.27616498
9050.0	18187.3876263
9050.5	18188.99767298
9051.0	18189.83955242
9051.5	18190.04986856
9052.0	18189.76305704
9052.5	18189.75936918
9053.0	18189.65587756
9053.5	18189.91816042
9054.0	18190.10745992
9054.5	18189.37254417
9055.0	18187.93202051
9055.5	18187.20207079
9056.0	18188.15274874
9056.5	18188.39721544
9057.0	18188.69045782
9057.5	18189.00729587
9058.0	18187.69919571
9058.5	18186.74712833
9059.0	18185.3581328
9059.5	18184.1000879
9060.0	18183.11736833
9060.5	18182.04441503
9061.0	18181.34867482
9061.5	18181.24115402
9062.0	18181.76048337
9062.5	18183.04019334
9063.0	18183.6556634
9063.5	18183.75305668
9064.0	18184.2958214
9064.5	18185.10471367
9065.0	18185.88701874
9065.5	18186.29732236
9066.0	18186.85607563
9066.5	18188.04605673
9067.0	18187.75412008
9067.5	18188.86264722
9068.0	18189.26584003
9068.5	18190.21025564
9069.0	18192.08861321
9069.5	18194.04313038
9070.0	18195.2770391
9070.5	18195.75260792
9071.0	18195.01721512
9071.5	18195.52145056
9072.0	18196.31791598
9072.5	18197.32662173
9073.0	18197.90014636
9073.5	18197.85082808
9074.0	18196.7331446
9074.5	18196.147796
9075.0	18196.54911464
9075.5	18196.81451846
9076.0	18195.8894378
9076.5	18195.56988032
9077.0	18196.74875363
9077.5	18197.05736291
9078.0	18197.15734425
9078.5	18196.7615227
9079.0	18195.8708813
9079.5	18194.17841964
9080.0	18193.0967316
9080.5	18192.83173206
9081.0	18192.87195323
9081.5	18191.87728057
9082.0	18185.59843927
9082.5	18171.32391992
9083.0	18147.450505
9083.5	18120.12575932
9084.0	18096.69917689
9084.5	18083.39794174
9085.0	18078.3788712
9085.5	18078.25357627
9086.0	18079.12010273
9086.5	18077.79954568
9087.0	18067.42293548
9087.5	18038.78266297
9088.0	17989.43698443
9088.5	17937.80385599
9089.0	17911.24456095
9089.5	17885.39448138
9090.0	17811.34707491
9090.5	17704.96936228
9091.0	17657.43381479
9091.5	17740.3425586
9092.0	17876.29170163
9092.5	17974.14649328
9093.0	17998.09490619
9093.5	17940.65207639
9094.0	17822.35871846
9094.5	17715.30934584
9095.0	17708.89105465
9095.5	17774.87130257
9096.0	17856.43752197
9096.5	17936.03396447
9097.0	18008.7449094
9097.5	18053.32351223
9098.0	18060.25784333
9098.5	18055.66280048
9099.0	18058.33890166
9099.5	18074.41818853
9100.0	18096.02907516
9100.5	18112.12940339
9101.0	18123.72829635
9101.5	18133.8604314
9102.0	18142.02600277
9102.5	18149.96074112
9103.0	18156.39560037
9103.5	18163.82868137
9104.0	18171.80516204
9104.5	18180.86484603
9105.0	18190.91953794
9105.5	18200.24821377
9106.0	18207.13965785
9106.5	18212.34207805
9107.0	18216.10509668
9107.5	18218.86635522
9108.0	18219.17742358
9108.5	18220.10570534
9109.0	18220.82364451
9109.5	18221.00985459
9110.0	18220.86520741
9110.5	18221.66129344
9111.0	18223.27183495
9111.5	18224.69431605
9112.0	18227.61504985
9112.5	18228.42298957
9113.0	18230.51667101
9113.5	18231.60548379
9114.0	18233.28751389
9114.5	18235.194455
9115.0	18236.43240335
9115.5	18237.90808708
9116.0	18238.15975757
9116.5	18237.32039794
9117.0	18236.3083176
9117.5	18235.38660133
9118.0	18234.37622012
9118.5	18233.87675043
9119.0	18232.86330498
9119.5	18232.20328301
9120.0	18232.94017509
9120.5	18233.39062158
9121.0	18234.49370415
9121.5	18234.23326021
9122.0	18235.48262237
9122.5	18236.18186099
9123.0	18236.69449168
9123.5	18236.62942698
9124.0	18236.81562932
9124.5	18236.52523678
9125.0	18237.49015432
9125.5	18238.50461156
9126.0	18239.47643333
9126.5	18240.26268115
9127.0	18239.64518567
9127.5	18239.89375065
9128.0	18238.53289954
9128.5	18238.13769215
9129.0	18238.24807254
9129.5	18237.98374002
9130.0	18239.07387751
9130.5	18238.48457048
9131.0	18238.77893893
9131.5	18239.02276713
9132.0	18239.68534939
9132.5	18239.72174673
9133.0	18239.52332498
9133.5	18238.44297194
9134.0	18236.42196663
9134.5	18235.23280822
9135.0	18233.97719274
9135.5	18233.09207784
9136.0	18232.62355708
9136.5	18231.58756512
9137.0	18230.68369999
9137.5	18230.53640541
9138.0	18230.09062948
9138.5	18229.58507259
9139.0	18231.0565575
9139.5	18232.75374758
9140.0	18235.3631287
9140.5	18237.37093114
9141.0	18238.12489752
9141.5	18239.1199395
9142.0	18239.37152126
9142.5	18240.20163947
9143.0	18240.65522813
9143.5	18240.79911792
9144.0	18241.00701229
9144.5	18239.87640036
9145.0	18240.35413471
9145.5	18240.55129741
9146.0	18239.7804037
9146.5	18239.74924879
9147.0	18239.58833507
9147.5	18239.11376432
9148.0	18237.5644781
9148.5	18234.84208249
9149.0	18232.59063894
9149.5	18232.94577646
9150.0	18233.92795922
9150.5	18234.44220162
9151.0	18234.23013483
9151.5	18233.36957325
9152.0	18234.25053054
9152.5	18234.25635188
9153.0	18233.72134284
9153.5	18233.37497388
9154.0	18233.59576671
9154.5	18232.92933274
9155.0	18233.69690597
9155.5	18234.47224165
9156.0	18235.06187902
9156.5	18235.6388734
9157.0	18236.91553143
9157.5	18237.36285481
9158.0	18237.92709772
9158.5	18238.87228563
9159.0	18239.42182952
9159.5	18239.5497308
9160.0	18239.52590853
9160.5	18241.20273727
9161.0	18240.96975678
9161.5	18242.53622381
9162.0	18244.28245966
9162.5	18244.96949828
9163.0	18244.93350786
9163.5	18244.78892965
9164.0	18244.20476458
9164.5	18243.54094579
9165.0	18244.67425209
9165.5	18245.85436095
9166.0	18247.88035259
9166.5	18248.62339551
9167.0	18249.86733909
9167.5	18250.06979542
9168.0	18250.00067885
9168.5	18249.66245825
9169.0	18249.13954759
9169.5	18248.88297894
9170.0	18247.85259869
9170.5	18246.24431483
9171.0	18244.9329086
9171.5	18243.2881006
9172.0	18242.57887657
9172.5	18242.59779569
9173.0	18242.4603313
9173.5	18241.69085024
9174.0	18241.39004775
9174.5	18239.84767565
9175.0	18238.33339662
9175.5	18236.78829134
9176.0	18236.13583348
9176.5	18236.22131183
9177.0	18235.63058796
9177.5	18234.8025602
9178.0	18235.2529603
9178.5	18234.4468878
9179.0	18234.63905496
9179.5	18233.89493292
9180.0	18232.81511623
9180.5	18231.60406141
9181.0	18231.08641286
9181.5	18230.80582797
9182.0	18230.93916566
9182.5	18230.26049651
9183.0	18230.94762899
9183.5	18231.96833466
9184.0	18233.40884743
9184.5	18233.98664794
9185.0	18233.46374139
9185.5	18232.56898582
9186.0	18231.80537813
9186.5	18230.21107853
9187.0	18229.09721585
9187.5	18228.04421502
9188.0	18228.62394204
9188.5	18228.45713897
9189.0	18229.70509486
9189.5	18230.09223345
9190.0	18231.1924805
9190.5	18230.65805971
9191.0	18230.61324465
9191.5	18230.05357379
9192.0	18229.28981554
9192.5	18228.3479844
9193.0	18227.23346609
9193.5	18226.72714832
9194.0	18227.33050544
9194.5	18227.4465023
9195.0	18226.61678846
9195.5	18225.65944385
9196.0	18225.95077456
9196.5	18226.812507
9197.0	18228.01537204
9197.5	18228.21043039
9198.0	18227.84315734
9198.5	18227.50987405
9199.0	18227.31028995
9199.5	18225.82045502
9200.0	18225.21538304
9200.5	18225.12767159
9201.0	18225.59681595
9201.5	18224.81985067
9202.0	18225.03138182
9202.5	18224.33844544
9203.0	18225.70277167
9203.5	18226.0171366
9204.0	18225.96378436
9204.5	18225.32500555
9205.0	18224.65387933
9205.5	18223.49727386
9206.0	18224.86368153
9206.5	18226.5689197
9207.0	18226.94725247
9207.5	18226.74693636
9208.0	18227.64318953
9208.5	18228.25481357
9209.0	18229.1583702
9209.5	18229.50663178
9210.0	18230.07685181
9210.5	18229.35560833
9211.0	18229.69231892
9211.5	18228.79173122
9212.0	18227.55266677
9212.5	18226.74706322
9213.0	18227.31159621
9213.5	18228.45969454
9214.0	18229.11556955
9214.5	18229.54637898
9215.0	18229.42576325
9215.5	18229.69529257
9216.0	18229.47161873
9216.5	18228.98742514
9217.0	18228.36824365
9217.5	18228.2101338
9218.0	18228.65196406
9218.5	18228.68484291
9219.0	18228.37469965
9219.5	18229.47975252
9220.0	18230.26842177
9220.5	18230.73229563
9221.0	18230.3069369
9221.5	18229.67455212
9222.0	18229.51837282
9222.5	18228.22607384
9223.0	18226.86001206
9223.5	18228.15688029
9224.0	18229.10397891
9224.5	18229.97589533
9225.0	18228.84696842
9225.5	18228.80508651
9226.0	18228.51411281
9226.5	18227.15191264
9227.0	18227.09352467
9227.5	18226.55276368
9228.0	18224.65909679
9228.5	18222.93643644
9229.0	18222.42952024
9229.5	18222.43302899
9230.0	18222.61114301
9230.5	18222.32453044
9231.0	18220.86898374
9231.5	18219.0836661
9232.0	18218.94130456
9232.5	18218.44586138
9233.0	18219.64279957
9233.5	18219.8480733
9234.0	18219.28849095
9234.5	18219.08054839
9235.0	18219.04435666
9235.5	18220.04080052
9236.0	18219.64991776
9236.5	18219.19574989
9237.0	18218.51652612
9237.5	18218.02036813
9238.0	18218.46185622
9238.5	18218.63260466
9239.0	18218.45168312
9239.5	18217.46905994
9240.0	18216.60701838
9240.5	18215.95902268
9241.0	18215.26480393
9241.5	18214.17616142
9242.0	18212.39029569
9242.5	18211.3427821
9243.0	18209.04066002
9243.5	18208.75049767
9244.0	18206.72662879
9244.5	18204.12110513
9245.0	18198.20371457
9245.5	18186.92588567
9246.0	18161.71805444
9246.5	18105.8457489
9247.0	17999.19415354
9247.5	17878.53520631
9248.0	17816.38893567
9248.5	17877.70117838
9249.0	17979.33716855
9249.5	18050.46739959
9250.0	18090.24766796
9250.5	18097.66538663
9251.0	18035.77805289
9251.5	17923.01561278
9252.0	17833.32990295
9252.5	17854.90923124
9253.0	17958.78460018
9253.5	18057.51939201
9254.0	18113.9799715
9254.5	18159.70972593
9255.0	18195.13523067
9255.5	18211.3968293
9256.0	18216.21562507
9256.5	18217.31738811
9257.0	18218.72542509
9257.5	18219.96823563
9258.0	18220.77469122
9258.5	18222.07200671
9259.0	18223.34397006
9259.5	18223.57586328
9260.0	18223.70152227
9260.5	18224.12958069
9261.0	18224.40228456
9261.5	18224.08039126
9262.0	18223.63890733
9262.5	18222.49666262
9263.0	18220.74962897
9263.5	18218.28876711
9264.0	18216.55476072
9264.5	18215.8764701
9265.0	18216.22084426
9265.5	18216.91252455
9266.0	18217.35713915
9266.5	18217.19566087
9267.0	18218.04430122
9267.5	18216.9802149
9268.0	18216.78359141
9268.5	18216.08434094
9269.0	18216.81364912
9269.5	18217.35108457
9270.0	18218.74473411
9270.5	18219.70836437
9271.0	18219.7662237
9271.5	18219.8447368
9272.0	18218.40588146
9272.5	18216.6528849
9273.0	18214.21931575
9273.5	18213.04905172
9274.0	18213.07774422
9274.5	18214.83791174
9275.0	18216.46884552
9275.5	18217.55811811
9276.0	18218.84654545
9276.5	18217.40548733
9277.0	18216.7521599
9277.5	18215.87669264
9278.0	18215.50350909
9278.5	18215.74125682
9279.0	18216.77867248
9279.5	18217.22384777
9280.0	18217.82103064
9280.5	18216.55578282
9281.0	18214.12489258
9281.5	18213.46480747
9282.0	18213.73035872
9282.5	18214.03645809
9283.0	18214.63155024
9283.5	18214.9277415
9284.0	18214.35552401
9284.5	18213.57604254
9285.0	18212.9747574
9285.5	18212.84261524
9286.0	18213.79718864
9286.5	18212.22989772
9287.0	18211.58421762
9287.5	18210.6943723
9288.0	18209.04218503
9288.5	18207.08241176
9289.0	18206.82382775
9289.5	18206.70991954
9290.0	18206.14830892
9290.5	18207.1156624
9291.0	18207.10997334
9291.5	18207.50172632
9292.0	18208.29204154
9292.5	18208.98611566
9293.0	18209.33855741
9293.5	18208.77610597
9294.0	18206.83953861
9294.5	18205.32020836
9295.0	18204.97650129
9295.5	18204.97246392
9296.0	18205.62217419
9296.5	18206.66452445
9297.0	18207.65130265
9297.5	18208.99770276
9298.0	18208.75321031
9298.5	18207.86462813
9299.0	18207.12842735
9299.5	18206.87376156
9300.0	18206.02739317
9300.5	18205.23256345
9301.0	18203.17636015
9301.5	18200.75278918
9302.0	18199.76377722
9302.5	18198.56592182
9303.0	18197.77734147
9303.5	18197.6210396
9304.0	18198.49926021
9304.5	18199.57023849
9305.0	18199.18715068
9305.5	18198.32625226
9306.0	18198.01322383
9306.5	18195.94181447
9307.0	18195.65193039
9307.5	18194.073745
9308.0	18192.67033011
9308.5	18191.60712026
9309.0	18192.34958091
9309.5	18192.55186574
9310.0	18191.75587142
9310.5	18190.87220147
9311.0	18191.51046225
9311.5	18190.62663776
9312.0	18189.18595564
9312.5	18188.09335169
9313.0	18187.85330431
9313.5	18187.56864724
9314.0	18188.11034976
9314.5	18189.18350385
9315.0	18191.44881236
9315.5	18193.97676105
9316.0	18194.83628
9316.5	18193.15307964
9317.0	18191.41806652
9317.5	18189.98198685
9318.0	18188.07957839
9318.5	18185.79841181
9319.0	18184.89055942
9319.5	18183.27960581
9320.0	18182.51146475
9320.5	18182.50608524
9321.0	18182.91219195
9321.5	18183.31309918
9322.0	18183.66063093
9322.5	18185.07653408
9323.0	18185.01126855
9323.5	18185.27223034
9324.0	18185.53042593
9324.5	18186.8259109
9325.0	18187.04396339
9325.5	18187.30836966
9326.0	18186.15037448
9326.5	18185.82528493
9327.0	18185.44148329
9327.5	18185.77015289
9328.0	18184.53659506
9328.5	18182.79749249
9329.0	18182.04441117
9329.5	18180.47323042
9330.0	18178.30949542
9330.5	18177.16519604
9331.0	18177.09280055
9331.5	18177.75927847
9332.0	18179.37358507
9332.5	18180.25804161
9333.0	18180.85166469
9333.5	18181.638842
9334.0	18183.01937747
9334.5	18183.72601389
9335.0	18184.42082105
9335.5	18184.38116906
9336.0	18183.42594927
9336.5	18182.18475514
9337.0	18180.38535851
9337.5	18179.37795475
9338.0	18177.45432506
9338.5	18175.94165999
9339.0	18174.63954009
9339.5	18173.57680593
9340.0	18173.28373957
9340.5	18174.19760233
9341.0	18174.31530438
9341.5	18173.30172485
9342.0	18173.55919109
9342.5	18172.68232644
9343.0	18171.83569727
9343.5	18171.39712415
9344.0	18171.78833417
9344.5	18171.90198261
9345.0	18171.75372158
9345.5	18171.22253677
9346.0	18170.17347067
9346.5	18166.64789741
9347.0	18160.28541394
9347.5	18154.40867886
9348.0	18150.88865542
9348.5	18152.59593133
9349.0	18155.57333838
9349.5	18158.02067359
9350.0	18158.37971797
9350.5	18158.87847135
9351.0	18159.21268418
9351.5	18159.95999135
9352.0	18160.16373292
9352.5	18160.11267296
9353.0	18161.05760031
9353.5	18164.29351363
9354.0	18168.06514254
9354.5	18170.63202433
9355.0	18170.22554159
9355.5	18168.54641775
9356.0	18167.12675592
9356.5	18165.43735092
9357.0	18163.22108547
9357.5	18160.51464613
9358.0	18155.91265234
9358.5	18150.56219162
9359.0	18145.82892718
9359.5	18145.75164298
9360.0	18148.53790839
9360.5	18150.01346047
9361.0	18150.81137922
9361.5	18151.59656364
9362.0	18153.23840846
9362.5	18154.776608
9363.0	18154.43983712
9363.5	18154.62754918
9364.0	18154.9375012
9364.5	18156.90255295
9365.0	18159.04615601
9365.5	18160.83463953
9366.0	18161.82072881
9366.5	18162.74755693
9367.0	18162.25501044
9367.5	18162.89705468
9368.0	18163.05729905
9368.5	18162.16294556
9369.0	18161.48238126
9369.5	18161.19253234
9370.0	18160.16442126
9370.5	18159.29111147
9371.0	18158.15660551
9371.5	18156.40427616
9372.0	18155.30882605
9372.5	18153.24887294
9373.0	18151.60623636
9373.5	18151.26053062
9374.0	18152.38969187
9374.5	18151.67874102
9375.0	18151.79543709
9375.5	18152.3828003
9376.0	18153.98297909
9376.5	18154.89542527
9377.0	18154.57453425
9377.5	18153.94799716
9378.0	18152.67051948
9378.5	18151.90144413
9379.0	18150.6216045
9379.5	18150.51809893
9380.0	18151.17282045
9380.5	18151.88826928
9381.0	18151.74635731
9381.5	18151.32050855
9382.0	18151.0757553
9382.5	18151.99865884
9383.0	18151.81704126
9383.5	18151.04650888
9384.0	18151.56896979
9384.5	18152.03875129
9385.0	18151.7036095
9385.5	18150.40910763
9386.0	18148.04280275
9386.5	18147.05765115
9387.0	18145.75479445
9387.5	18144.64931115
9388.0	18143.85419409
9388.5	18142.85155626
9389.0	18141.37486299
9389.5	18139.26441182
9390.0	18137.54565225
9390.5	18136.66001018
9391.0	18136.78091091
9391.5	18135.61741012
9392.0	18135.28949166
9392.5	18135.52367116
9393.0	18135.36093269
9393.5	18135.34360407
9394.0	18134.40337023
9394.5	18134.04717434
9395.0	18133.57804558
9395.5	18133.38729237
9396.0	18134.21818122
9396.5	18134.73369902
9397.0	18135.10204441
9397.5	18133.42836149
9398.0	18132.3852276
9398.5	18131.9892155
9399.0	18131.48665075
9399.5	18132.19900546
9400.0	18134.12594833
9400.5	18135.6552716
9401.0	18136.71963946
9401.5	18136.11870032
9402.0	18136.30852678
9402.5	18136.4500553
9403.0	18136.60690085
9403.5	18136.79758147
9404.0	18136.42468843
9404.5	18136.01755669
9405.0	18134.64425949
9405.5	18133.29391754
9406.0	18133.56450653
9406.5	18134.44983057
9407.0	18134.2060199
9407.5	18135.05262861
9408.0	18134.93364512
9408.5	18134.65961733
9409.0	18134.30638106
9409.5	18134.52747161
9410.0	18135.28140788
9410.5	18133.77140489
9411.0	18132.9054967
9411.5	18133.34552914
9412.0	18133.5870789
9412.5	18133.48328932
9413.0	18132.96984918
9413.5	18133.04607589
9414.0	18131.278308
9414.5	18129.76915602
9415.0	18128.74219557
9415.5	18128.39388213
9416.0	18126.00049991
9416.5	18125.26571136
9417.0	18124.39717266
9417.5	18123.97096822
9418.0	18122.11913577
9418.5	18120.13482583
9419.0	18120.01711902
9419.5	18118.22745569
9420.0	18116.51901864
9420.5	18114.6869783
9421.0	18113.38758859
9421.5	18113.53786744
9422.0	18113.59168749
9422.5	18112.62945548
9423.0	18112.34774418
9423.5	18113.80088058
9424.0	18113.4574015
9424.5	18113.23999944
9425.0	18112.32998957
9425.5	18111.57032344
9426.0	18109.5016613
9426.5	18107.35077267
9427.0	18107.11540096
9427.5	18107.05590405
9428.0	18106.61340758
9428.5	18106.63428381
9429.0	18106.36779232
9429.5	18106.58116474
9430.0	18105.39235138
9430.5	18104.63020653
9431.0	18104.75978347
9431.5	18104.46082961
9432.0	18103.96413438
9432.5	18103.70948718
9433.0	18103.00846593
9433.5	18101.61998452
9434.0	18100.55734606
9434.5	18100.17330368
9435.0	18100.59685847
9435.5	18100.5781133
9436.0	18099.81247628
9436.5	18098.50979626
9437.0	18098.45207768
9437.5	18098.33509277
9438.0	18097.3241892
9438.5	18097.69383957
9439.0	18097.05407929
9439.5	18095.66648884
9440.0	18095.51760624
9440.5	18095.30281729
9441.0	18094.86635167
9441.5	18093.41038819
9442.0	18092.78762782
9442.5	18090.60767395
9443.0	18090.4447762
9443.5	18090.02837438
9444.0	18088.39111497
9444.5	18087.47103715
9445.0	18087.57466345
9445.5	18088.29755942
9446.0	18088.84481059
9446.5	18087.45660368
9447.0	18085.29810153
9447.5	18083.15996409
9448.0	18082.33331598
9448.5	18081.04529931
9449.0	18080.47505469
9449.5	18080.42176317
9450.0	18079.74078389
9450.5	18079.73289802
9451.0	18079.56153903
9451.5	18078.67489092
9452.0	18077.46509104
9452.5	18077.56304783
9453.0	18076.73028898
9453.5	18076.33987872
9454.0	18074.25652451
9454.5	18072.96977069
9455.0	18070.82676476
9455.5	18068.3370522
9456.0	18067.3827108
9456.5	18066.30294001
9457.0	18066.26583244
9457.5	18067.41414883
9458.0	18068.53756172
9458.5	18070.14241472
9459.0	18071.52625112
9459.5	18073.23917711
9460.0	18073.98760423
9460.5	18073.87209964
9461.0	18073.12241399
9461.5	18072.11377039
9462.0	18072.54499335
9462.5	18072.42087225
9463.0	18072.24084162
9463.5	18073.26228668
9464.0	18072.76478028
9464.5	18071.39577913
9465.0	18069.78151486
9465.5	18068.97333229
9466.0	18067.94638891
9466.5	18067.16174027
9467.0	18066.66404611
9467.5	18067.38532404
9468.0	18067.70361796
9468.5	18065.73863876
9469.0	18063.97734797
9469.5	18061.47055793
9470.0	18060.0403206
9470.5	18059.34393079
9471.0	18058.84268137
9471.5	18059.02711015
9472.0	18057.02851007
9472.5	18055.42576839
9473.0	18055.15077226
9473.5	18055.73081792
9474.0	18055.70850494
9474.5	18055.1431889
9475.0	18053.78837252
9475.5	18053.43197118
9476.0	18053.51172626
9476.5	18053.98079356
9477.0	18053.52540428
9477.5	18053.08055398
9478.0	18053.17152315
9478.5	18052.2635923
9479.0	18049.96432073
9479.5	18047.98393201
9480.0	18045.16834073
9480.5	18040.64772816
9481.0	18031.37492004
9481.5	18013.88159444
9482.0	17995.6690709
9482.5	17984.26383012
9483.0	17985.7715097
9483.5	17996.31777695
9484.0	18004.00507829
9484.5	18008.90601818
9485.0	18014.18551915
9485.5	18019.4265994
9486.0	18024.25652856
9486.5	18027.53173281
9487.0	18026.92131623
9487.5	18018.79777679
9488.0	18005.59775928
9488.5	17986.46371192
9489.0	17973.49124221
9489.5	17970.69968608
9490.0	17979.82603064
9490.5	17989.6679912
9491.0	17996.77041906
9491.5	18003.63601189
9492.0	18009.12576391
9492.5	18015.25510105
9493.0	18019.70698829
9493.5	18021.58743549
9494.0	18021.48164873
9494.5	18020.78416091
9495.0	18019.82087946
9495.5	18019.58335619
9496.0	18018.1978919
9496.5	18016.01762699
9497.0	18013.77373836
9497.5	18012.25913741
9498.0	18009.87255853
9498.5	18009.85960997
9499.0	18008.84787623
9499.5	18007.55033902
9500.0	18005.92477497
9500.5	18004.93139446
9501.0	18003.88963752
9501.5	18004.98989614
9502.0	18006.51880316
9502.5	18005.64476953
9503.0	18005.64458182
9503.5	18006.80324636
9504.0	18006.85281546
9504.5	18005.55528428
9505.0	18004.99188635
9505.5	18002.90129727
9506.0	18003.24122921
9506.5	18003.19496378
9507.0	18002.71557588
9507.5	18003.73320296
9508.0	18003.60844204
9508.5	18001.91047937
9509.0	18000.56840373
9509.5	17997.43590031
9510.0	17995.35469494
9510.5	17992.80776609
9511.0	17991.11187596
9511.5	17991.56708034
9512.0	17992.87341314
9512.5	17993.33051803
9513.0	17994.18152621
9513.5	17994.06121044
9514.0	17993.99852031
9514.5	17994.69257383
9515.0	17995.15894128
9515.5	17996.27085152
9516.0	17995.64132366
9516.5	17995.8085649
9517.0	17996.5237031
9517.5	17996.16487628
9518.0	17996.28120521
9518.5	17995.34570269
9519.0	17994.92509152
9519.5	17994.14643586
9520.0	17992.59293784
9520.5	17992.19234198
9521.0	17991.42279106
9521.5	17991.55452099
9522.0	17990.78036258
9522.5	17988.90577391
9523.0	17988.22875503
9523.5	17987.427114
9524.0	17987.20528864
9524.5	17987.68599477
9525.0	17987.11655569
9525.5	17986.39751516
9526.0	17984.90652117
9526.5	17982.30450731
9527.0	17980.11878942
9527.5	17975.74857849
9528.0	17973.71696981
9528.5	17971.52406136
9529.0	17969.41461217
9529.5	17969.62311879
9530.0	17968.45768152
9530.5	17967.47647658
9531.0	17967.10252851
9531.5	17966.69361557
9532.0	17967.34458059
9532.5	17967.20749675
9533.0	17967.32416813
9533.5	17967.84557596
9534.0	17968.27287192
9534.5	17967.13811814
9535.0	17966.53219891
9535.5	17965.90598962
9536.0	17965.74644691
9536.5	17965.75445763
9537.0	17964.78733331
9537.5	17964.16193605
9538.0	17964.14066725
9538.5	17963.73069306
9539.0	17963.48671738
9539.5	17963.27026341
9540.0	17962.98833738
9540.5	17961.99117447
9541.0	17959.55190581
9541.5	17957.68422857
9542.0	17956.52816239
9542.5	17955.60645791
9543.0	17955.5287781
9543.5	17956.05500566
9544.0	17954.9638191
9544.5	17954.50797028
9545.0	17953.16973072
9545.5	17951.51974545
9546.0	17950.50552668
9546.5	17950.6000313
9547.0	17949.74501184
9547.5	17948.57854936
9548.0	17946.71366844
9548.5	17945.28425032
9549.0	17943.30014866
9549.5	17942.39074789
9550.0	17940.22773498
9550.5	17940.17554416
9551.0	17939.21615188
9551.5	17939.55549212
9552.0	17938.10055399
9552.5	17936.64912455
9553.0	17936.05340808
9553.5	17934.72274822
9554.0	17934.68918135
9554.5	17933.37433435
9555.0	17932.59879653
9555.5	17931.43021689
9556.0	17928.74037198
9556.5	17927.56412762
9557.0	17925.02466776
9557.5	17924.51837791
9558.0	17923.30889686
9558.5	17921.66106073
9559.0	17920.95925062
9559.5	17920.04275144
9560.0	17918.98226831
9560.5	17917.24722957
9561.0	17915.77378713
9561.5	17913.73607755
9562.0	17912.38399618
9562.5	17911.55047694
9563.0	17912.66640813
9563.5	17912.94202983
9564.0	17913.94097733
9564.5	17914.10076945
9565.0	17913.87046787
9565.5	17913.19415696
9566.0	17911.24800022
9566.5	17909.38064619
9567.0	17907.14141386
9567.5	17903.26324544
9568.0	17902.49713829
9568.5	17901.49728909
9569.0	17901.67273507
9569.5	17899.73053041
9570.0	17898.52210925
9570.5	17896.68674477
9571.0	17896.28768566
9571.5	17895.91107111
9572.0	17895.96835669
9572.5	17893.98116224
9573.0	17892.62768565
9573.5	17890.26991287
9574.0	17890.6817932
9574.5	17889.03913744
9575.0	17887.58278712
9575.5	17886.84340343
9576.0	17885.14122444
9576.5	17883.26896326
9577.0	17881.20350212
9577.5	17878.38394783
9578.0	17875.43619635
9578.5	17872.96160261
9579.0	17871.85034451
9579.5	17869.89660958
9580.0	17869.39649209