1.0 1.569443572275546e+19
1.098 1.7120260623524938e+19
1.196 1.7673424071013888e+19
1.294 1.8921627927459135e+19
1.392 1.920489502955995e+19
1.49 2.0641439818521494e+19
1.588 2.1088266696793653e+19
1.686 2.169241292544403e+19
1.784 2.2848078111902487e+19
1.8820000000000001 2.3874513582315393e+19
1.98 2.3745675153780044e+19
2.0780000000000003 2.4712019803631297e+19
2.176 2.503820502158441e+19
2.274 2.591893573514361e+19
2.372 2.6415678929314525e+19
2.4699999999999998 2.6739699862517883e+19
2.568 2.745620531247446e+19
2.6660000000000004 2.8299699339306828e+19
2.7640000000000002 2.887215069632034e+19
2.862 2.9258801263915135e+19
2.96 2.9246247267432026e+19
3.0580000000000003 3.0703380915761205e+19
3.156 3.095667452217097e+19
3.254 3.0218461815553946e+19
3.3520000000000003 3.0899544129926017e+19
3.45 3.169493462336758e+19
3.548 3.231965088128244e+19
3.646 3.250026618279992e+19
3.744 3.347905050753354e+19
3.842 3.3725295811352363e+19
3.94 3.375042912278832e+19
4.038 3.375078067024828e+19
4.136 3.3821922455823663e+19
4.234 3.497805793990494e+19
4.332000000000001 3.5756665656950104e+19
4.43 3.5440463717174854e+19
4.5280000000000005 3.616462941914702e+19
4.626 3.6528253845206983e+19
4.724 3.690489395866136e+19
4.822 3.6305887629689217e+19
4.92 3.6829946257000382e+19
5.018 3.769005425999142e+19
5.1160000000000005 3.798156330841203e+19
5.214 3.731905499232985e+19
5.312 3.808868467718439e+19
5.41 3.938468744625859e+19
5.508 3.912219162396468e+19
5.606 3.845707991388601e+19
5.704000000000001 3.906865802627017e+19
5.8020000000000005 3.9511935083011875e+19
5.9 3.972263407566878e+19
5.998 3.893536416689109e+19
6.096 4.022168714749845e+19
6.194 3.996938401694021e+19
6.292 4.006276639835145e+19
6.390000000000001 3.986964399399136e+19
6.488 4.00204088056329e+19
6.586 4.094163417299153e+19
6.684 4.083387980184765e+19
6.782 4.114462988494079e+19
6.88 4.152608100563816e+19
6.978000000000001 4.109046006340715e+19
7.0760000000000005 4.1447528206324466e+19
7.174 4.243126175460074e+19
7.272 4.009793686999954e+19
7.37 4.158468537136414e+19
7.468 4.1862746807812194e+19
7.566 4.225515185147746e+19
7.664000000000001 4.168400022908798e+19
7.7620000000000005 4.185926088910724e+19
7.86 4.199225776510231e+19
7.958 4.289324356878658e+19
8.056000000000001 4.192753085426741e+19
8.154 4.1802418700412535e+19
8.252 4.1541146317551804e+19
8.350000000000001 4.184002370533682e+19
8.448 4.310696051199472e+19
8.546 4.223779552202947e+19
8.644 4.350298018796127e+19
8.742 4.244963040572927e+19
8.84 4.203224940460612e+19
8.938 4.256221931795748e+19
9.036 4.21812082362822e+19
9.134 4.262483239935517e+19
9.232000000000001 4.262595475749943e+19
9.33 4.253526026694176e+19
9.428 4.1685945239468745e+19
9.526 4.2678500787268125e+19
9.624 4.223961821927904e+19
9.722 4.291141483719807e+19
9.82 4.278688150025325e+19
9.918000000000001 4.335521153333733e+19
10.016 4.2543534361018294e+19
10.114 4.194641873516638e+19
10.212 4.16851957246099e+19
10.31 4.2027930630384394e+19
10.408000000000001 4.208759995060173e+19
10.506 4.328168030648503e+19
10.604000000000001 4.238344476446122e+19
10.702 4.212892417127501e+19
10.8 4.156142962698472e+19
10.898 4.24784173300722e+19
10.996 4.211811871176166e+19
11.094000000000001 4.209451026184316e+19
11.192 4.202955673950869e+19
11.290000000000001 4.314158962148204e+19
11.388 4.202458817315145e+19
11.486 4.180214980966897e+19
11.584 4.1313203322318045e+19
11.682 4.204048706529626e+19
11.780000000000001 4.121915251596608e+19
11.878 4.124626854334447e+19
11.976 4.156444628308889e+19
12.074 4.083562276183834e+19
12.172 4.152925521616618e+19
12.27 4.1013018126316945e+19
12.368 4.108033022843067e+19
12.466000000000001 4.103836332223426e+19
12.564 4.12578883454086e+19
12.662 4.169632388682232e+19
12.76 4.050326002959507e+19
12.858 4.050171571375292e+19
12.956000000000001 4.092476685726817e+19
13.054 4.242921495452852e+19
13.152000000000001 4.14943392355908e+19
13.25 4.079273496720623e+19
13.348 4.153793957414212e+19
13.446 4.1262071038628454e+19
13.544 3.979510853353447e+19
13.642000000000001 3.9520242524753674e+19
13.74 3.987295884555131e+19
13.838000000000001 3.992094974309478e+19
13.936 4.001541444536117e+19
14.034 4.059270678638228e+19
14.132 3.96914243769042e+19
14.23 3.9328318172643615e+19
14.328000000000001 3.986456802488166e+19
14.426 3.904741741688855e+19
14.524000000000001 4.03396769265423e+19
14.622 3.9066690254577074e+19
14.72 3.823553473367949e+19
14.818000000000001 3.938060698705258e+19
14.916 3.756372519218116e+19
15.014000000000001 3.8767659814728385e+19
15.112 3.88170705663245e+19
15.21 3.78131719226666e+19
15.308 3.839751686210389e+19
15.406 3.856297686992569e+19
15.504000000000001 3.857148705502955e+19
15.602 3.795153177294037e+19
15.700000000000001 3.805392436423784e+19
15.798 3.789625059501593e+19
15.896 3.769697261632267e+19
15.994 3.788592476221949e+19
16.092 3.7151248751564866e+19
16.19 3.727944776803769e+19
16.288 3.705140246793866e+19
16.386000000000003 3.7760071008614e+19
16.484 3.6445529574727385e+19
16.582 3.66849105197737e+19
16.68 3.7186350448252854e+19
16.778 3.621932938618925e+19
16.876 3.671352794833706e+19
16.974 3.541212118041695e+19
17.072 3.721639434529353e+19
17.17 3.624425145074699e+19
17.268 3.663639358493946e+19
17.366 3.538559204829252e+19
17.464000000000002 3.6631135730769637e+19
17.562 3.5729354880337412e+19
17.66 3.574958870686762e+19
17.758 3.4889671737168327e+19
17.856 3.477109928540564e+19
17.954 3.4971890867623645e+19
18.052 3.4943804158486098e+19
18.150000000000002 3.512659343801558e+19
18.248 3.465493752532584e+19
18.346 3.434864302374294e+19
18.444 3.4216311089591108e+19
18.542 3.4533120659739197e+19
18.64 3.452967480681699e+19
18.738 3.438374175398027e+19
18.836000000000002 3.4309554314137702e+19
18.934 3.401629436571246e+19
19.032 3.3438759564636037e+19
19.13 3.3453699506501657e+19
19.228 3.3961177516838138e+19
19.326 3.3143232460975104e+19
19.424 3.3538656946957808e+19
19.522000000000002 3.357207596759575e+19
19.62 3.3051524275885425e+19
19.718 3.344239339981343e+19
19.816000000000003 3.2827613493025894e+19
19.914 3.2794959300857328e+19
20.012 3.2065007954089415e+19
20.11 3.1479962608614277e+19
20.208000000000002 3.228120325039474e+19
20.306 3.1394619450052678e+19
20.404 3.3044925528159298e+19
20.502000000000002 3.2231188055899103e+19
20.6 3.2159666093563494e+19
20.698 3.195686806110416e+19
20.796 3.0888145355750437e+19
20.894000000000002 3.041551172482846e+19
20.992 3.0711506651558478e+19
21.09 3.092399151129434e+19
21.188000000000002 3.089729528423222e+19
21.286 3.0123527067989987e+19
21.384 3.0055352746303295e+19
21.482 3.063041790734014e+19
21.580000000000002 2.9951009040841003e+19
21.678 2.9168474175571132e+19
21.776 2.986024876798782e+19
21.874000000000002 3.0714839512199565e+19
21.972 2.9246540058594685e+19
22.07 2.9934045035485794e+19
22.168 2.9124796114047144e+19
22.266000000000002 2.877611939739713e+19
22.364 2.9130979039836594e+19
22.462 2.917579331933617e+19
22.560000000000002 2.9007304414755336e+19
22.658 2.95095607399515e+19
22.756 2.8599216407095243e+19
22.854 2.890046949870662e+19
22.952 2.9044792745548935e+19
23.05 2.7950023410226475e+19
23.148 2.7882057178656854e+19
23.246000000000002 2.7895605359765537e+19
23.344 2.7930055876229095e+19
23.442 2.81412646318416e+19
23.54 2.791233218291779e+19
23.638 2.7673440824175722e+19
23.736 2.7110164147514175e+19
23.834 2.7336562908869067e+19
23.932000000000002 2.722948757856822e+19
24.03 2.7379904028487975e+19
24.128 2.743153956001188e+19
24.226000000000003 2.6608813042270732e+19
24.324 2.674014475700494e+19
24.422 2.6760843985517048e+19
24.52 2.639133769519979e+19
24.618000000000002 2.6461332537065943e+19
24.716 2.575942460054562e+19
24.814 2.595023963014437e+19
24.912000000000003 2.6319528273299235e+19
25.01 2.6096646583880897e+19
25.108 2.5825528738639176e+19
25.206 2.569778468186581e+19
25.304000000000002 2.5356706859058307e+19
25.402 2.5267811148991295e+19
25.5 2.538482642460766e+19
25.598000000000003 2.5290499056291353e+19
25.696 2.476346332690773e+19
25.794 2.4927388540913205e+19
25.892 2.5282430048302866e+19
25.990000000000002 2.52575030879627e+19
26.088 2.4026350887631536e+19
26.186 2.4922205589358993e+19
26.284000000000002 2.4125647649053078e+19
26.382 2.4185185461241164e+19
26.48 2.4126933363310526e+19
26.578 2.378653940040753e+19
26.676000000000002 2.3779480397524484e+19
26.774 2.346078200045458e+19
26.872 2.3671792131808276e+19
26.970000000000002 2.347767855756147e+19
27.068 2.2647535624826167e+19
27.166 2.359358616659404e+19
27.264 2.3680636071094444e+19
27.362000000000002 2.2996120345101394e+19
27.46 2.2761543617557053e+19
27.558 2.2564413159007486e+19
27.656000000000002 2.235096435347409e+19
27.754 2.225449703244031e+19
27.852 2.246283971724386e+19
27.95 2.2105639785097183e+19
28.048000000000002 2.2351010821228904e+19
28.146 2.1881873130697777e+19
28.244 2.2230228259556356e+19
28.342000000000002 2.1846035128791495e+19
28.44 2.1779746365203567e+19
28.538 2.192691480500304e+19
28.636000000000003 2.1509550072278544e+19
28.734 2.1425066404643246e+19
28.832 2.1251032714843275e+19
28.93 2.108819752318029e+19
29.028000000000002 2.123111844685105e+19
29.126 2.096739355434477e+19
29.224 2.14402580761391e+19
29.322000000000003 2.0729282900121158e+19
29.42 2.033815206350138e+19
29.518 2.0609306937064804e+19
29.616 2.0687572681075323e+19
29.714000000000002 2.006089061109099e+19
29.812 2.032690805341083e+19
29.91 1.9478497660175716e+19
30.008000000000003 1.9902574272134943e+19
30.106 2.00159131025446e+19
30.204 1.9972993484364423e+19
30.302 1.982381914942098e+19
30.400000000000002 1.9972813523126174e+19
30.498 1.9360521785579905e+19
30.596 1.8760955767309197e+19
30.694000000000003 1.8844287800290468e+19
30.792 1.921996749291657e+19
30.89 1.903371674466035e+19
30.988 1.879000653094515e+19
31.086000000000002 1.888876549572575e+19
31.184 1.908805888784768e+19
31.282 1.884524111357194e+19
31.380000000000003 1.859987864152496e+19
31.478 1.846384475466355e+19
31.576 1.859175514237764e+19
31.674 1.831145179002137e+19
31.772000000000002 1.8187107947717835e+19
31.87 1.8376629836451664e+19
31.968 1.810595088154505e+19
32.066 1.8484316385048138e+19
32.164 1.7562198965440784e+19
32.262 1.80664615111773e+19
32.36 1.7954459001323145e+19
32.458 1.7364500966487149e+19
32.556 1.7007341721069785e+19
32.653999999999996 1.7099607596116392e+19
32.752 1.7369834325121384e+19
32.85 1.7062654151590625e+19
32.948 1.7298822779047528e+19
33.046 1.7219993874781528e+19
33.144 1.7305606977615882e+19
33.242000000000004 1.6605141929696807e+19
33.34 1.6993803542727207e+19
33.438 1.6750090272057934e+19
33.536 1.6082656862297616e+19
33.634 1.6326475141029784e+19
33.732 1.6737168062310945e+19
33.83 1.5956246839981625e+19
33.928000000000004 1.6529662756057063e+19
34.026 1.6025200196590471e+19
34.124 1.624782874938458e+19
34.222 1.566095063411434e+19
34.32 1.6056889800428941e+19
34.418 1.6098262341356204e+19
34.516 1.5573297728024965e+19
34.614000000000004 1.5581716594128075e+19
34.712 1.5075870308746756e+19
34.81 1.5607278387476111e+19
34.908 1.5562242089099608e+19
35.006 1.542626879440557e+19
35.104 1.5057689928854215e+19
35.202 1.544129510538825e+19
35.300000000000004 1.5156848765690792e+19
35.398 1.4557212163534561e+19
35.496 1.4612819242994106e+19
35.594 1.47189740990897e+19
35.692 1.4637940102879287e+19
35.79 1.4605036883975014e+19
35.888 1.4207464037350488e+19
35.986000000000004 1.478367886224164e+19
36.084 1.4341910259569994e+19
36.182 1.4189651512325681e+19
36.28 1.4396285456364706e+19
36.378 1.4059041667776045e+19
36.476 1.4161289084383482e+19
36.574 1.3941685971431444e+19
36.672000000000004 1.3534038950619638e+19
36.77 1.374194071711587e+19
36.868 1.3882128743725992e+19
36.966 1.3866024226976887e+19
37.064 1.3415475279668822e+19
37.162 1.3407614825834488e+19
37.26 1.3361185422380739e+19
37.358000000000004 1.303945862501457e+19
37.456 1.3296057220832934e+19
37.554 1.371519905778804e+19
37.652 1.3292987639660239e+19
37.75 1.3110519361575442e+19
37.848 1.3080627732372214e+19
37.946 1.2877690381770981e+19
38.044000000000004 1.2815460224698933e+19
38.142 1.2617390927124675e+19
38.24 1.27299544692686e+19
38.338 1.2570307082833467e+19
38.436 1.2671603029639393e+19
38.534 1.2356010947159734e+19
38.632000000000005 1.2451462076095232e+19
38.730000000000004 1.2245722209302491e+19
38.828 1.2167935054776222e+19
38.926 1.2020970259969303e+19
39.024 1.2428556807998521e+19
39.122 1.218540209962578e+19
39.22 1.2173530139797615e+19
39.318000000000005 1.1610795163968014e+19
39.416000000000004 1.193177790338061e+19
39.514 1.1804682115620932e+19
39.612 1.1717306900480772e+19
39.71 1.1721505042948205e+19
39.808 1.1682668361292659e+19
39.906 1.1729189603402222e+19
40.004000000000005 1.1648848498169e+19
40.102000000000004 1.124690247912092e+19
40.2 1.1345335871597795e+19
40.298 1.1137450898124612e+19
40.396 1.1397242850022423e+19
40.494 1.0791798277082157e+19
40.592 1.0935407996364882e+19
40.690000000000005 1.078479049733521e+19
40.788000000000004 1.0838277557225456e+19
40.886 1.0844776051650146e+19
40.984 1.104850587726735e+19
41.082 1.0699491002464793e+19
41.18 1.0491553890153153e+19
41.278 1.0554959559768646e+19
41.376000000000005 1.0222294021967303e+19
41.474000000000004 1.0677815699757883e+19
41.572 1.056676336556671e+19
41.67 1.0515079832563114e+19
41.768 1.0527316411154797e+19
41.866 1.0248947379215393e+19
41.964 1.0127686480480391e+19
42.062000000000005 1.0078540770328994e+19
42.160000000000004 9.972687784517829e+18
42.258 9.852177755081402e+18
42.356 9.95509280447878e+18
42.454 9.778845152774468e+18
42.552 9.900809403403661e+18
42.65 9.716187766480214e+18
42.748000000000005 1.0044036817990117e+19
42.846000000000004 9.663908812217326e+18
42.944 9.794865132146035e+18
43.042 9.62979833714943e+18
43.14 9.34328334758077e+18
43.238 9.334841662913804e+18
43.336 9.40698287788145e+18
43.434000000000005 9.398508887803916e+18
43.532000000000004 9.576231550769826e+18
43.63 9.504101736315787e+18
43.728 9.246894274510109e+18
43.826 9.116845623402711e+18
43.924 8.763735525871655e+18
44.022 9.116120058887993e+18
44.120000000000005 9.076661227774735e+18
44.218 8.665097872682474e+18
44.316 9.053407939432584e+18
44.414 8.943099770391773e+18
44.512 8.990857059094893e+18
44.61 8.873682533671363e+18
44.708 8.611964430174257e+18
44.806000000000004 8.634294464183417e+18
44.904 8.568157534450992e+18
45.002 8.796695024660019e+18
45.1 8.510351663320921e+18
45.198 8.4764056284878e+18
45.296 8.200394930983194e+18
45.394 8.345132082488021e+18
45.492000000000004 8.321024675017096e+18
45.59 8.323997317723597e+18
45.688 8.213713029180466e+18
45.786 8.138858854486994e+18
45.884 8.020094760075641e+18
45.982 8.125653425313401e+18
46.08 8.135448704819595e+18
46.178000000000004 7.939302889078703e+18
46.276 7.992901696135786e+18
46.374 8.07244016386773e+18
46.472 7.880449251525656e+18
46.57 7.799592748240104e+18
46.668 7.932746175061924e+18
46.766 7.809046936582896e+18
46.864000000000004 7.584525832532902e+18
46.962 7.695770301761026e+18
47.06 7.622131605490794e+18
47.158 7.311048282664011e+18
47.256 7.513937768085021e+18
47.354 7.34726756593996e+18
47.452000000000005 7.362002315538108e+18
47.550000000000004 7.424080071105158e+18
47.648 7.297197878786513e+18
47.746 7.18720835779743e+18
47.844 7.192006680554146e+18
47.942 7.12039376067709e+18
48.04 7.194546116218087e+18
48.138000000000005 7.149013577290072e+18
48.236000000000004 7.102362094300614e+18
48.334 7.174043351268062e+18
48.432 6.978324174476125e+18
48.53 6.984740356033447e+18
48.628 6.949631476224994e+18
48.726 6.855480572289586e+18
48.824000000000005 6.779465320903217e+18
48.922000000000004 6.65275900858283e+18
49.02 6.630352415423658e+18
49.118 6.706741691082076e+18
49.216 6.854646440475179e+18
49.314 6.389051672500542e+18
49.412 6.690125883172014e+18
49.510000000000005 6.524505527706369e+18
49.608000000000004 6.410238160761158e+18
49.706 6.305015268263949e+18
49.804 6.312596049262787e+18
49.902 6.276873719655727e+18
