1.0 4.385632380617028e+19
1.098 4.614447951660166e+19
1.196 4.672313241206718e+19
1.294 4.8967794360975065e+19
1.392 4.960925124957895e+19
1.49 5.095380325104759e+19
1.588 5.28898931182568e+19
1.686 5.311428948496097e+19
1.784 5.496881549022033e+19
1.8820000000000001 5.5804361869965615e+19
1.98 5.625154490130075e+19
2.0780000000000003 5.720723398669583e+19
2.176 5.738008994761349e+19
2.274 5.835196565929613e+19
2.372 5.92483243861379e+19
2.4699999999999998 5.8802465442144305e+19
2.568 5.980856775730606e+19
2.6660000000000004 6.0346403382596895e+19
2.7640000000000002 6.102449831792365e+19
2.862 6.213155311980644e+19
2.96 6.210685910453002e+19
3.0580000000000003 6.2683255442031895e+19
3.156 6.290103000525238e+19
3.254 6.186578559662535e+19
3.3520000000000003 6.253232564112915e+19
3.45 6.3391483845945246e+19
3.548 6.4366089471003976e+19
3.646 6.344364447271906e+19
3.744 6.374025019650831e+19
3.842 6.446201595902842e+19
3.94 6.453300721636106e+19
4.038 6.492336937497077e+19
4.136 6.496391809018904e+19
4.234 6.489458396309571e+19
4.332000000000001 6.6078578542835384e+19
4.43 6.520607526762931e+19
4.5280000000000005 6.559378123908226e+19
4.626 6.524264046595593e+19
4.724 6.620489686303831e+19
4.822 6.488722205788206e+19
4.92 6.514781778190193e+19
5.018 6.680031861413358e+19
5.1160000000000005 6.632586846566629e+19
5.214 6.4989676398159315e+19
5.312 6.5931781732552e+19
5.41 6.68463244078089e+19
5.508 6.5624514356701544e+19
5.606 6.5421861867155235e+19
5.704000000000001 6.64554256967652e+19
5.8020000000000005 6.544867811903854e+19
5.9 6.624664555540199e+19
5.998 6.464178069124707e+19
6.096 6.592107725849935e+19
6.194 6.5318460952204526e+19
6.292 6.497150087053426e+19
6.390000000000001 6.440108504179172e+19
6.488 6.53911066725527e+19
6.586 6.529684278038503e+19
6.684 6.453584426469959e+19
6.782 6.511658362823327e+19
6.88 6.576487264222973e+19
6.978000000000001 6.460922302355572e+19
7.0760000000000005 6.47972064752648e+19
7.174 6.550943998679781e+19
7.272 6.261434413430202e+19
7.37 6.41620070326642e+19
7.468 6.413710178146395e+19
7.566 6.417562613798508e+19
7.664000000000001 6.350777560701466e+19
7.7620000000000005 6.384358463694382e+19
7.86 6.320644687689892e+19
7.958 6.499887653071356e+19
8.056000000000001 6.230817377073365e+19
8.154 6.2957970453218025e+19
8.252 6.183272121335108e+19
8.350000000000001 6.237511881260516e+19
8.448 6.34077073606488e+19
8.546 6.21168025534559e+19
8.644 6.3212363588327145e+19
8.742 6.182298249833755e+19
8.84 6.132146563792765e+19
8.938 6.135933910586357e+19
9.036 6.068841555002775e+19
9.134 6.129482921512383e+19
9.232000000000001 6.110067160901594e+19
9.33 6.080312824913456e+19
9.428 5.99877883791591e+19
9.526 6.071433522799924e+19
9.624 5.9745547596253815e+19
9.722 6.0140545792695026e+19
9.82 6.038151792296801e+19
9.918000000000001 5.996972873224811e+19
10.016 5.95085633926052e+19
10.114 5.867790231991209e+19
10.212 5.8722639924177265e+19
10.31 5.826749775000589e+19
10.408000000000001 5.829404193597717e+19
10.506 5.930177265852496e+19
10.604000000000001 5.826544632962632e+19
10.702 5.8364473555117e+19
10.8 5.762440920495441e+19
10.898 5.7753613238532915e+19
10.996 5.751897804674636e+19
11.094000000000001 5.73765171545311e+19
11.192 5.681370122524706e+19
11.290000000000001 5.779041538883995e+19
11.388 5.665178308420874e+19
11.486 5.636780913038869e+19
11.584 5.5410770690493235e+19
11.682 5.606910830378101e+19
11.780000000000001 5.563494287013921e+19
11.878 5.5466811528888074e+19
11.976 5.522734643396898e+19
12.074 5.465773318287707e+19
12.172 5.475929652568643e+19
12.27 5.423433484728656e+19
12.368 5.439913207073491e+19
12.466000000000001 5.451251055545341e+19
12.564 5.400231433122229e+19
12.662 5.435213572221711e+19
12.76 5.302980703474905e+19
12.858 5.295392902752233e+19
12.956000000000001 5.322978251515373e+19
13.054 5.426150613816479e+19
13.152000000000001 5.323308567301246e+19
13.25 5.260991281144019e+19
13.348 5.3510363743636546e+19
13.446 5.2654739591734624e+19
13.544 5.138514050952103e+19
13.642000000000001 5.033087373326659e+19
13.74 5.102585241193802e+19
13.838000000000001 5.130540154214169e+19
13.936 5.068746604212774e+19
14.034 5.134460216670449e+19
14.132 5.0536198794283155e+19
14.23 4.968173549183599e+19
14.328000000000001 5.032821493977306e+19
14.426 4.929633323394441e+19
14.524000000000001 5.04805976286078e+19
14.622 4.909320475495417e+19
14.72 4.831432096916192e+19
14.818000000000001 4.895964349529034e+19
14.916 4.725484742489691e+19
15.014000000000001 4.855765094947996e+19
15.112 4.798748884715459e+19
15.21 4.7326174554674815e+19
15.308 4.783191593369033e+19
15.406 4.785453897224734e+19
15.504000000000001 4.7533660772877574e+19
15.602 4.700528437803237e+19
15.700000000000001 4.7026265414746055e+19
15.798 4.6549426569897026e+19
15.896 4.6494588156680905e+19
15.994 4.6308408744952226e+19
16.092 4.581659043347522e+19
16.19 4.572416521486344e+19
16.288 4.5575363405730775e+19
16.386000000000003 4.5935058495303295e+19
16.484 4.466611638851733e+19
16.582 4.470923221243124e+19
16.68 4.5122925490507194e+19
16.778 4.420634924008744e+19
16.876 4.440330559804057e+19
16.974 4.2959808747450835e+19
17.072 4.4631334294764085e+19
17.17 4.379832060988669e+19
17.268 4.384586869224002e+19
17.366 4.265521190766085e+19
17.464000000000002 4.392948152713791e+19
17.562 4.2868672001108074e+19
17.66 4.2773564307283526e+19
17.758 4.196889680478833e+19
17.856 4.1876694200064156e+19
17.954 4.160644660854227e+19
18.052 4.166670926382994e+19
18.150000000000002 4.1593838849654374e+19
18.248 4.133441750411004e+19
18.346 4.084595450683574e+19
18.444 4.041813373725242e+19
18.542 4.09521566439415e+19
18.64 4.083730438087604e+19
18.738 4.047915336691583e+19
18.836000000000002 4.0341198629090075e+19
18.934 4.0083171041181245e+19
19.032 3.966652699912304e+19
19.13 3.941387459546271e+19
19.228 4.001352298927017e+19
19.326 3.91061617684545e+19
19.424 3.926945912532824e+19
19.522000000000002 3.920224293889882e+19
19.62 3.876871242844067e+19
19.718 3.9034055828468064e+19
19.816000000000003 3.841681286465913e+19
19.914 3.799167683174317e+19
20.012 3.744914270543579e+19
20.11 3.6717488282856268e+19
20.208000000000002 3.755442708131176e+19
20.306 3.6506323183122113e+19
20.404 3.807425038066058e+19
20.502000000000002 3.738963884561064e+19
20.6 3.707251787903608e+19
20.698 3.6794111691744633e+19
20.796 3.6138837277903667e+19
20.894000000000002 3.535993336785039e+19
20.992 3.5698789880985694e+19
21.09 3.571285575420973e+19
21.188000000000002 3.574464147190305e+19
21.286 3.4824625101882372e+19
21.384 3.4579336775905042e+19
21.482 3.5119567063925953e+19
21.580000000000002 3.433928733305118e+19
21.678 3.3674710858187612e+19
21.776 3.4378266781191946e+19
21.874000000000002 3.5120731697514213e+19
21.972 3.3501059349699936e+19
22.07 3.4109480205966205e+19
22.168 3.3446297948170826e+19
22.266000000000002 3.302706146827377e+19
22.364 3.3327790624066142e+19
22.462 3.3331710050236056e+19
22.560000000000002 3.308864642176568e+19
22.658 3.3506992092830003e+19
22.756 3.2344763235753492e+19
22.854 3.266103687208875e+19
22.952 3.3000512691955188e+19
23.05 3.17471277309307e+19
23.148 3.15023058127806e+19
23.246000000000002 3.157591430175044e+19
23.344 3.160857156968086e+19
23.442 3.1801033500520583e+19
23.54 3.1550025076905726e+19
23.638 3.1589524304208065e+19
23.736 3.0551923729507766e+19
23.834 3.077602455247023e+19
23.932000000000002 3.0587822309543207e+19
24.03 3.083255780335299e+19
24.128 3.0702785803023004e+19
24.226000000000003 2.9971954398189494e+19
24.324 2.9964790145700143e+19
24.422 3.000692730287024e+19
24.52 2.9745754899429626e+19
24.618000000000002 2.9594253986255315e+19
24.716 2.885943870546819e+19
24.814 2.919345407155444e+19
24.912000000000003 2.9369668760155402e+19
25.01 2.9172547847685014e+19
25.108 2.886134537403346e+19
25.206 2.8538092025669165e+19
25.304000000000002 2.831078831466242e+19
25.402 2.81566640080633e+19
25.5 2.8417952049353175e+19
25.598000000000003 2.8173412171457712e+19
25.696 2.7550818777828962e+19
25.794 2.7867612889667432e+19
25.892 2.796817358795755e+19
25.990000000000002 2.8045694588480926e+19
26.088 2.6718692176627843e+19
26.186 2.75315511397815e+19
26.284000000000002 2.674850262551356e+19
26.382 2.6762904961223963e+19
26.48 2.666916560596591e+19
26.578 2.6371096002185445e+19
26.676000000000002 2.6285837687406436e+19
26.774 2.5904741112551346e+19
26.872 2.6122030068608033e+19
26.970000000000002 2.592244671188166e+19
27.068 2.505940732137502e+19
27.166 2.6061844797992616e+19
27.264 2.6177878094509605e+19
27.362000000000002 2.535649089795819e+19
27.46 2.5037136331199e+19
27.558 2.4849214755827655e+19
27.656000000000002 2.4566880177194484e+19
27.754 2.4438272479949566e+19
27.852 2.474440625067233e+19
27.95 2.4234300082218926e+19
28.048000000000002 2.458211212582061e+19
28.146 2.3989927383602352e+19
28.244 2.443023399635245e+19
28.342000000000002 2.4090273298804093e+19
28.44 2.3837630512187245e+19
28.538 2.3962457585074967e+19
28.636000000000003 2.3618298468242207e+19
28.734 2.3347621319008805e+19
28.832 2.3291292146151547e+19
28.93 2.299720617389628e+19
29.028000000000002 2.3109658682270347e+19
29.126 2.2906516342944256e+19
29.224 2.3277555751290413e+19
29.322000000000003 2.2581401734345814e+19
29.42 2.215686299182683e+19
29.518 2.249177166223459e+19
29.616 2.247408034421455e+19
29.714000000000002 2.1789720650963415e+19
29.812 2.216130011340772e+19
29.91 2.1261122151434723e+19
30.008000000000003 2.1564503828152893e+19
30.106 2.1752783967156847e+19
30.204 2.1618436950034895e+19
30.302 2.1477532407177556e+19
30.400000000000002 2.1581781908559376e+19
30.498 2.1014613807906775e+19
30.596 2.0417850068748956e+19
30.694000000000003 2.045131203941079e+19
30.792 2.09455423219876e+19
30.89 2.0683577949901496e+19
30.988 2.0416184483046744e+19
31.086000000000002 2.041303730863042e+19
31.184 2.0727409728346616e+19
31.282 2.0384868063078543e+19
31.380000000000003 2.0144711598177464e+19
31.478 1.9969966294395224e+19
31.576 2.0146955485306343e+19
31.674 1.977923559508552e+19
31.772000000000002 1.957566870620221e+19
31.87 1.981141774506625e+19
31.968 1.955226823371278e+19
32.066 1.9802155470639497e+19
32.164 1.8965455129121763e+19
32.262 1.9397107586164724e+19
32.36 1.9309384991811035e+19
32.458 1.8745375792723423e+19
32.556 1.8345230527243713e+19
32.653999999999996 1.845756988640022e+19
32.752 1.8678985245690663e+19
32.85 1.8398185502367478e+19
32.948 1.854229823612052e+19
33.046 1.8394314556621117e+19
33.144 1.8529648876116013e+19
33.242000000000004 1.7824537353853809e+19
33.34 1.82169019438014e+19
33.438 1.7928575146423276e+19
33.536 1.7346000510536708e+19
33.634 1.7588632242591343e+19
33.732 1.7904180458608003e+19
33.83 1.7097265004924054e+19
33.928000000000004 1.7755426459602299e+19
34.026 1.7112486833000118e+19
34.124 1.7361727198266153e+19
34.222 1.6765326049637857e+19
34.32 1.7097709234219004e+19
34.418 1.718226718378517e+19
34.516 1.673367732116988e+19
34.614000000000004 1.6672473712009382e+19
34.712 1.6110621002512687e+19
34.81 1.6641628746291018e+19
34.908 1.653282232545201e+19
35.006 1.645829247849793e+19
35.104 1.602436224098416e+19
35.202 1.6448298922555484e+19
35.300000000000004 1.6126740586757306e+19
35.398 1.5560852644609343e+19
35.496 1.5588970167231848e+19
35.594 1.5695976836226343e+19
35.692 1.5615939060988895e+19
35.79 1.5509020121364484e+19
35.888 1.516446684721832e+19
35.986000000000004 1.574760841331443e+19
36.084 1.5215225536079677e+19
36.182 1.5150102391172106e+19
36.28 1.5285856255843793e+19
36.378 1.4930448027525253e+19
36.476 1.504367578360718e+19
36.574 1.4819012858433892e+19
36.672000000000004 1.436368955808815e+19
36.77 1.4604050087215464e+19
36.868 1.4705308767868858e+19
36.966 1.4639748098800478e+19
37.064 1.43092439580313e+19
37.162 1.4267171175799345e+19
37.26 1.419744103547001e+19
37.358000000000004 1.3858365165571869e+19
37.456 1.4113709261411946e+19
37.554 1.448742487527726e+19
37.652 1.408819293219939e+19
37.75 1.3899144551297225e+19
37.848 1.3887346573632502e+19
37.946 1.3598277818020473e+19
38.044000000000004 1.3601024245294731e+19
38.142 1.340600254478422e+19
38.24 1.3447604981147777e+19
38.338 1.3320987686068468e+19
38.436 1.3417909179913839e+19
38.534 1.3063031443988328e+19
38.632000000000005 1.3195779800671998e+19
38.730000000000004 1.300359763815697e+19
38.828 1.2846485064917795e+19
38.926 1.2707241367330793e+19
39.024 1.3105481517370507e+19
39.122 1.2860020056514777e+19
39.22 1.28744393087766e+19
39.318000000000005 1.231858607997868e+19
39.416000000000004 1.2603126076368978e+19
39.514 1.2461389121745824e+19
39.612 1.2385821474328357e+19
39.71 1.2356811988546845e+19
39.808 1.233025414826472e+19
39.906 1.232037318982376e+19
40.004000000000005 1.2289525662449322e+19
40.102000000000004 1.1906363391247524e+19
40.2 1.1995357106704148e+19
40.298 1.1749785885093214e+19
40.396 1.1974241717125968e+19
40.494 1.1423181430323507e+19
40.592 1.151311041226104e+19
40.690000000000005 1.1366623042038643e+19
40.788000000000004 1.1435673726232437e+19
40.886 1.1442902920424276e+19
40.984 1.1636418437829265e+19
41.082 1.1253608601645457e+19
41.18 1.1025420724080163e+19
41.278 1.1085011638482459e+19
41.376000000000005 1.0810727620068446e+19
41.474000000000004 1.1196691087065008e+19
41.572 1.112889758851237e+19
41.67 1.1027911185622292e+19
41.768 1.1060568085011937e+19
41.866 1.077646655745223e+19
41.964 1.0706947641984348e+19
42.062000000000005 1.0573272990079797e+19
42.160000000000004 1.0489897368600105e+19
42.258 1.0404060761545955e+19
42.356 1.0432443155354794e+19
42.454 1.031812454277751e+19
42.552 1.0372155398133092e+19
42.65 1.0229447812261427e+19
42.748000000000005 1.0527611326873932e+19
42.846000000000004 1.0122972806932486e+19
42.944 1.0255994673349315e+19
43.042 1.0123910322924528e+19
43.14 9.82559733763224e+18
43.238 9.778597120998193e+18
43.336 9.880314697910125e+18
43.434000000000005 9.834860270486868e+18
43.532000000000004 1.0045273739218768e+19
43.63 9.926961454778827e+18
43.728 9.636510948757334e+18
43.826 9.603988892491514e+18
43.924 9.194031054994986e+18
44.022 9.57862918885153e+18
44.120000000000005 9.492981882476427e+18
44.218 9.087269561116429e+18
44.316 9.469365323782998e+18
44.414 9.349998548305715e+18
44.512 9.353603188323275e+18
44.61 9.280703555551695e+18
44.708 9.020004896617118e+18
44.806000000000004 9.060535623971323e+18
44.904 8.94057814797473e+18
45.002 9.204589456772929e+18
45.1 8.904225186240492e+18
45.198 8.858312711774769e+18
45.296 8.548053583608792e+18
45.394 8.717107829148794e+18
45.492000000000004 8.676659674557382e+18
45.59 8.672713116947326e+18
45.688 8.603818696233688e+18
45.786 8.504238664722018e+18
45.884 8.390790814666749e+18
45.982 8.468654389036013e+18
46.08 8.50984354736812e+18
46.178000000000004 8.281199728696832e+18
46.276 8.33060291209595e+18
46.374 8.395958517573186e+18
46.472 8.217154592048168e+18
46.57 8.134483229006772e+18
46.668 8.287573752127656e+18
46.766 8.13074970776209e+18
46.864000000000004 7.903828921669129e+18
46.962 8.054010167583858e+18
47.06 7.940030935371338e+18
47.158 7.617128273652791e+18
47.256 7.83589163644373e+18
47.354 7.669419843256484e+18
47.452000000000005 7.672720731139913e+18
47.550000000000004 7.739515213838976e+18
47.648 7.598686225597329e+18
47.746 7.516270456586285e+18
47.844 7.536384492556049e+18
47.942 7.405748673073538e+18
48.04 7.487161740696175e+18
48.138000000000005 7.473402636378052e+18
48.236000000000004 7.387426115591174e+18
48.334 7.443863327859258e+18
48.432 7.265796707329743e+18
48.53 7.257336408792141e+18
48.628 7.238931392896137e+18
48.726 7.137464389088801e+18
48.824000000000005 7.069159012381222e+18
48.922000000000004 6.905053316401414e+18
49.02 6.897437477637235e+18
49.118 6.978232522141533e+18
49.216 7.110060896569701e+18
49.314 6.665131831326904e+18
49.412 6.970334575041037e+18
49.510000000000005 6.791182658369152e+18
49.608000000000004 6.674623234195348e+18
49.706 6.554421309982724e+18
49.804 6.557032490768903e+18
49.902 6.5361644550765e+18
