1.0 6.180322228970266e+18
1.098 6.561944105780982e+18
1.196 7.051532662258015e+18
1.294 7.089751682137056e+18
1.392 7.405257501030511e+18
1.49 8.104750541539927e+18
1.588 8.144871657398323e+18
1.686 8.481979923398856e+18
1.784 8.880600610694167e+18
1.8820000000000001 8.879787266944867e+18
1.98 9.51000523029444e+18
2.0780000000000003 9.754852140822692e+18
2.176 9.628940397867512e+18
2.274 1.0120068033954023e+19
2.372 1.0021036752694921e+19
2.4699999999999998 1.0465498903485606e+19
2.568 1.1001834117454983e+19
2.6660000000000004 1.0698406795125934e+19
2.7640000000000002 1.1252098756837825e+19
2.862 1.143494280419622e+19
2.96 1.1696185573407498e+19
3.0580000000000003 1.1396524642235324e+19
3.156 1.1911624312837505e+19
3.254 1.2196859067711293e+19
3.3520000000000003 1.1777712107812719e+19
3.45 1.2374761373219199e+19
3.548 1.2565518376005677e+19
3.646 1.27321575085489e+19
3.744 1.281524312053198e+19
3.842 1.2770502665780552e+19
3.94 1.307473292280341e+19
4.038 1.3475094192946913e+19
4.136 1.4132966739411507e+19
4.234 1.3604649962437136e+19
4.332000000000001 1.3163622018054902e+19
4.43 1.376610176078256e+19
4.5280000000000005 1.4015639166089882e+19
4.626 1.3720916327829805e+19
4.724 1.447150063742028e+19
4.822 1.4315499972955472e+19
4.92 1.470858162201787e+19
5.018 1.4362912374908785e+19
5.1160000000000005 1.4540569173353263e+19
5.214 1.4431966934810229e+19
5.312 1.4952065086574391e+19
5.41 1.4848957186800462e+19
5.508 1.496864841070305e+19
5.606 1.4900928378030662e+19
5.704000000000001 1.5448012437135858e+19
5.8020000000000005 1.5452814294820098e+19
5.9 1.5068953170984878e+19
5.998 1.457437807411923e+19
6.096 1.4977914420748382e+19
6.194 1.5630000210030348e+19
6.292 1.5386547738116987e+19
6.390000000000001 1.564655183446255e+19
6.488 1.5682414596404353e+19
6.586 1.6170947474679646e+19
6.684 1.6141505058852053e+19
6.782 1.6252441415390802e+19
6.88 1.5873700842961914e+19
6.978000000000001 1.5786245134845714e+19
7.0760000000000005 1.562133662582903e+19
7.174 1.5651302047916024e+19
7.272 1.6306113596132911e+19
7.37 1.5362259940453951e+19
7.468 1.5787030985049086e+19
7.566 1.62246301733691e+19
7.664000000000001 1.6075702835050815e+19
7.7620000000000005 1.6186850053959811e+19
7.86 1.5690144061254169e+19
7.958 1.680527990585604e+19
8.056000000000001 1.6371927763955e+19
8.154 1.6077608677269058e+19
8.252 1.6935105770542324e+19
8.350000000000001 1.6043668885504082e+19
8.448 1.5846328677131293e+19
8.546 1.6187502250190735e+19
8.644 1.6243632232614281e+19
8.742 1.6301014119293514e+19
8.84 1.5868699733828532e+19
8.938 1.6199749962958227e+19
9.036 1.6102973056861635e+19
9.134 1.6688482516907522e+19
9.232000000000001 1.657537962887674e+19
9.33 1.612211859686862e+19
9.428 1.591497021725692e+19
9.526 1.6212171229025978e+19
9.624 1.6002612734374058e+19
9.722 1.6232139039661101e+19
9.82 1.628561244944937e+19
9.918000000000001 1.5855839932592126e+19
10.016 1.6255496904676997e+19
10.114 1.6439405596792322e+19
10.212 1.5831957081883562e+19
10.31 1.639814705116085e+19
10.408000000000001 1.6465176177669994e+19
10.506 1.6510375173077303e+19
10.604000000000001 1.6191662065713717e+19
10.702 1.6323727734081528e+19
10.8 1.665836084762891e+19
10.898 1.6603819891872025e+19
10.996 1.6682324779836416e+19
11.094000000000001 1.6808889159238185e+19
11.192 1.5992807493436258e+19
11.290000000000001 1.6143407647759153e+19
11.388 1.6018139861886425e+19
11.486 1.6263361653098613e+19
11.584 1.5948685544537864e+19
11.682 1.625577737741485e+19
11.780000000000001 1.593719378325907e+19
11.878 1.5855375068499943e+19
11.976 1.5986589728404353e+19
12.074 1.5353544150271031e+19
12.172 1.5761526379519848e+19
12.27 1.5331686444271876e+19
12.368 1.5824029390875222e+19
12.466000000000001 1.5776122699328287e+19
12.564 1.5438137982511002e+19
12.662 1.588083436791952e+19
12.76 1.5965496460899723e+19
12.858 1.6130267665211916e+19
12.956000000000001 1.677340431856481e+19
13.054 1.6109133644486296e+19
13.152000000000001 1.5844041907875064e+19
13.25 1.590159986992865e+19
13.348 1.4975925764916656e+19
13.446 1.5121619504390244e+19
13.544 1.5486343184839272e+19
13.642000000000001 1.517155333758879e+19
13.74 1.5715390176712569e+19
13.838000000000001 1.5816473526340549e+19
13.936 1.5911027336976073e+19
14.034 1.511270102442748e+19
14.132 1.4795102952715946e+19
14.23 1.4962282830983131e+19
14.328000000000001 1.52617915565421e+19
14.426 1.5464349123261622e+19
14.524000000000001 1.5434483931368258e+19
14.622 1.530286454373542e+19
14.72 1.502582879869879e+19
14.818000000000001 1.5093681989226533e+19
14.916 1.5198636178118363e+19
15.014000000000001 1.395533705090987e+19
15.112 1.4319103513021395e+19
15.21 1.4726784006719334e+19
15.308 1.5494100860662563e+19
15.406 1.4591521937093136e+19
15.504000000000001 1.472961283145006e+19
15.602 1.5096603939648694e+19
15.700000000000001 1.5014037795146805e+19
15.798 1.4483739161063477e+19
15.896 1.4466172159385074e+19
15.994 1.452508940168018e+19
16.092 1.465056135652722e+19
16.19 1.4300402357151382e+19
16.288 1.4192884157482928e+19
16.386000000000003 1.4075519089216418e+19
16.484 1.4514376276876839e+19
16.582 1.4893135673140578e+19
16.68 1.396877773083931e+19
16.778 1.4107357066285367e+19
16.876 1.3838221572130417e+19
16.974 1.4480008662669148e+19
17.072 1.429567133335387e+19
17.17 1.390144389982854e+19
17.268 1.393847767525934e+19
17.366 1.3656202840206078e+19
17.464000000000002 1.3755641436045455e+19
17.562 1.4208534191614192e+19
17.66 1.3786569468114305e+19
17.758 1.383926274987334e+19
17.856 1.3809195650045872e+19
17.954 1.3649846719989797e+19
18.052 1.2869416190164611e+19
18.150000000000002 1.3437491557554057e+19
18.248 1.3259746697330754e+19
18.346 1.3480563627771402e+19
18.444 1.2821913450637971e+19
18.542 1.3360571172378923e+19
18.64 1.321834800172867e+19
18.738 1.3017280455264633e+19
18.836000000000002 1.353117967783175e+19
18.934 1.2986433442218455e+19
19.032 1.2528838278308307e+19
19.13 1.2879040836740368e+19
19.228 1.3143450236015434e+19
19.326 1.2534407237059508e+19
19.424 1.2599368398467832e+19
19.522000000000002 1.275079111060524e+19
19.62 1.2809097783804625e+19
19.718 1.2132064991490472e+19
19.816000000000003 1.2945882534401745e+19
19.914 1.218866339410845e+19
20.012 1.2338536887074447e+19
20.11 1.2288888595626523e+19
20.208000000000002 1.2324884110214406e+19
20.306 1.2147381798808476e+19
20.404 1.2097180973831625e+19
20.502000000000002 1.2117664316231217e+19
20.6 1.2371728351200901e+19
20.698 1.1918418767379835e+19
20.796 1.2363958271083004e+19
20.894000000000002 1.201479628814325e+19
20.992 1.1818121878440628e+19
21.09 1.1980061821994293e+19
21.188000000000002 1.205512039370648e+19
21.286 1.136506948675041e+19
21.384 1.2169697034274445e+19
21.482 1.1375464055932105e+19
21.580000000000002 1.2031365131655346e+19
21.678 1.171175268077999e+19
21.776 1.181163391767032e+19
21.874000000000002 1.1675326426558749e+19
21.972 1.1290883930128716e+19
22.07 1.1311038063504169e+19
22.168 1.1133346186196027e+19
22.266000000000002 1.1405801777252485e+19
22.364 1.1561832071178045e+19
22.462 1.1440138679361077e+19
22.560000000000002 1.0934275424599484e+19
22.658 1.0876146697500994e+19
22.756 1.1589686076556507e+19
22.854 1.1392770213737066e+19
22.952 1.112625764607793e+19
23.05 1.0695324864457077e+19
23.148 1.0898478060240706e+19
23.246000000000002 1.0778720508497613e+19
23.344 1.086534250202902e+19
23.442 1.1154224850024108e+19
23.54 1.0354825804064563e+19
23.638 1.0455101239976608e+19
23.736 1.0397619280458922e+19
23.834 1.0311873398962194e+19
23.932000000000002 1.0281127312751583e+19
24.03 1.0501418910224267e+19
24.128 1.0314211841356493e+19
24.226000000000003 1.0004295307944278e+19
24.324 1.0562050640754827e+19
24.422 1.038333522747454e+19
24.52 9.96086999568134e+18
24.618000000000002 1.0085666952076276e+19
24.716 9.918590714796882e+18
24.814 1.0190603767492622e+19
24.912000000000003 1.0091735625799027e+19
25.01 1.021200560514618e+19
25.108 1.0021218647605277e+19
25.206 9.581512997004268e+18
25.304000000000002 9.81733114647476e+18
25.402 9.47102348912808e+18
25.5 9.614885747245271e+18
25.598000000000003 9.718309206786947e+18
25.696 9.261785042808426e+18
25.794 9.632294451654103e+18
25.892 9.636008447280894e+18
25.990000000000002 9.245875455319603e+18
26.088 9.627886195971525e+18
26.186 9.388158719218756e+18
26.284000000000002 9.277013153268865e+18
26.382 9.55348128209871e+18
26.48 9.298343184558238e+18
26.578 9.054476721131554e+18
26.676000000000002 9.198778501961736e+18
26.774 9.451811337425506e+18
26.872 8.796559773784248e+18
26.970000000000002 9.062244945724557e+18
27.068 9.236422819008328e+18
27.166 8.897171006555491e+18
27.264 8.784733958260919e+18
27.362000000000002 8.598655375810644e+18
27.46 8.736045446620546e+18
27.558 9.035106110903839e+18
27.656000000000002 8.387222526084342e+18
27.754 8.525440540166878e+18
27.852 8.508826496693145e+18
27.95 8.836088966254971e+18
28.048000000000002 8.407548848163082e+18
28.146 8.471020717540012e+18
28.244 8.480446620641336e+18
28.342000000000002 8.434803472097053e+18
28.44 8.602518108830129e+18
28.538 8.370707153220505e+18
28.636000000000003 8.238511991945495e+18
28.734 8.350638783780894e+18
28.832 8.114096425527652e+18
28.93 8.315820068691206e+18
29.028000000000002 8.302948869796871e+18
29.126 7.863656424144424e+18
29.224 7.724924211921077e+18
29.322000000000003 8.094657875305199e+18
29.42 8.019009837949927e+18
29.518 7.782863655368123e+18
29.616 7.970520462652764e+18
29.714000000000002 7.997104335638227e+18
29.812 7.833828300160589e+18
29.91 7.79417976687279e+18
30.008000000000003 7.980589459483055e+18
30.106 7.543234159676509e+18
30.204 7.7653105013172e+18
30.302 7.509569293354327e+18
30.400000000000002 7.464544573764511e+18
30.498 7.344289285979824e+18
30.596 7.189927081209632e+18
30.694000000000003 7.409405284967658e+18
30.792 7.28151098957154e+18
30.89 7.182965552339569e+18
30.988 7.392044253761182e+18
31.086000000000002 6.973569136408595e+18
31.184 7.186261274994712e+18
31.282 7.160771376002605e+18
31.380000000000003 7.289585159244476e+18
31.478 7.14095686418681e+18
31.576 7.021445240921852e+18
31.674 6.644972583246262e+18
31.772000000000002 7.080517585661883e+18
31.87 6.88345176974706e+18
31.968 6.852876339111192e+18
32.066 6.894870848491197e+18
32.164 6.591873348052311e+18
32.262 6.783318562290772e+18
32.36 6.763216814575102e+18
32.458 6.922616797129997e+18
32.556 6.341681351279245e+18
32.653999999999996 6.635475878787033e+18
32.752 6.576201464757683e+18
32.85 6.645656483182424e+18
32.948 6.529183820181218e+18
33.046 6.440325161804807e+18
33.144 6.286940462660835e+18
33.242000000000004 6.667581924112142e+18
33.34 6.411316697634127e+18
33.438 6.292427852594388e+18
33.536 6.275490279266574e+18
33.634 6.233422219126065e+18
33.732 6.218689174835678e+18
33.83 6.323348525802932e+18
33.928000000000004 6.368127022667531e+18
34.026 5.97775705293496e+18
34.124 6.065510793696208e+18
34.222 6.18189846928703e+18
34.32 6.214363588586641e+18
34.418 5.941317273941187e+18
34.516 5.957566140807115e+18
34.614000000000004 5.763747525509991e+18
34.712 6.090038650476416e+18
34.81 5.850452116948396e+18
34.908 5.851458492953483e+18
35.006 5.834455785149835e+18
35.104 5.760717323656328e+18
35.202 5.529328578856558e+18
35.300000000000004 5.751162608299363e+18
35.398 5.678721465291702e+18
35.496 5.593798434969194e+18
35.594 5.733469671340997e+18
35.692 5.510769152722846e+18
35.79 5.729547390044376e+18
35.888 5.395180364150271e+18
35.986000000000004 5.465022014478727e+18
36.084 5.435443634967796e+18
36.182 5.398843382014976e+18
36.28 5.499269803594611e+18
36.378 5.318469815185276e+18
36.476 5.593740332005462e+18
36.574 5.296373013972187e+18
36.672000000000004 5.289493296678136e+18
36.77 5.218431355304942e+18
36.868 5.395289693711564e+18
36.966 5.389751862260812e+18
37.064 5.245677556643561e+18
37.162 5.114640785073129e+18
37.26 5.029369095092839e+18
37.358000000000004 5.385489497403396e+18
37.456 4.962739451521881e+18
37.554 5.087173247792372e+18
37.652 5.048986081885302e+18
37.75 5.117995736021855e+18
37.848 5.016225952704993e+18
37.946 4.975956672662913e+18
38.044000000000004 4.767308438727632e+18
38.142 4.89937804035065e+18
38.24 4.865792022810888e+18
38.338 4.816470659577838e+18
38.436 4.750637557244481e+18
38.534 4.660455993758945e+18
38.632000000000005 4.803620044216619e+18
38.730000000000004 4.603564877168062e+18
38.828 4.746900505942645e+18
38.926 4.723710290724732e+18
39.024 4.71618360355077e+18
39.122 4.6044590455145037e+18
39.22 4.5700416599553116e+18
39.318000000000005 4.493898037193416e+18
39.416000000000004 4.599392192502157e+18
39.514 4.474039742901975e+18
39.612 4.4491529614528993e+18
39.71 4.524941339711345e+18
39.808 4.4204730302861036e+18
39.906 4.4282039993691075e+18
40.004000000000005 4.577749880313786e+18
40.102000000000004 4.299442023182653e+18
40.2 4.212243236894994e+18
40.298 4.468708283298896e+18
40.396 4.274773299335076e+18
40.494 4.4552848735806797e+18
40.592 4.329836096102661e+18
40.690000000000005 4.31672772337574e+18
40.788000000000004 4.186766764597215e+18
40.886 4.1114133238694513e+18
40.984 4.046434858895257e+18
41.082 4.1353041890413466e+18
41.18 4.0574994051467827e+18
41.278 4.14689961597618e+18
41.376000000000005 3.9734672313869097e+18
41.474000000000004 4.130199855699192e+18
41.572 3.875151757942945e+18
41.67 3.999331321637506e+18
41.768 4.0084476953415127e+18
41.866 3.975200467817898e+18
41.964 4.136960827169283e+18
42.062000000000005 3.8802264384842516e+18
42.160000000000004 3.9846097703839754e+18
42.258 3.8746841586383493e+18
42.356 3.7611145719450767e+18
42.454 3.728460208315803e+18
42.552 3.6590629624972314e+18
42.65 3.695476786054981e+18
42.748000000000005 3.655732930227455e+18
42.846000000000004 3.7190572121013565e+18
42.944 3.722625555992882e+18
43.042 3.5804476001228175e+18
43.14 3.72431504179847e+18
43.238 3.7099871112336466e+18
43.336 3.620571790285746e+18
43.434000000000005 3.6095389982962417e+18
43.532000000000004 3.4113569126256476e+18
43.63 3.5700901567494927e+18
43.728 3.4825742749339075e+18
43.826 3.466562788002296e+18
43.924 3.5552063189728824e+18
44.022 3.4813140784817213e+18
44.120000000000005 3.3662630403968384e+18
44.218 3.2929638827519933e+18
44.316 3.335846900934809e+18
44.414 3.3893237185352847e+18
44.512 3.26380049339945e+18
44.61 3.383597327800508e+18
44.708 3.25885937559656e+18
44.806000000000004 3.4297633572317594e+18
44.904 3.2214263542145423e+18
45.002 3.267058371177528e+18
45.1 3.296167224143132e+18
45.198 3.1038011788360177e+18
45.296 3.1763955036884526e+18
45.394 3.205438099163627e+18
45.492000000000004 3.3619701818654377e+18
45.59 3.231765612742082e+18
45.688 3.137466331879278e+18
45.786 3.1031852022741617e+18
45.884 3.0263919250796145e+18
45.982 3.0296429444585667e+18
46.08 2.9693040703403116e+18
46.178000000000004 2.9542639844265554e+18
46.276 2.982759343820839e+18
46.374 2.963930922543464e+18
46.472 2.962702965985294e+18
46.57 3.1225586482270566e+18
46.668 2.9565902110778184e+18
46.766 2.988259040191147e+18
46.864000000000004 3.0099510095042135e+18
46.962 2.824235712898276e+18
47.06 2.9136476176456136e+18
47.158 2.97224441117351e+18
47.256 2.8191726718633303e+18
47.354 2.6754400994933555e+18
47.452000000000005 2.8285692896033167e+18
47.550000000000004 2.766176054626531e+18
47.648 2.83584611917877e+18
47.746 2.8004207176175974e+18
47.844 2.8080257164777743e+18
47.942 2.721736272923146e+18
48.04 2.668511039357835e+18
48.138000000000005 2.731362649058e+18
48.236000000000004 2.6139169035521e+18
48.334 2.6127243962334525e+18
48.432 2.614175771463796e+18
48.53 2.5261544030593587e+18
48.628 2.660405007020944e+18
48.726 2.6727377495676836e+18
48.824000000000005 2.6773391034190387e+18
48.922000000000004 2.532646468599721e+18
49.02 2.60305393886137e+18
49.118 2.5022276339910845e+18
49.216 2.5427022162253937e+18
49.314 2.491414516133185e+18
49.412 2.514948650670209e+18
49.510000000000005 2.4364300898909496e+18
49.608000000000004 2.50143311447385e+18
49.706 2.504483480718663e+18
49.804 2.365118603546069e+18
49.902 2.476447576152386e+18
