1.0 2.7772268831882543e+19
1.098 2.9000706270480437e+19
1.196 2.9738902288833946e+19
1.294 2.981236517032433e+19
1.392 3.032260517072128e+19
1.49 3.0883475766477865e+19
1.588 3.1553639702452937e+19
1.686 3.182290015504673e+19
1.784 3.2773505932879323e+19
1.8820000000000001 3.2529346924190663e+19
1.98 3.320228683902837e+19
2.0780000000000003 3.331463366536278e+19
2.176 3.290433854896618e+19
2.274 3.46335339435032e+19
2.372 3.3569425818661536e+19
2.4699999999999998 3.4339624862954455e+19
2.568 3.455964376695459e+19
2.6660000000000004 3.4170937070502695e+19
2.7640000000000002 3.4552294156836504e+19
2.862 3.4955595041503945e+19
2.96 3.498223215584583e+19
3.0580000000000003 3.475227146965309e+19
3.156 3.5430086375791497e+19
3.254 3.564155259682287e+19
3.3520000000000003 3.4404199921642906e+19
3.45 3.532956807165354e+19
3.548 3.5324853007628014e+19
3.646 3.5794136098159915e+19
3.744 3.5113829966741647e+19
3.842 3.6087241713184604e+19
3.94 3.5673803778437997e+19
4.038 3.6397608503660863e+19
4.136 3.660627329646206e+19
4.234 3.559476128262255e+19
4.332000000000001 3.569979063290062e+19
4.43 3.632303767475636e+19
4.5280000000000005 3.599916356750309e+19
4.626 3.5684876358462677e+19
4.724 3.561588130272205e+19
4.822 3.6090591249215656e+19
4.92 3.664951185221713e+19
5.018 3.588853392635185e+19
5.1160000000000005 3.5569466963621278e+19
5.214 3.5513222431450345e+19
5.312 3.6317641378985865e+19
5.41 3.5418852155137954e+19
5.508 3.587310598194423e+19
5.606 3.550403520115033e+19
5.704000000000001 3.590077303105432e+19
5.8020000000000005 3.572304919768461e+19
5.9 3.422428315244129e+19
5.998 3.457170846934934e+19
6.096 3.529371105662442e+19
6.194 3.5203434067476394e+19
6.292 3.475011400048003e+19
6.390000000000001 3.5324891398223753e+19
6.488 3.574178316328275e+19
6.586 3.5344482479938327e+19
6.684 3.4856558158950453e+19
6.782 3.5218208864080114e+19
6.88 3.4840620691916562e+19
6.978000000000001 3.4632959789244113e+19
7.0760000000000005 3.434275963247126e+19
7.174 3.4661106326032495e+19
7.272 3.448396103965183e+19
7.37 3.333170326915211e+19
7.468 3.414721771355324e+19
7.566 3.3984259262525202e+19
7.664000000000001 3.417340053911766e+19
7.7620000000000005 3.3642065943365493e+19
7.86 3.315851200285559e+19
7.958 3.394514260281144e+19
8.056000000000001 3.3704935511433376e+19
8.154 3.3466186592917053e+19
8.252 3.381148482568356e+19
8.350000000000001 3.301854165730605e+19
8.448 3.246426372222594e+19
8.546 3.2660651739350766e+19
8.644 3.265797597135355e+19
8.742 3.2757204094721327e+19
8.84 3.2405922362980655e+19
8.938 3.228635784263741e+19
9.036 3.2265450965234663e+19
9.134 3.2791034886560776e+19
9.232000000000001 3.233390038900057e+19
9.33 3.173545538155623e+19
9.428 3.0945256360180765e+19
9.526 3.1464133366575292e+19
9.624 3.1202535494538895e+19
9.722 3.1360784991597244e+19
9.82 3.149846135145006e+19
9.918000000000001 3.074242015133596e+19
10.016 3.131641715527971e+19
10.114 3.1210302998339113e+19
10.212 3.0940192518613357e+19
10.31 3.1513310901376774e+19
10.408000000000001 3.0770746601576157e+19
10.506 3.096899649974735e+19
10.604000000000001 3.0233619260194124e+19
10.702 2.9817625761456415e+19
10.8 3.0890034941045453e+19
10.898 3.0125063530312843e+19
10.996 3.0622585967717065e+19
11.094000000000001 3.1110229941698118e+19
11.192 2.958233580597867e+19
11.290000000000001 2.9288939515707073e+19
11.388 2.959237842275577e+19
11.486 2.9386285194815287e+19
11.584 2.913430293236231e+19
11.682 2.9396400204286734e+19
11.780000000000001 2.8989662070767886e+19
11.878 2.8882801097672143e+19
11.976 2.852675530355515e+19
12.074 2.810907943783507e+19
12.172 2.838604013698494e+19
12.27 2.8003407787416293e+19
12.368 2.84695125949364e+19
12.466000000000001 2.809997894001597e+19
12.564 2.741406256917299e+19
12.662 2.8250029664745402e+19
12.76 2.790454562214196e+19
12.858 2.799260167075138e+19
12.956000000000001 2.8633403725459657e+19
13.054 2.7585606172313694e+19
13.152000000000001 2.7612479421301326e+19
13.25 2.7562081342164083e+19
13.348 2.6321766782572495e+19
13.446 2.603184583338784e+19
13.544 2.697776163206553e+19
13.642000000000001 2.6297611404491805e+19
13.74 2.6955771666263536e+19
13.838000000000001 2.6761216017854157e+19
13.936 2.681616830685383e+19
14.034 2.5960696225180107e+19
14.132 2.561384040993323e+19
14.23 2.565513776266576e+19
14.328000000000001 2.5996738071225647e+19
14.426 2.5983043032538915e+19
14.524000000000001 2.5816113219877614e+19
14.622 2.571116987719704e+19
14.72 2.5441459429722284e+19
14.818000000000001 2.5484762441775e+19
14.916 2.5117572966775013e+19
15.014000000000001 2.371560984719081e+19
15.112 2.431841075891708e+19
15.21 2.445594029246605e+19
15.308 2.5374579182251717e+19
15.406 2.428514280454323e+19
15.504000000000001 2.4241306881749664e+19
15.602 2.453980341086064e+19
15.700000000000001 2.4651390216851538e+19
15.798 2.408144833382708e+19
15.896 2.3997034404968604e+19
15.994 2.412860426695014e+19
16.092 2.4086578991856574e+19
16.19 2.4104694561990676e+19
16.288 2.3454266897274606e+19
16.386000000000003 2.3357251662206673e+19
16.484 2.360242414963803e+19
16.582 2.4032095123303023e+19
16.68 2.3060517621552878e+19
16.778 2.2863697739857342e+19
16.876 2.2542481181204533e+19
16.974 2.277452046008815e+19
17.072 2.2811584075365097e+19
17.17 2.277498165248321e+19
17.268 2.2289911985069003e+19
17.366 2.2134595670184698e+19
17.464000000000002 2.2031746350032384e+19
17.562 2.261258244837213e+19
17.66 2.202868299169258e+19
17.758 2.160558537627752e+19
17.856 2.205910640885337e+19
17.954 2.16050078720803e+19
18.052 2.1091696551267762e+19
18.150000000000002 2.1932770730637713e+19
18.248 2.1218813214957146e+19
18.346 2.1453585121468908e+19
18.444 2.0581300358780613e+19
18.542 2.1129785418705945e+19
18.64 2.125001223815568e+19
18.738 2.0801436301763564e+19
18.836000000000002 2.118103645094531e+19
18.934 2.0612886079155286e+19
19.032 2.000819818478131e+19
19.13 2.047605058730156e+19
19.228 2.0557560502091383e+19
19.326 2.0002266516254257e+19
19.424 2.0024474484520657e+19
19.522000000000002 2.0066227673872224e+19
19.62 2.0188133571463885e+19
19.718 1.9222524698736947e+19
19.816000000000003 1.9947573841694417e+19
19.914 1.932887921662714e+19
20.012 1.9440815153159496e+19
20.11 1.9232397828913414e+19
20.208000000000002 1.891146174757123e+19
20.306 1.8872618863489065e+19
20.404 1.9140792740546392e+19
20.502000000000002 1.882924939423787e+19
20.6 1.9040203221537784e+19
20.698 1.827501218826939e+19
20.796 1.875484189908094e+19
20.894000000000002 1.8676244656583795e+19
20.992 1.8220794617053125e+19
21.09 1.8450355257349915e+19
21.188000000000002 1.8517378449121583e+19
21.286 1.7758329886878005e+19
21.384 1.8556519442453082e+19
21.482 1.7426000451983059e+19
21.580000000000002 1.8289912949354938e+19
21.678 1.7670386982847652e+19
21.776 1.7813124317043354e+19
21.874000000000002 1.7840657883446528e+19
21.972 1.7279946991598424e+19
22.07 1.7349894335740207e+19
22.168 1.7143800241031854e+19
22.266000000000002 1.7439948500888359e+19
22.364 1.754011675074204e+19
22.462 1.7299145326545465e+19
22.560000000000002 1.6517977725285777e+19
22.658 1.6601808110814329e+19
22.756 1.720354343183904e+19
22.854 1.695106184927657e+19
22.952 1.6586905774197582e+19
23.05 1.6052506094827719e+19
23.148 1.646924143221434e+19
23.246000000000002 1.63063032608269e+19
23.344 1.6314653457849735e+19
23.442 1.6369788154259325e+19
23.54 1.5871787439477297e+19
23.638 1.5895529179572392e+19
23.736 1.553796000579495e+19
23.834 1.5769857693614758e+19
23.932000000000002 1.555345935325417e+19
24.03 1.5830995440704748e+19
24.128 1.5489306464925424e+19
24.226000000000003 1.5239535691623926e+19
24.324 1.568166851395954e+19
24.422 1.5470096466217478e+19
24.52 1.5089986668355457e+19
24.618000000000002 1.5446313673085794e+19
24.716 1.4866918670953656e+19
24.814 1.4950500404895074e+19
24.912000000000003 1.4994045285682063e+19
25.01 1.5081528223729164e+19
25.108 1.5084760936856277e+19
25.206 1.4355064630237118e+19
25.304000000000002 1.4642345825589363e+19
25.402 1.412457827676483e+19
25.5 1.4354660633359415e+19
25.598000000000003 1.435800642278466e+19
25.696 1.3917923827096693e+19
25.794 1.4320846751586298e+19
25.892 1.4216087212276158e+19
25.990000000000002 1.3880510301018524e+19
26.088 1.3940811829855185e+19
26.186 1.3663320408139905e+19
26.284000000000002 1.3658821037571158e+19
26.382 1.396952976059337e+19
26.48 1.3753537933229244e+19
26.578 1.3292886651017335e+19
26.676000000000002 1.3358817136219236e+19
26.774 1.3675151302417146e+19
26.872 1.3060613646538904e+19
26.970000000000002 1.3341367139677084e+19
27.068 1.3247970530890627e+19
27.166 1.3161723430398884e+19
27.264 1.272669282056767e+19
27.362000000000002 1.2946936298462042e+19
27.46 1.2752179191604531e+19
27.558 1.313806484905394e+19
27.656000000000002 1.2372091317860098e+19
27.754 1.2468244686350629e+19
27.852 1.2381222069007944e+19
27.95 1.296175418204792e+19
28.048000000000002 1.2469374325624136e+19
28.146 1.2394265209523102e+19
28.244 1.2509520344337633e+19
28.342000000000002 1.2371965950369423e+19
28.44 1.220808976346945e+19
28.538 1.2230477361817414e+19
28.636000000000003 1.1967445682175425e+19
28.734 1.2194579139821746e+19
28.832 1.1920681859320504e+19
28.93 1.2007559984180494e+19
29.028000000000002 1.2041754815021167e+19
29.126 1.148239416827982e+19
29.224 1.121683015079066e+19
29.322000000000003 1.1697764397289849e+19
29.42 1.1628082340953123e+19
29.518 1.1499120281529784e+19
29.616 1.1630567688113277e+19
29.714000000000002 1.1456522337181663e+19
29.812 1.12783168098133e+19
29.91 1.124826903018835e+19
30.008000000000003 1.1326066575378809e+19
30.106 1.0891619896305963e+19
30.204 1.121705616870911e+19
30.302 1.0957303795907043e+19
30.400000000000002 1.0890792698121918e+19
30.498 1.0552449397806283e+19
30.596 1.0527282674559056e+19
30.694000000000003 1.0623284464803195e+19
30.792 1.0602055750927677e+19
30.89 1.0433286167099083e+19
30.988 1.0555874661798052e+19
31.086000000000002 1.0026921755299498e+19
31.184 1.0255945634078601e+19
31.282 1.0309733912367852e+19
31.380000000000003 1.0542852337996968e+19
31.478 1.0254235112959027e+19
31.576 1.0210830537044896e+19
31.674 9.711317756069313e+18
31.772000000000002 1.0153452473427743e+19
31.87 9.949619541677152e+18
31.968 9.898527306654173e+18
32.066 9.86155401518384e+18
32.164 9.613977701276619e+18
32.262 9.633583215822428e+18
32.36 9.514269611169194e+18
32.458 9.847308228276079e+18
32.556 9.351507357446631e+18
32.653999999999996 9.475802086423865e+18
32.752 9.361641726000947e+18
32.85 9.43363823452929e+18
32.948 9.3825228800563e+18
33.046 9.197992343929029e+18
33.144 9.023512180942027e+18
33.242000000000004 9.370708220271852e+18
33.34 9.067117937258208e+18
33.438 8.981252631981908e+18
33.536 8.892382172404438e+18
33.634 8.860144777875827e+18
33.732 8.873236648367069e+18
33.83 9.135692974453252e+18
33.928000000000004 8.985204788267455e+18
34.026 8.512744167614188e+18
34.124 8.683014957027514e+18
34.222 8.849652047706231e+18
34.32 8.963190671672615e+18
34.418 8.498992881855238e+18
34.516 8.432502347772031e+18
34.614000000000004 8.142888759325249e+18
34.712 8.600405291967408e+18
34.81 8.331063887787052e+18
34.908 8.323739082486775e+18
35.006 8.256287800304337e+18
35.104 8.197786065135282e+18
35.202 8.043566863700897e+18
35.300000000000004 8.268685536418273e+18
35.398 7.988672634362069e+18
35.496 7.811289431378794e+18
35.594 8.189124844396029e+18
35.692 7.960403286358732e+18
35.79 7.976862929673488e+18
35.888 7.687414909406442e+18
35.986000000000004 7.785086279156589e+18
36.084 7.851831430215062e+18
36.182 7.49187415802968e+18
36.28 7.779024708667639e+18
36.378 7.637982649467406e+18
36.476 7.849105097920226e+18
36.574 7.453330172091701e+18
36.672000000000004 7.35139000160172e+18
36.77 7.44612662524138e+18
36.868 7.568554517899408e+18
36.966 7.434879475129868e+18
37.064 7.349669041275156e+18
37.162 7.178645379846396e+18
37.26 7.215597040571101e+18
37.358000000000004 7.405554015374742e+18
37.456 7.056479110008604e+18
37.554 7.195762046270462e+18
37.652 7.041006250667192e+18
37.75 7.143761875480422e+18
37.848 7.016126037490953e+18
37.946 6.920587415100047e+18
38.044000000000004 6.896686205270666e+18
38.142 6.828625519589944e+18
38.24 6.802464061118206e+18
38.338 6.740403490383868e+18
38.436 6.675978682882477e+18
38.534 6.582925583650033e+18
38.632000000000005 6.704522742851836e+18
38.730000000000004 6.504489035530177e+18
38.828 6.650718013492981e+18
38.926 6.631895193289609e+18
39.024 6.525795563495586e+18
39.122 6.466257298954478e+18
39.22 6.349110804893061e+18
39.318000000000005 6.297347122627877e+18
39.416000000000004 6.466445522573739e+18
39.514 6.291110613535012e+18
39.612 6.233086727335031e+18
39.71 6.264794838151735e+18
39.808 6.145683854739375e+18
39.906 6.223798907882015e+18
40.004000000000005 6.38727840945625e+18
40.102000000000004 6.087991200805193e+18
40.2 5.9656961967846e+18
40.298 6.261661563812947e+18
40.396 5.880497793648679e+18
40.494 6.182119752617005e+18
40.592 5.97749200499032e+18
40.690000000000005 6.088769051939499e+18
40.788000000000004 5.877932836306464e+18
40.886 5.790575987627979e+18
40.984 5.700329854500531e+18
41.082 5.73714520714006e+18
41.18 5.608025039894779e+18
41.278 5.782019816067127e+18
41.376000000000005 5.595157253886418e+18
41.474000000000004 5.696553549188332e+18
41.572 5.524138656732835e+18
41.67 5.576582880976625e+18
41.768 5.629075684694455e+18
41.866 5.545055493972835e+18
41.964 5.656159702369116e+18
42.062000000000005 5.404385618393544e+18
42.160000000000004 5.498086077179108e+18
42.258 5.413012709065411e+18
42.356 5.342760959994774e+18
42.454 5.203637255037143e+18
42.552 5.039897972561391e+18
42.65 5.121664479983602e+18
42.748000000000005 5.106116413829652e+18
42.846000000000004 5.181745152940009e+18
42.944 5.195033016404145e+18
43.042 5.027331369009051e+18
43.14 5.064414100992394e+18
43.238 5.083499474809746e+18
43.336 5.045093622495942e+18
43.434000000000005 4.966774207283872e+18
43.532000000000004 4.767236299460146e+18
43.63 4.838579825932649e+18
43.728 4.848912320907923e+18
43.826 4.811898699757784e+18
43.924 4.935994902252391e+18
44.022 4.814729419978464e+18
44.120000000000005 4.756609364604731e+18
44.218 4.5927313206307343e+18
44.316 4.693951596812703e+18
44.414 4.685107360491996e+18
44.512 4.4658720524138245e+18
44.61 4.705958435383308e+18
44.708 4.530723727324188e+18
44.806000000000004 4.703796638649021e+18
44.904 4.5038737483764116e+18
45.002 4.5744147631849723e+18
45.1 4.5644363180586573e+18
45.198 4.288150315546451e+18
45.296 4.4413992483986017e+18
45.394 4.3837926300806006e+18
45.492000000000004 4.5773710656659185e+18
45.59 4.4521392584281533e+18
45.688 4.314456610863276e+18
45.786 4.262321488842508e+18
45.884 4.213801708477719e+18
45.982 4.198813301688988e+18
46.08 4.1066186468698644e+18
46.178000000000004 4.0883658687653064e+18
46.276 4.216189448456041e+18
46.374 4.0857247899496673e+18
46.472 4.1700723650022016e+18
46.57 4.259413340893476e+18
46.668 4.063210925884776e+18
46.766 4.1360932887599626e+18
46.864000000000004 4.1376977090125056e+18
46.962 4.01589092566474e+18
47.06 3.927706186790268e+18
47.158 4.022032660697543e+18
47.256 4.0170156678373176e+18
47.354 3.794138496741101e+18
47.452000000000005 3.890876423168582e+18
47.550000000000004 3.857822433588426e+18
47.648 3.870613430204225e+18
47.746 3.8261284486096015e+18
47.844 3.8594735351485716e+18
47.942 3.794073692223719e+18
48.04 3.715092735746537e+18
48.138000000000005 3.7654330574769746e+18
48.236000000000004 3.6517559607910984e+18
48.334 3.680342762107906e+18
48.432 3.713169810817511e+18
48.53 3.520946142609721e+18
48.628 3.6287880776878136e+18
48.726 3.689603375717707e+18
48.824000000000005 3.740209993951821e+18
48.922000000000004 3.47992998790956e+18
49.02 3.5790377229622067e+18
49.118 3.470994755887785e+18
49.216 3.5420285839522007e+18
49.314 3.4569453704982175e+18
49.412 3.468190290752281e+18
49.510000000000005 3.3702915048290714e+18
49.608000000000004 3.407036358222862e+18
49.706 3.417596739175822e+18
49.804 3.314849763756069e+18
49.902 3.3537250929208653e+18
