1.00000e+03  1.062e+13  9.229586e-01  0.000000e+00  0.000000e+00
1.49000e+03  1.363e+13  9.072819e-01  0.000000e+00  0.000000e+00
1.98000e+03  1.615e+13  8.954048e-01  0.000000e+00  0.000000e+00
2.47000e+03  1.830e+13  8.859876e-01  0.000000e+00  0.000000e+00
2.96000e+03  2.014e+13  8.783092e-01  0.000000e+00  0.000000e+00
3.45000e+03  2.172e+13  8.719299e-01  0.000000e+00  0.000000e+00
3.94000e+03  2.308e+13  8.665589e-01  0.000000e+00  0.000000e+00
4.43000e+03  2.424e+13  8.619930e-01  0.000000e+00  0.000000e+00
4.92000e+03  2.524e+13  8.580841e-01  0.000000e+00  0.000000e+00
5.41000e+03  2.607e+13  8.547208e-01  0.000000e+00  0.000000e+00
5.90000e+03  2.677e+13  8.518172e-01  0.000000e+00  0.000000e+00
6.39000e+03  2.734e+13  8.493052e-01  0.000000e+00  0.000000e+00
6.88000e+03  2.781e+13  8.471305e-01  0.000000e+00  0.000000e+00
7.37000e+03  2.817e+13  8.452485e-01  0.000000e+00  0.000000e+00
7.86000e+03  2.843e+13  8.436227e-01  0.000000e+00  0.000000e+00
8.35000e+03  2.862e+13  8.422223e-01  0.000000e+00  0.000000e+00
8.84000e+03  2.873e+13  8.410216e-01  0.000000e+00  0.000000e+00
9.33000e+03  2.878e+13  8.399985e-01  0.000000e+00  0.000000e+00
9.82000e+03  2.876e+13  8.391341e-01  0.000000e+00  0.000000e+00
1.03100e+04  2.869e+13  8.384122e-01  0.000000e+00  0.000000e+00
1.08000e+04  2.856e+13  8.378185e-01  0.000000e+00  0.000000e+00
1.12900e+04  2.840e+13  8.373407e-01  0.000000e+00  0.000000e+00
1.17800e+04  2.819e+13  8.369677e-01  0.000000e+00  0.000000e+00
1.22700e+04  2.795e+13  8.366901e-01  0.000000e+00  0.000000e+00
1.27600e+04  2.768e+13  8.364992e-01  0.000000e+00  0.000000e+00
1.32500e+04  2.738e+13  8.363874e-01  0.000000e+00  0.000000e+00
1.37400e+04  2.705e+13  8.363478e-01  0.000000e+00  0.000000e+00
1.42300e+04  2.671e+13  8.363743e-01  0.000000e+00  0.000000e+00
1.47200e+04  2.634e+13  8.364614e-01  0.000000e+00  0.000000e+00
1.52100e+04  2.596e+13  8.366041e-01  0.000000e+00  0.000000e+00
1.57000e+04  2.556e+13  8.367996e-01  0.000000e+00  0.000000e+00
1.61900e+04  2.515e+13  8.370410e-01  0.000000e+00  0.000000e+00
1.66800e+04  2.473e+13  8.373257e-01  0.000000e+00  0.000000e+00
1.71700e+04  2.430e+13  8.376503e-01  0.000000e+00  0.000000e+00
1.76600e+04  2.386e+13  8.380115e-01  0.000000e+00  0.000000e+00
1.81500e+04  2.342e+13  8.384072e-01  0.000000e+00  0.000000e+00
1.86400e+04  2.297e+13  8.388338e-01  0.000000e+00  0.000000e+00
1.91300e+04  2.252e+13  8.392891e-01  0.000000e+00  0.000000e+00
1.96200e+04  2.207e+13  8.397711e-01  0.000000e+00  0.000000e+00
2.01100e+04  2.162e+13  8.402775e-01  0.000000e+00  0.000000e+00
2.06000e+04  2.117e+13  8.408075e-01  0.000000e+00  0.000000e+00
2.10900e+04  2.072e+13  8.413576e-01  0.000000e+00  0.000000e+00
2.15800e+04  2.027e+13  8.419268e-01  0.000000e+00  0.000000e+00
2.20700e+04  1.983e+13  8.425137e-01  0.000000e+00  0.000000e+00
2.25600e+04  1.938e+13  8.431169e-01  0.000000e+00  0.000000e+00
2.30500e+04  1.894e+13  8.437350e-01  0.000000e+00  0.000000e+00
2.35400e+04  1.851e+13  8.443667e-01  0.000000e+00  0.000000e+00
2.40300e+04  1.808e+13  8.450109e-01  0.000000e+00  0.000000e+00
2.45200e+04  1.765e+13  8.456666e-01  0.000000e+00  0.000000e+00
2.50100e+04  1.723e+13  8.463326e-01  0.000000e+00  0.000000e+00
2.55000e+04  1.682e+13  8.470076e-01  0.000000e+00  0.000000e+00
2.59900e+04  1.641e+13  8.476915e-01  0.000000e+00  0.000000e+00
2.64800e+04  1.600e+13  8.483833e-01  0.000000e+00  0.000000e+00
2.69700e+04  1.561e+13  8.490815e-01  0.000000e+00  0.000000e+00
2.74600e+04  1.522e+13  8.497863e-01  0.000000e+00  0.000000e+00
2.79500e+04  1.483e+13  8.504966e-01  0.000000e+00  0.000000e+00
2.84400e+04  1.446e+13  8.512095e-01  0.000000e+00  0.000000e+00
2.89300e+04  1.409e+13  8.519279e-01  0.000000e+00  0.000000e+00
2.94200e+04  1.372e+13  8.526505e-01  0.000000e+00  0.000000e+00
2.99100e+04  1.337e+13  8.533762e-01  0.000000e+00  0.000000e+00
3.04000e+04  1.302e+13  8.541045e-01  0.000000e+00  0.000000e+00
3.08900e+04  1.268e+13  8.548350e-01  0.000000e+00  0.000000e+00
3.13800e+04  1.234e+13  8.555671e-01  0.000000e+00  0.000000e+00
3.18700e+04  1.201e+13  8.563006e-01  0.000000e+00  0.000000e+00
3.23600e+04  1.169e+13  8.570350e-01  0.000000e+00  0.000000e+00
3.28500e+04  1.138e+13  8.577698e-01  0.000000e+00  0.000000e+00
3.33400e+04  1.107e+13  8.585049e-01  0.000000e+00  0.000000e+00
3.38300e+04  1.077e+13  8.592398e-01  0.000000e+00  0.000000e+00
3.43200e+04  1.048e+13  8.599743e-01  0.000000e+00  0.000000e+00
3.48100e+04  1.019e+13  8.607080e-01  0.000000e+00  0.000000e+00
3.53000e+04  9.911e+12  8.614406e-01  0.000000e+00  0.000000e+00
3.57900e+04  9.637e+12  8.621720e-01  0.000000e+00  0.000000e+00
3.62800e+04  9.371e+12  8.629019e-01  0.000000e+00  0.000000e+00
3.67700e+04  9.110e+12  8.636300e-01  0.000000e+00  0.000000e+00
3.72600e+04  8.856e+12  8.643561e-01  0.000000e+00  0.000000e+00
3.77500e+04  8.608e+12  8.650801e-01  0.000000e+00  0.000000e+00
3.82400e+04  8.366e+12  8.658018e-01  0.000000e+00  0.000000e+00
3.87300e+04  8.130e+12  8.665209e-01  0.000000e+00  0.000000e+00
3.92200e+04  7.900e+12  8.672373e-01  0.000000e+00  0.000000e+00
3.97100e+04  7.676e+12  8.679509e-01  0.000000e+00  0.000000e+00
4.02000e+04  7.458e+12  8.686616e-01  0.000000e+00  0.000000e+00
4.06900e+04  7.245e+12  8.693691e-01  0.000000e+00  0.000000e+00
4.11800e+04  7.038e+12  8.700733e-01  0.000000e+00  0.000000e+00
4.16700e+04  6.836e+12  8.707742e-01  0.000000e+00  0.000000e+00
4.21600e+04  6.640e+12  8.714716e-01  0.000000e+00  0.000000e+00
4.26500e+04  6.449e+12  8.721655e-01  0.000000e+00  0.000000e+00
4.31400e+04  6.262e+12  8.728557e-01  0.000000e+00  0.000000e+00
4.36300e+04  6.081e+12  8.735421e-01  0.000000e+00  0.000000e+00
4.41200e+04  5.905e+12  8.742248e-01  0.000000e+00  0.000000e+00
4.46100e+04  5.733e+12  8.749035e-01  0.000000e+00  0.000000e+00
4.51000e+04  5.566e+12  8.755782e-01  0.000000e+00  0.000000e+00
4.55900e+04  5.403e+12  8.762490e-01  0.000000e+00  0.000000e+00
4.60800e+04  5.245e+12  8.769156e-01  0.000000e+00  0.000000e+00
4.65700e+04  5.092e+12  8.775781e-01  0.000000e+00  0.000000e+00
4.70600e+04  4.942e+12  8.782364e-01  0.000000e+00  0.000000e+00
4.75500e+04  4.797e+12  8.788905e-01  0.000000e+00  0.000000e+00
4.80400e+04  4.655e+12  8.795403e-01  0.000000e+00  0.000000e+00
4.85300e+04  4.518e+12  8.801858e-01  0.000000e+00  0.000000e+00
4.90200e+04  4.384e+12  8.808270e-01  0.000000e+00  0.000000e+00
4.95100e+04  4.254e+12  8.814638e-01  0.000000e+00  0.000000e+00
5.00000e+04  4.128e+12  8.820962e-01  0.000000e+00  0.000000e+00
