1.00000e+03       2.416e+13    2.626e+15  2.567e+12 5.965e-05 2.454e-05 4.430e-04 4.238e-04  1.009e+09  2.005e-07  5.9418e-04  1.5099e-03
1.49000e+03       3.098e+13    3.369e+15  2.786e+12 5.965e-05 2.454e-05 3.812e-04 3.587e-04  5.831e+08  1.158e-07  4.6346e-04  1.1974e-03
1.98000e+03       3.676e+13    3.997e+15  2.922e+12 5.965e-05 2.454e-05 3.423e-04 3.171e-04  3.918e+08  7.783e-08  3.8837e-04  1.0194e-03
2.47000e+03       4.177e+13    4.541e+15  3.008e+12 5.965e-05 2.454e-05 3.149e-04 2.873e-04  2.861e+08  5.683e-08  3.3841e-04  9.0190e-04
2.96000e+03       4.616e+13    5.019e+15  3.061e+12 5.965e-05 2.454e-05 2.943e-04 2.645e-04  2.201e+08  4.373e-08  3.0218e-04  8.1742e-04
3.45000e+03       5.004e+13    5.441e+15  3.090e+12 5.965e-05 2.454e-05 2.781e-04 2.463e-04  1.757e+08  3.489e-08  2.7439e-04  7.5312e-04
3.94000e+03       5.347e+13    5.814e+15  3.101e+12 5.965e-05 2.454e-05 2.649e-04 2.313e-04  1.439e+08  2.859e-08  2.5222e-04  7.0217e-04
4.43000e+03       5.652e+13    6.145e+15  3.098e+12 5.965e-05 2.454e-05 2.539e-04 2.187e-04  1.203e+08  2.390e-08  2.3400e-04  6.6058e-04
4.92000e+03       5.922e+13    6.438e+15  3.085e+12 5.965e-05 2.454e-05 2.447e-04 2.078e-04  1.022e+08  2.030e-08  2.1869e-04  6.2583e-04
5.41000e+03       6.160e+13    6.698e+15  3.064e+12 5.965e-05 2.454e-05 2.367e-04 1.984e-04  8.795e+07  1.747e-08  2.0558e-04  5.9624e-04
5.90000e+03       6.371e+13    6.927e+15  3.036e+12 5.965e-05 2.454e-05 2.298e-04 1.901e-04  7.647e+07  1.519e-08  1.9419e-04  5.7068e-04
6.39000e+03       6.556e+13    7.128e+15  3.002e+12 5.965e-05 2.454e-05 2.237e-04 1.827e-04  6.709e+07  1.333e-08  1.8419e-04  5.4830e-04
6.88000e+03       6.717e+13    7.304e+15  2.964e+12 5.965e-05 2.454e-05 2.183e-04 1.760e-04  5.930e+07  1.178e-08  1.7530e-04  5.2850e-04
7.37000e+03       6.857e+13    7.456e+15  2.922e+12 5.965e-05 2.454e-05 2.134e-04 1.700e-04  5.275e+07  1.048e-08  1.6734e-04  5.1082e-04
7.86000e+03       6.977e+13    7.586e+15  2.878e+12 5.965e-05 2.454e-05 2.091e-04 1.645e-04  4.719e+07  9.374e-09  1.6016e-04  4.9492e-04
8.35000e+03       7.079e+13    7.697e+15  2.831e+12 5.965e-05 2.454e-05 2.052e-04 1.595e-04  4.243e+07  8.428e-09  1.5364e-04  4.8051e-04
8.84000e+03       7.164e+13    7.790e+15  2.782e+12 5.965e-05 2.454e-05 2.016e-04 1.549e-04  3.831e+07  7.610e-09  1.4769e-04  4.6737e-04
9.33000e+03       7.234e+13    7.865e+15  2.732e+12 5.965e-05 2.454e-05 1.984e-04 1.506e-04  3.472e+07  6.898e-09  1.4222e-04  4.5533e-04
9.82000e+03       7.289e+13    7.925e+15  2.681e+12 5.965e-05 2.454e-05 1.954e-04 1.467e-04  3.158e+07  6.274e-09  1.3719e-04  4.4424e-04
1.03100e+04       7.331e+13    7.971e+15  2.629e+12 5.965e-05 2.454e-05 1.927e-04 1.430e-04  2.882e+07  5.724e-09  1.3252e-04  4.3398e-04
1.08000e+04       7.360e+13    8.003e+15  2.576e+12 5.965e-05 2.454e-05 1.901e-04 1.396e-04  2.637e+07  5.238e-09  1.2819e-04  4.2445e-04
1.12900e+04       7.378e+13    8.022e+15  2.523e+12 5.965e-05 2.454e-05 1.878e-04 1.364e-04  2.419e+07  4.805e-09  1.2416e-04  4.1557e-04
1.17800e+04       7.386e+13    8.031e+15  2.470e+12 5.965e-05 2.454e-05 1.856e-04 1.334e-04  2.224e+07  4.418e-09  1.2039e-04  4.0727e-04
1.22700e+04       7.384e+13    8.028e+15  2.417e+12 5.965e-05 2.454e-05 1.836e-04 1.306e-04  2.049e+07  4.071e-09  1.1685e-04  3.9948e-04
1.27600e+04       7.372e+13    8.016e+15  2.364e+12 5.965e-05 2.454e-05 1.817e-04 1.279e-04  1.892e+07  3.758e-09  1.1353e-04  3.9216e-04
1.32500e+04       7.353e+13    7.995e+15  2.311e+12 5.965e-05 2.454e-05 1.799e-04 1.254e-04  1.750e+07  3.476e-09  1.1041e-04  3.8526e-04
1.37400e+04       7.325e+13    7.965e+15  2.258e+12 5.965e-05 2.454e-05 1.783e-04 1.230e-04  1.621e+07  3.221e-09  1.0746e-04  3.7873e-04
1.42300e+04       7.291e+13    7.928e+15  2.206e+12 5.965e-05 2.454e-05 1.767e-04 1.207e-04  1.505e+07  2.989e-09  1.0467e-04  3.7256e-04
1.47200e+04       7.250e+13    7.883e+15  2.155e+12 5.965e-05 2.454e-05 1.753e-04 1.186e-04  1.398e+07  2.777e-09  1.0204e-04  3.6671e-04
1.52100e+04       7.203e+13    7.832e+15  2.104e+12 5.965e-05 2.454e-05 1.739e-04 1.165e-04  1.301e+07  2.585e-09  9.9532e-05  3.6114e-04
1.57000e+04       7.151e+13    7.775e+15  2.054e+12 5.965e-05 2.454e-05 1.726e-04 1.145e-04  1.212e+07  2.408e-09  9.7154e-05  3.5584e-04
1.61900e+04       7.094e+13    7.713e+15  2.004e+12 5.965e-05 2.454e-05 1.713e-04 1.127e-04  1.131e+07  2.246e-09  9.4891e-05  3.5078e-04
1.66800e+04       7.032e+13    7.646e+15  1.955e+12 5.965e-05 2.454e-05 1.702e-04 1.109e-04  1.056e+07  2.098e-09  9.2736e-05  3.4595e-04
1.71700e+04       6.965e+13    7.574e+15  1.907e+12 5.965e-05 2.454e-05 1.691e-04 1.092e-04  9.873e+06  1.961e-09  9.0679e-05  3.4133e-04
1.76600e+04       6.895e+13    7.498e+15  1.859e+12 5.965e-05 2.454e-05 1.680e-04 1.076e-04  9.239e+06  1.835e-09  8.8715e-05  3.3690e-04
1.81500e+04       6.822e+13    7.418e+15  1.813e+12 5.965e-05 2.454e-05 1.670e-04 1.060e-04  8.653e+06  1.719e-09  8.6836e-05  3.3266e-04
1.86400e+04       6.745e+13    7.334e+15  1.767e+12 5.965e-05 2.454e-05 1.661e-04 1.045e-04  8.112e+06  1.611e-09  8.5038e-05  3.2858e-04
1.91300e+04       6.666e+13    7.248e+15  1.722e+12 5.965e-05 2.454e-05 1.652e-04 1.030e-04  7.611e+06  1.512e-09  8.3315e-05  3.2467e-04
1.96200e+04       6.584e+13    7.159e+15  1.678e+12 5.965e-05 2.454e-05 1.643e-04 1.016e-04  7.147e+06  1.420e-09  8.1662e-05  3.2090e-04
2.01100e+04       6.500e+13    7.067e+15  1.634e+12 5.965e-05 2.454e-05 1.635e-04 1.003e-04  6.716e+06  1.334e-09  8.0075e-05  3.1727e-04
2.06000e+04       6.414e+13    6.974e+15  1.592e+12 5.965e-05 2.454e-05 1.627e-04 9.901e-05  6.315e+06  1.255e-09  7.8550e-05  3.1376e-04
2.10900e+04       6.326e+13    6.878e+15  1.550e+12 5.965e-05 2.454e-05 1.619e-04 9.776e-05  5.943e+06  1.181e-09  7.7084e-05  3.1038e-04
2.15800e+04       6.236e+13    6.781e+15  1.510e+12 5.965e-05 2.454e-05 1.612e-04 9.656e-05  5.596e+06  1.112e-09  7.5672e-05  3.0712e-04
2.20700e+04       6.146e+13    6.682e+15  1.470e+12 5.965e-05 2.454e-05 1.605e-04 9.539e-05  5.272e+06  1.047e-09  7.4312e-05  3.0397e-04
2.25600e+04       6.054e+13    6.583e+15  1.431e+12 5.965e-05 2.454e-05 1.598e-04 9.427e-05  4.970e+06  9.873e-10  7.3001e-05  3.0091e-04
2.30500e+04       5.961e+13    6.482e+15  1.393e+12 5.965e-05 2.454e-05 1.592e-04 9.318e-05  4.688e+06  9.313e-10  7.1736e-05  2.9796e-04
2.35400e+04       5.868e+13    6.380e+15  1.355e+12 5.965e-05 2.454e-05 1.586e-04 9.212e-05  4.425e+06  8.790e-10  7.0515e-05  2.9509e-04
2.40300e+04       5.774e+13    6.278e+15  1.319e+12 5.965e-05 2.454e-05 1.580e-04 9.110e-05  4.178e+06  8.300e-10  6.9336e-05  2.9232e-04
2.45200e+04       5.680e+13    6.175e+15  1.283e+12 5.965e-05 2.454e-05 1.574e-04 9.011e-05  3.947e+06  7.841e-10  6.8195e-05  2.8962e-04
2.50100e+04       5.585e+13    6.072e+15  1.248e+12 5.965e-05 2.454e-05 1.569e-04 8.915e-05  3.731e+06  7.411e-10  6.7093e-05  2.8701e-04
2.55000e+04       5.490e+13    5.969e+15  1.214e+12 5.965e-05 2.454e-05 1.563e-04 8.822e-05  3.528e+06  7.008e-10  6.6026e-05  2.8447e-04
2.59900e+04       5.395e+13    5.866e+15  1.181e+12 5.965e-05 2.454e-05 1.558e-04 8.731e-05  3.337e+06  6.630e-10  6.4993e-05  2.8200e-04
2.64800e+04       5.300e+13    5.763e+15  1.149e+12 5.965e-05 2.454e-05 1.553e-04 8.643e-05  3.159e+06  6.274e-10  6.3992e-05  2.7960e-04
2.69700e+04       5.206e+13    5.660e+15  1.117e+12 5.965e-05 2.454e-05 1.549e-04 8.558e-05  2.991e+06  5.941e-10  6.3021e-05  2.7726e-04
2.74600e+04       5.112e+13    5.558e+15  1.086e+12 5.965e-05 2.454e-05 1.544e-04 8.475e-05  2.833e+06  5.627e-10  6.2081e-05  2.7499e-04
2.79500e+04       5.018e+13    5.456e+15  1.056e+12 5.965e-05 2.454e-05 1.540e-04 8.394e-05  2.684e+06  5.332e-10  6.1168e-05  2.7277e-04
2.84400e+04       4.924e+13    5.354e+15  1.026e+12 5.965e-05 2.454e-05 1.535e-04 8.315e-05  2.544e+06  5.054e-10  6.0281e-05  2.7061e-04
2.89300e+04       4.831e+13    5.253e+15  9.978e+11 5.965e-05 2.454e-05 1.531e-04 8.239e-05  2.412e+06  4.791e-10  5.9420e-05  2.6849e-04
2.94200e+04       4.739e+13    5.153e+15  9.699e+11 5.965e-05 2.454e-05 1.527e-04 8.164e-05  2.288e+06  4.545e-10  5.8583e-05  2.6644e-04
2.99100e+04       4.647e+13    5.053e+15  9.427e+11 5.965e-05 2.454e-05 1.523e-04 8.091e-05  2.171e+06  4.312e-10  5.7770e-05  2.6443e-04
3.04000e+04       4.557e+13    4.954e+15  9.161e+11 5.965e-05 2.454e-05 1.520e-04 8.020e-05  2.060e+06  4.093e-10  5.6980e-05  2.6247e-04
3.08900e+04       4.466e+13    4.856e+15  8.903e+11 5.965e-05 2.454e-05 1.516e-04 7.951e-05  1.956e+06  3.885e-10  5.6211e-05  2.6056e-04
3.13800e+04       4.377e+13    4.760e+15  8.651e+11 5.965e-05 2.454e-05 1.513e-04 7.883e-05  1.858e+06  3.690e-10  5.5462e-05  2.5869e-04
3.18700e+04       4.289e+13    4.664e+15  8.406e+11 5.965e-05 2.454e-05 1.509e-04 7.817e-05  1.765e+06  3.505e-10  5.4734e-05  2.5686e-04
3.23600e+04       4.202e+13    4.569e+15  8.167e+11 5.965e-05 2.454e-05 1.506e-04 7.753e-05  1.677e+06  3.331e-10  5.4024e-05  2.5508e-04
3.28500e+04       4.115e+13    4.475e+15  7.934e+11 5.965e-05 2.454e-05 1.503e-04 7.690e-05  1.594e+06  3.166e-10  5.3333e-05  2.5333e-04
3.33400e+04       4.030e+13    4.382e+15  7.707e+11 5.965e-05 2.454e-05 1.499e-04 7.628e-05  1.515e+06  3.009e-10  5.2659e-05  2.5162e-04
3.38300e+04       3.946e+13    4.290e+15  7.487e+11 5.965e-05 2.454e-05 1.496e-04 7.568e-05  1.441e+06  2.862e-10  5.2002e-05  2.4994e-04
3.43200e+04       3.863e+13    4.200e+15  7.272e+11 5.965e-05 2.454e-05 1.493e-04 7.509e-05  1.370e+06  2.722e-10  5.1361e-05  2.4830e-04
3.48100e+04       3.781e+13    4.111e+15  7.063e+11 5.965e-05 2.454e-05 1.490e-04 7.452e-05  1.304e+06  2.590e-10  5.0736e-05  2.4670e-04
3.53000e+04       3.700e+13    4.023e+15  6.859e+11 5.965e-05 2.454e-05 1.488e-04 7.396e-05  1.241e+06  2.464e-10  5.0126e-05  2.4513e-04
3.57900e+04       3.620e+13    3.936e+15  6.661e+11 5.965e-05 2.454e-05 1.485e-04 7.341e-05  1.181e+06  2.346e-10  4.9531e-05  2.4359e-04
3.62800e+04       3.541e+13    3.850e+15  6.469e+11 5.965e-05 2.454e-05 1.482e-04 7.287e-05  1.124e+06  2.233e-10  4.8950e-05  2.4207e-04
3.67700e+04       3.464e+13    3.766e+15  6.281e+11 5.965e-05 2.454e-05 1.480e-04 7.234e-05  1.070e+06  2.126e-10  4.8382e-05  2.4059e-04
3.72600e+04       3.387e+13    3.683e+15  6.099e+11 5.965e-05 2.454e-05 1.477e-04 7.182e-05  1.020e+06  2.025e-10  4.7827e-05  2.3914e-04
3.77500e+04       3.312e+13    3.601e+15  5.922e+11 5.965e-05 2.454e-05 1.475e-04 7.131e-05  9.712e+05  1.929e-10  4.7285e-05  2.3771e-04
3.82400e+04       3.238e+13    3.521e+15  5.749e+11 5.965e-05 2.454e-05 1.472e-04 7.082e-05  9.254e+05  1.838e-10  4.6755e-05  2.3631e-04
3.87300e+04       3.166e+13    3.442e+15  5.581e+11 5.965e-05 2.454e-05 1.470e-04 7.033e-05  8.819e+05  1.752e-10  4.6237e-05  2.3494e-04
3.92200e+04       3.094e+13    3.364e+15  5.418e+11 5.965e-05 2.454e-05 1.468e-04 6.985e-05  8.405e+05  1.670e-10  4.5730e-05  2.3359e-04
3.97100e+04       3.024e+13    3.288e+15  5.260e+11 5.965e-05 2.454e-05 1.465e-04 6.938e-05  8.013e+05  1.592e-10  4.5235e-05  2.3227e-04
4.02000e+04       2.955e+13    3.213e+15  5.105e+11 5.965e-05 2.454e-05 1.463e-04 6.892e-05  7.640e+05  1.518e-10  4.4750e-05  2.3097e-04
4.06900e+04       2.887e+13    3.139e+15  4.956e+11 5.965e-05 2.454e-05 1.461e-04 6.847e-05  7.286e+05  1.447e-10  4.4275e-05  2.2969e-04
4.11800e+04       2.820e+13    3.067e+15  4.810e+11 5.965e-05 2.454e-05 1.459e-04 6.803e-05  6.949e+05  1.380e-10  4.3810e-05  2.2843e-04
4.16700e+04       2.755e+13    2.995e+15  4.668e+11 5.965e-05 2.454e-05 1.457e-04 6.759e-05  6.629e+05  1.317e-10  4.3355e-05  2.2720e-04
4.21600e+04       2.691e+13    2.926e+15  4.531e+11 5.965e-05 2.454e-05 1.455e-04 6.717e-05  6.325e+05  1.256e-10  4.2909e-05  2.2598e-04
4.26500e+04       2.628e+13    2.857e+15  4.397e+11 5.965e-05 2.454e-05 1.453e-04 6.675e-05  6.036e+05  1.199e-10  4.2472e-05  2.2479e-04
4.31400e+04       2.566e+13    2.790e+15  4.267e+11 5.965e-05 2.454e-05 1.451e-04 6.634e-05  5.761e+05  1.144e-10  4.2045e-05  2.2362e-04
4.36300e+04       2.505e+13    2.724e+15  4.140e+11 5.965e-05 2.454e-05 1.449e-04 6.593e-05  5.499e+05  1.092e-10  4.1625e-05  2.2246e-04
4.41200e+04       2.445e+13    2.659e+15  4.018e+11 5.965e-05 2.454e-05 1.448e-04 6.554e-05  5.250e+05  1.043e-10  4.1214e-05  2.2132e-04
4.46100e+04       2.387e+13    2.596e+15  3.898e+11 5.965e-05 2.454e-05 1.446e-04 6.514e-05  5.012e+05  9.957e-11  4.0811e-05  2.2021e-04
4.51000e+04       2.330e+13    2.533e+15  3.783e+11 5.965e-05 2.454e-05 1.444e-04 6.476e-05  4.786e+05  9.508e-11  4.0416e-05  2.1911e-04
4.55900e+04       2.274e+13    2.472e+15  3.670e+11 5.965e-05 2.454e-05 1.442e-04 6.438e-05  4.571e+05  9.081e-11  4.0029e-05  2.1802e-04
4.60800e+04       2.219e+13    2.413e+15  3.561e+11 5.965e-05 2.454e-05 1.441e-04 6.401e-05  4.366e+05  8.674e-11  3.9648e-05  2.1695e-04
4.65700e+04       2.165e+13    2.354e+15  3.454e+11 5.965e-05 2.454e-05 1.439e-04 6.365e-05  4.171e+05  8.286e-11  3.9275e-05  2.1590e-04
4.70600e+04       2.112e+13    2.297e+15  3.351e+11 5.965e-05 2.454e-05 1.438e-04 6.329e-05  3.985e+05  7.917e-11  3.8909e-05  2.1487e-04
4.75500e+04       2.061e+13    2.241e+15  3.251e+11 5.965e-05 2.454e-05 1.436e-04 6.293e-05  3.808e+05  7.565e-11  3.8550e-05  2.1385e-04
4.80400e+04       2.010e+13    2.186e+15  3.154e+11 5.965e-05 2.454e-05 1.435e-04 6.259e-05  3.639e+05  7.230e-11  3.8197e-05  2.1284e-04
4.85300e+04       1.961e+13    2.132e+15  3.059e+11 5.965e-05 2.454e-05 1.433e-04 6.224e-05  3.479e+05  6.910e-11  3.7851e-05  2.1185e-04
4.90200e+04       1.912e+13    2.079e+15  2.968e+11 5.965e-05 2.454e-05 1.432e-04 6.191e-05  3.325e+05  6.605e-11  3.7511e-05  2.1088e-04
4.95100e+04       1.865e+13    2.028e+15  2.878e+11 5.965e-05 2.454e-05 1.430e-04 6.157e-05  3.179e+05  6.314e-11  3.7177e-05  2.0992e-04
5.00000e+04       1.818e+13    1.977e+15  2.792e+11 5.965e-05 2.454e-05 1.429e-04 6.125e-05  3.039e+05  6.037e-11  3.6849e-05  2.0897e-04
