1.0 5.1461406407243055e+19
1.098 5.505381603595986e+19
1.196 5.6809205600993526e+19
1.294 6.037657023767015e+19
1.392 6.2750296632413454e+19
1.49 6.5360787025992925e+19
1.588 6.813948444407816e+19
1.686 6.925251132798146e+19
1.784 7.259422216213068e+19
1.8820000000000001 7.333649036450338e+19
1.98 7.478930442403856e+19
2.0780000000000003 7.866253399898078e+19
2.176 8.049871172296894e+19
2.274 8.326301445697833e+19
2.372 8.438083281842979e+19
2.4699999999999998 8.623730791425142e+19
2.568 8.827590623191699e+19
2.6660000000000004 8.88027895014893e+19
2.7640000000000002 9.192869903490744e+19
2.862 9.198844666178622e+19
2.96 9.298606205578117e+19
3.0580000000000003 9.444750452772499e+19
3.156 9.604259741995408e+19
3.254 9.890065398992108e+19
3.3520000000000003 1.008385048677888e+20
3.45 1.0139365149526673e+20
3.548 1.025919005209624e+20
3.646 1.0239908398700942e+20
3.744 1.043117409758853e+20
3.842 1.0642213847285436e+20
3.94 1.064578192625775e+20
4.038 1.0676759962957116e+20
4.136 1.0836021206607241e+20
4.234 1.0960435339649778e+20
4.332000000000001 1.0996183524054807e+20
4.43 1.1406701224178011e+20
4.5280000000000005 1.1179672584782723e+20
4.626 1.1278857852640513e+20
4.724 1.128814410772592e+20
4.822 1.1494634233731159e+20
4.92 1.1534846111941915e+20
5.018 1.156239638968827e+20
5.1160000000000005 1.1635571583013704e+20
5.214 1.1714651413294675e+20
5.312 1.185175983649748e+20
5.41 1.1663911138185113e+20
5.508 1.2083241115134642e+20
5.606 1.1861023317289037e+20
5.704000000000001 1.2006950270255273e+20
5.8020000000000005 1.1922382185909212e+20
5.9 1.1969496403966547e+20
5.998 1.2288706561230571e+20
6.096 1.2166218301265134e+20
6.194 1.2213946990401577e+20
6.292 1.2320175004500173e+20
6.390000000000001 1.234359182054854e+20
6.488 1.2293603442340068e+20
6.586 1.2428970834000673e+20
6.684 1.230890606862392e+20
6.782 1.2406788137055452e+20
6.88 1.252435659117585e+20
6.978000000000001 1.2621660427461588e+20
7.0760000000000005 1.2654926432090787e+20
7.174 1.2674431010081032e+20
7.272 1.2621729481924421e+20
7.37 1.2647015224390364e+20
7.468 1.2604914451919215e+20
7.566 1.274842296545603e+20
7.664000000000001 1.2652866539199626e+20
7.7620000000000005 1.2746329929934745e+20
7.86 1.2701608068622406e+20
7.958 1.2675388159854869e+20
8.056000000000001 1.2736831780697214e+20
8.154 1.2709751807303667e+20
8.252 1.2870142215764443e+20
8.350000000000001 1.2847127270384688e+20
8.448 1.277096672319401e+20
8.546 1.2766633763766606e+20
8.644 1.2935184741267594e+20
8.742 1.2711545824203558e+20
8.84 1.2673271399253413e+20
8.938 1.2753384224972913e+20
9.036 1.294742385057269e+20
9.134 1.291774857465688e+20
9.232000000000001 1.2806239144465842e+20
9.33 1.2831368293271108e+20
9.428 1.286312963761867e+20
9.526 1.2660878756735938e+20
9.624 1.2866365846979364e+20
9.722 1.258949532306377e+20
9.82 1.2684808498054577e+20
9.918000000000001 1.26145613143703e+20
10.016 1.2679119099327073e+20
10.114 1.2679956266464813e+20
10.212 1.2563562444134002e+20
10.31 1.2556454662597134e+20
10.408000000000001 1.2608573609303841e+20
10.506 1.2619582967181502e+20
10.604000000000001 1.2547452089539266e+20
10.702 1.273194934552962e+20
10.8 1.2476167785135346e+20
10.898 1.253366572631295e+20
10.996 1.2631684881880398e+20
11.094000000000001 1.2765524756264747e+20
11.192 1.250240241614174e+20
11.290000000000001 1.2395481711140964e+20
11.388 1.2643756089338485e+20
11.486 1.2535664790149304e+20
11.584 1.2437002805499698e+20
11.682 1.244798465994237e+20
11.780000000000001 1.2487997913662036e+20
11.878 1.2332096677310787e+20
11.976 1.2401996010352578e+20
12.074 1.2309917043555879e+20
12.172 1.2361258272825362e+20
12.27 1.2234224066478891e+20
12.368 1.231637834176236e+20
12.466000000000001 1.240085323476613e+20
12.564 1.208811177885723e+20
12.662 1.221110359545503e+20
12.76 1.2166609174282763e+20
12.858 1.2053846210031233e+20
12.956000000000001 1.2018382433816958e+20
13.054 1.2107841289687836e+20
13.152000000000001 1.2012132197234306e+20
13.25 1.2128263586597949e+20
13.348 1.1971369681153358e+20
13.446 1.2027645520976703e+20
13.544 1.1900319367050232e+20
13.642000000000001 1.193737709437233e+20
13.74 1.1816956408034404e+20
13.838000000000001 1.1842973283401613e+20
13.936 1.181109339756639e+20
14.034 1.1656738375833023e+20
14.132 1.1694379271706413e+20
14.23 1.1685856687391664e+20
14.328000000000001 1.1733063955259192e+20
14.426 1.1626561377449298e+20
14.524000000000001 1.1460049652806695e+20
14.622 1.1535121445838646e+20
14.72 1.15874614593156e+20
14.818000000000001 1.1584667122261013e+20
14.916 1.142080149720375e+20
15.014000000000001 1.136284257739742e+20
15.112 1.1401883295679984e+20
15.21 1.1351818337545786e+20
15.308 1.1440385850779137e+20
15.406 1.1366114465839038e+20
15.504000000000001 1.1226022820218266e+20
15.602 1.1201483067356517e+20
15.700000000000001 1.1183197427549074e+20
15.798 1.1224456998434955e+20
15.896 1.1097720295554793e+20
15.994 1.118081218826009e+20
16.092 1.0983307503865104e+20
16.19 1.1079820404055029e+20
16.288 1.0933548730572716e+20
16.386000000000003 1.0984858904992686e+20
16.484 1.0840924412984931e+20
16.582 1.0977059005131617e+20
16.68 1.0745069026745278e+20
16.778 1.0846078623088284e+20
16.876 1.0784483714869276e+20
16.974 1.0716509868219466e+20
17.072 1.0640615457201278e+20
17.17 1.0679347635517704e+20
17.268 1.0537840747941069e+20
17.366 1.0617773167967827e+20
17.464000000000002 1.0555835371203192e+20
17.562 1.0650912727806619e+20
17.66 1.0487549248547673e+20
17.758 1.0503101934307887e+20
17.856 1.0395338103628025e+20
17.954 1.0307792618417093e+20
18.052 1.0327082491895433e+20
18.150000000000002 1.0294464414615968e+20
18.248 1.0270841101250101e+20
18.346 1.031305526926616e+20
18.444 1.0111826543728483e+20
18.542 1.009672607406155e+20
18.64 1.0184904098750905e+20
18.738 9.99521323360324e+19
18.836000000000002 9.8845119967858e+19
18.934 1.0085071106696416e+20
19.032 9.954680677999193e+19
19.13 9.855766486478655e+19
19.228 9.744780898736231e+19
19.326 9.762470043944881e+19
19.424 9.769256583940683e+19
19.522000000000002 9.746282559922948e+19
19.62 9.540938212629707e+19
19.718 9.563832964951174e+19
19.816000000000003 9.539739358075763e+19
19.914 9.422457211731024e+19
20.012 9.651361335487254e+19
20.11 9.532549141732744e+19
20.208000000000002 9.433155511658158e+19
20.306 9.303051145386887e+19
20.404 9.372370376138074e+19
20.502000000000002 9.252150877480336e+19
20.6 9.27047960738427e+19
20.698 9.226376809622009e+19
20.796 9.15556994686391e+19
20.894000000000002 9.082137850949273e+19
20.992 9.067231178830814e+19
21.09 9.176223257714459e+19
21.188000000000002 9.040853925130373e+19
21.286 8.8956743062805e+19
21.384 8.917706156090375e+19
21.482 9.031580455311643e+19
21.580000000000002 8.945665465812614e+19
21.678 8.816165238795389e+19
21.776 8.919954332272937e+19
21.874000000000002 8.756743589706701e+19
21.972 8.764620340716501e+19
22.07 8.779704616644302e+19
22.168 8.712437840509284e+19
22.266000000000002 8.676156989175482e+19
22.364 8.469600214437203e+19
22.462 8.739719969750434e+19
22.560000000000002 8.563053801446407e+19
22.658 8.412372175543776e+19
22.756 8.494365283590945e+19
22.854 8.50625289863605e+19
22.952 8.36893761268734e+19
23.05 8.2386134113809e+19
23.148 8.240267976895296e+19
23.246000000000002 8.289536964884431e+19
23.344 8.252120360394131e+19
23.442 8.164065750182783e+19
23.54 8.160532527581856e+19
23.638 8.079944454042034e+19
23.736 8.091396336373437e+19
23.834 8.036307583763431e+19
23.932000000000002 7.938165695487533e+19
24.03 8.081647553856853e+19
24.128 7.983389829824053e+19
24.226000000000003 7.874565785471325e+19
24.324 7.85486656011723e+19
24.422 7.864422382323181e+19
24.52 7.82382140599479e+19
24.618000000000002 7.705004164570354e+19
24.716 7.813637868393172e+19
24.814 7.656792911314379e+19
24.912000000000003 7.608158190546351e+19
25.01 7.592794575493392e+19
25.108 7.518064828897752e+19
25.206 7.531424453322542e+19
25.304000000000002 7.523853036210235e+19
25.402 7.49790019009827e+19
25.5 7.395788732424572e+19
25.598000000000003 7.339656917829066e+19
25.696 7.246151305983302e+19
25.794 7.270561393026878e+19
25.892 7.212215164013733e+19
25.990000000000002 7.186709821050376e+19
26.088 7.192043301681996e+19
26.186 7.2171555779006865e+19
26.284000000000002 7.12968377198444e+19
26.382 7.1250534515484e+19
26.48 7.08481558108858e+19
26.578 7.042792965885199e+19
26.676000000000002 7.007337971140601e+19
26.774 7.019151933166864e+19
26.872 6.906087011318768e+19
26.970000000000002 6.8969397580213215e+19
27.068 6.948354999670346e+19
27.166 6.856178817136114e+19
27.264 6.80872363106597e+19
27.362000000000002 6.72081954154421e+19
27.46 6.703285002407147e+19
27.558 6.738639903031091e+19
27.656000000000002 6.719732208849369e+19
27.754 6.599453233550438e+19
27.852 6.5572403708787335e+19
27.95 6.602000378221776e+19
28.048000000000002 6.580078510107476e+19
28.146 6.582362200385944e+19
28.244 6.431676454977395e+19
28.342000000000002 6.367495676443118e+19
28.44 6.439570088757807e+19
28.538 6.421052425599707e+19
28.636000000000003 6.3395743826249925e+19
28.734 6.356900466003294e+19
28.832 6.203524111908841e+19
28.93 6.313435032613674e+19
29.028000000000002 6.161343567931526e+19
29.126 6.178369642184524e+19
29.224 6.140234061056507e+19
29.322000000000003 6.071207153765946e+19
29.42 6.141487068467164e+19
29.518 6.1647024279645635e+19
29.616 6.051199736769412e+19
29.714000000000002 5.9953748353415864e+19
29.812 6.020814712588415e+19
29.91 5.8956100048805175e+19
30.008000000000003 5.874905610248263e+19
30.106 5.868378576173272e+19
30.204 5.851036656991732e+19
30.302 5.8074860471749165e+19
30.400000000000002 5.781564599990821e+19
30.498 5.717695278334232e+19
30.596 5.750981426802212e+19
30.694000000000003 5.643154752125243e+19
30.792 5.633500998767077e+19
30.89 5.640141893973261e+19
30.988 5.723649895853627e+19
31.086000000000002 5.526960395538616e+19
31.184 5.599168298701678e+19
31.282 5.563599002225524e+19
31.380000000000003 5.44220084761135e+19
31.478 5.543262882106572e+19
31.576 5.5409923521648026e+19
31.674 5.4002460376210506e+19
31.772000000000002 5.432696702215875e+19
31.87 5.410282494684271e+19
31.968 5.275614507283565e+19
32.066 5.3718667754985005e+19
32.164 5.3022586028306506e+19
32.262 5.2927296151717994e+19
32.36 5.166058604763769e+19
32.458 5.2006092577168876e+19
32.556 5.10533030231926e+19
32.653999999999996 5.105676654793916e+19
32.752 5.1099412362146415e+19
32.85 5.149762420668763e+19
32.948 5.0689729109418525e+19
33.046 5.021598840214945e+19
33.144 5.133516239470197e+19
33.242000000000004 4.9819342057826705e+19
33.34 4.949741541522485e+19
33.438 4.933562626116916e+19
33.536 4.930657303015035e+19
33.634 4.87661868123961e+19
33.732 4.779498981602071e+19
33.83 4.846879730139726e+19
33.928000000000004 4.804812598711173e+19
34.026 4.827517539434455e+19
34.124 4.730293567907395e+19
34.222 4.672667534846124e+19
34.32 4.6691138920077115e+19
34.418 4.693810198208656e+19
34.516 4.706563646231085e+19
34.614000000000004 4.673969761358152e+19
34.712 4.653678659234756e+19
34.81 4.644209390148186e+19
34.908 4.557300498242076e+19
35.006 4.560380978430545e+19
35.104 4.494774023358412e+19
35.202 4.497163024613226e+19
35.300000000000004 4.45675552572586e+19
35.398 4.437088499696203e+19
35.496 4.454883216643942e+19
35.594 4.3727890311959536e+19
35.692 4.39061367105494e+19
35.79 4.337496061117699e+19
35.888 4.304061876921045e+19
35.986000000000004 4.288976224135244e+19
36.084 4.270710624135882e+19
36.182 4.297630079214519e+19
36.28 4.255176662069102e+19
36.378 4.20744578740632e+19
36.476 4.207541898149267e+19
36.574 4.1778053714229264e+19
36.672000000000004 4.129712031450387e+19
36.77 4.065078020653907e+19
36.868 4.174838518789775e+19
36.966 4.091469441404308e+19
37.064 4.025637604530321e+19
37.162 4.0813597495065895e+19
37.26 3.999086842784482e+19
37.358000000000004 4.015463250227992e+19
37.456 3.904399544446387e+19
37.554 4.03262118187208e+19
37.652 3.896662046191097e+19
37.75 3.8604969332279984e+19
37.848 3.9165413385204154e+19
37.946 3.825822281143934e+19
38.044000000000004 3.762214855843801e+19
38.142 3.82177860828635e+19
38.24 3.789561491875979e+19
38.338 3.773792499803074e+19
38.436 3.77390897285844e+19
38.534 3.693952787866711e+19
38.632000000000005 3.717628265484365e+19
38.730000000000004 3.6857976527886995e+19
38.828 3.677876187168288e+19
38.926 3.6606994573304156e+19
39.024 3.609305074679616e+19
39.122 3.625943096148993e+19
39.22 3.5932934598349373e+19
39.318000000000005 3.5754278617927193e+19
39.416000000000004 3.5482441836150604e+19
39.514 3.5059868903361274e+19
39.612 3.5402727605109092e+19
39.71 3.5207250968079217e+19
39.808 3.453505249971632e+19
39.906 3.4337405896204284e+19
40.004000000000005 3.436675005186974e+19
40.102000000000004 3.422048880311594e+19
40.2 3.3608088912074293e+19
40.298 3.3623326351701586e+19
40.396 3.3774632662024868e+19
40.494 3.2447437300126085e+19
40.592 3.332883156734687e+19
40.690000000000005 3.2467136038319927e+19
40.788000000000004 3.2811017368567108e+19
40.886 3.230318643506924e+19
40.984 3.2855368125562216e+19
41.082 3.2110647440896705e+19
41.18 3.2364796393825075e+19
41.278 3.1708808029201555e+19
41.376000000000005 3.1453581946963284e+19
41.474000000000004 3.128691502854111e+19
41.572 3.1227492141335425e+19
41.67 3.0914211087019356e+19
41.768 3.0737708446130237e+19
41.866 3.048873514435365e+19
41.964 3.066197262841524e+19
42.062000000000005 3.024787265664558e+19
42.160000000000004 3.032268685567847e+19
42.258 3.0035630296558596e+19
42.356 3.0061216980693307e+19
42.454 2.975028693290578e+19
42.552 2.96053259518945e+19
42.65 3.002600593907126e+19
42.748000000000005 2.9224603857468305e+19
42.846000000000004 2.9299603661395075e+19
42.944 2.889449767029453e+19
43.042 2.912663540121813e+19
43.14 2.894870511788278e+19
43.238 2.8573359704161116e+19
43.336 2.8337790344701686e+19
43.434000000000005 2.8279602874535596e+19
43.532000000000004 2.7908122176662168e+19
43.63 2.772312237809196e+19
43.728 2.7644627400376963e+19
43.826 2.784223829303009e+19
43.924 2.7555085714852413e+19
44.022 2.6954543916802273e+19
44.120000000000005 2.7076101644430844e+19
44.218 2.7096607755466383e+19
44.316 2.6788633474828345e+19
44.414 2.661148529958711e+19
44.512 2.6658944183891767e+19
44.61 2.6143233790940176e+19
44.708 2.5817434941241393e+19
44.806000000000004 2.616222980320938e+19
44.904 2.5478300637148172e+19
45.002 2.556540758641102e+19
45.1 2.567115913749567e+19
45.198 2.5524167333375775e+19
45.296 2.5355519063689937e+19
45.394 2.486950679189324e+19
45.492000000000004 2.486738008204006e+19
45.59 2.4892808274828935e+19
45.688 2.417259500079117e+19
45.786 2.463050841870403e+19
45.884 2.4549431039536873e+19
45.982 2.389347296406782e+19
46.08 2.4059605955082265e+19
46.178000000000004 2.3954868915899822e+19
46.276 2.3657619152029843e+19
46.374 2.3887066120452186e+19
46.472 2.3779213173124903e+19
46.57 2.3526185507955237e+19
46.668 2.319597129577561e+19
46.766 2.311704026655507e+19
46.864000000000004 2.3214886149716214e+19
46.962 2.270222690344898e+19
47.06 2.253571087864598e+19
47.158 2.2915168267692487e+19
47.256 2.2651714184271323e+19
47.354 2.2222400751250473e+19
47.452000000000005 2.223375351304927e+19
47.550000000000004 2.1954479321938706e+19
47.648 2.1908868136668553e+19
47.746 2.178217162852587e+19
47.844 2.2117996067487322e+19
47.942 2.1543716702333338e+19
48.04 2.1340328287843717e+19
48.138000000000005 2.156263545089198e+19
48.236000000000004 2.1226772941379785e+19
48.334 2.126647447794427e+19
48.432 2.0961411098366775e+19
48.53 2.0885131530649584e+19
48.628 2.065868096130983e+19
48.726 2.0523505950773236e+19
48.824000000000005 2.0452450315140465e+19
48.922000000000004 2.0362931638459814e+19
49.02 2.0454407585357402e+19
49.118 2.0177170797397844e+19
49.216 1.9866164202520883e+19
49.314 2.001344026970572e+19
49.412 1.9547101178133955e+19
49.510000000000005 1.9654716411111084e+19
49.608000000000004 1.9861701454906196e+19
49.706 1.9296557692650103e+19
49.804 1.9454609938635338e+19
49.902 1.9100927098048238e+19
