# Instrument-source: 'soleil_rock_111_short_simplified.instr'
# Date: Mon Feb 27 03 30 2023
# Ncount: 10000000
# Numpoints: 807
# Param: Etohit = 4850
# type: multiarray_1d(807)
# title: Scan of Etohit
# xlabel: 'Etohit'
# ylabel: 'Intensity'
# xvars: Etohit
# yvars: (e_monitor_before_xtal_I,e_monitor_before_xtal_ERR) (e_monitor_4_to_40kev_I,e_monitor_4_to_40kev_ERR) (e_monitor_4_to_40kev_rock_size_I,e_monitor_4_to_40kev_rock_size_ERR) (e_monitor_centered_seleted_egy_I,e_monitor_centered_seleted_egy_ERR) (e_monitor_centered_one_ev_seleted_egy_I,e_monitor_centered_one_ev_seleted_egy_ERR)
# xlimits: 4850 5656
# filename: mccode.dat
# variables: Etohit e_monitor_before_xtal_I e_monitor_before_xtal_ERR e_monitor_4_to_40kev_I e_monitor_4_to_40kev_ERR e_monitor_4_to_40kev_rock_size_I e_monitor_4_to_40kev_rock_size_ERR e_monitor_centered_seleted_egy_I e_monitor_centered_seleted_egy_ERR e_monitor_centered_one_ev_seleted_egy_I e_monitor_centered_one_ev_seleted_egy_ERR
4850 5.5403E+13 1.75221E+10 1.62891E+11 2.89119E+8 1.62891E+11 2.89119E+8 1.62891E+11 2.89119E+8 1.61533E+11 2.8817E+8
4851 5.54079E+13 1.75237E+10 1.65914E+11 2.91712E+8 1.65914E+11 2.91712E+8 1.65914E+11 2.91712E+8 1.64374E+11 2.90652E+8
4852 5.54136E+13 1.75255E+10 1.68836E+11 2.94295E+8 1.68836E+11 2.94295E+8 1.68836E+11 2.94295E+8 1.67523E+11 2.93403E+8
4853 5.54182E+13 1.7527E+10 1.71859E+11 2.96895E+8 1.71859E+11 2.96895E+8 1.71859E+11 2.96895E+8 1.70481E+11 2.95963E+8
4854 5.54234E+13 1.75286E+10 1.73154E+11 2.98176E+8 1.73154E+11 2.98176E+8 1.73154E+11 2.98176E+8 1.71904E+11 2.97368E+8
4855 5.5429E+13 1.75304E+10 1.75763E+11 3.0024E+8 1.75763E+11 3.0024E+8 1.75763E+11 3.0024E+8 1.7437E+11 2.99319E+8
4856 5.54341E+13 1.7532E+10 1.78562E+11 3.02735E+8 1.78562E+11 3.02735E+8 1.78562E+11 3.02735E+8 1.77294E+11 3.01924E+8
4857 5.54395E+13 1.75337E+10 1.81073E+11 3.04774E+8 1.81073E+11 3.04774E+8 1.81073E+11 3.04774E+8 1.79829E+11 3.03986E+8
4858 5.54447E+13 1.75353E+10 1.82842E+11 3.06431E+8 1.82842E+11 3.06431E+8 1.82842E+11 3.06431E+8 1.81465E+11 3.05566E+8
4859 5.54493E+13 1.75368E+10 1.85674E+11 3.08698E+8 1.85674E+11 3.08698E+8 1.85674E+11 3.08698E+8 1.84237E+11 3.07781E+8
4860 5.54548E+13 1.75385E+10 1.87487E+11 3.10189E+8 1.87487E+11 3.10189E+8 1.87487E+11 3.10189E+8 1.86049E+11 3.09269E+8
4861 5.54604E+13 1.75403E+10 1.91599E+11 3.13602E+8 1.91599E+11 3.13602E+8 1.91599E+11 3.13602E+8 1.90198E+11 3.12723E+8
4862 5.54657E+13 1.7542E+10 1.94305E+11 3.15785E+8 1.94305E+11 3.15785E+8 1.94305E+11 3.15785E+8 1.93106E+11 3.15044E+8
4863 5.54709E+13 1.75436E+10 1.96354E+11 3.17425E+8 1.96354E+11 3.17425E+8 1.96354E+11 3.17425E+8 1.94971E+11 3.16566E+8
4864 5.54763E+13 1.75453E+10 1.99048E+11 3.19675E+8 1.99048E+11 3.19675E+8 1.99048E+11 3.19675E+8 1.97616E+11 3.18775E+8
4865 5.5481E+13 1.75468E+10 2.03248E+11 3.2323E+8 2.03248E+11 3.2323E+8 2.03248E+11 3.2323E+8 2.01786E+11 3.22316E+8
4866 5.54862E+13 1.75485E+10 2.0443E+11 3.24164E+8 2.0443E+11 3.24164E+8 2.0443E+11 3.24164E+8 2.02849E+11 3.2317E+8
4867 5.54916E+13 1.75502E+10 2.05994E+11 3.25335E+8 2.05994E+11 3.25335E+8 2.05994E+11 3.25335E+8 2.04595E+11 3.24492E+8
4868 5.54967E+13 1.75518E+10 2.10432E+11 3.28868E+8 2.10432E+11 3.28868E+8 2.10432E+11 3.28868E+8 2.08897E+11 3.27941E+8
4869 5.55018E+13 1.75534E+10 2.11954E+11 3.29956E+8 2.11954E+11 3.29956E+8 2.11954E+11 3.29956E+8 2.10443E+11 3.29041E+8
4870 5.55075E+13 1.75552E+10 2.15234E+11 3.3256E+8 2.15234E+11 3.3256E+8 2.15234E+11 3.3256E+8 2.13798E+11 3.31699E+8
4871 5.55123E+13 1.75567E+10 2.18624E+11 3.35321E+8 2.18624E+11 3.35321E+8 2.18624E+11 3.35321E+8 2.17124E+11 3.34448E+8
4872 5.55173E+13 1.75583E+10 2.2117E+11 3.37199E+8 2.2117E+11 3.37199E+8 2.2117E+11 3.37199E+8 2.19656E+11 3.36312E+8
4873 5.55231E+13 1.75601E+10 2.23194E+11 3.38717E+8 2.23194E+11 3.38717E+8 2.23194E+11 3.38717E+8 2.21689E+11 3.37821E+8
4874 5.55281E+13 1.75617E+10 2.26397E+11 3.40976E+8 2.26397E+11 3.40976E+8 2.26397E+11 3.40976E+8 2.24924E+11 3.4012E+8
4875 5.55332E+13 1.75634E+10 2.28829E+11 3.43024E+8 2.28829E+11 3.43024E+8 2.28829E+11 3.43024E+8 2.27285E+11 3.42137E+8
4876 5.55383E+13 1.75649E+10 2.31486E+11 3.44995E+8 2.31486E+11 3.44995E+8 2.31486E+11 3.44995E+8 2.3004E+11 3.4416E+8
4877 5.55438E+13 1.75667E+10 2.33838E+11 3.46638E+8 2.33838E+11 3.46638E+8 2.33838E+11 3.46638E+8 2.32275E+11 3.45745E+8
4878 5.55488E+13 1.75683E+10 2.36414E+11 3.48629E+8 2.36414E+11 3.48629E+8 2.36414E+11 3.48629E+8 2.34882E+11 3.47754E+8
4879 5.55542E+13 1.757E+10 2.39179E+11 3.50744E+8 2.39179E+11 3.50744E+8 2.39179E+11 3.50744E+8 2.37625E+11 3.49885E+8
4880 5.55594E+13 1.75716E+10 2.42337E+11 3.53087E+8 2.42337E+11 3.53087E+8 2.42337E+11 3.53087E+8 2.40927E+11 3.5228E+8
4881 5.55644E+13 1.75732E+10 2.4641E+11 3.56197E+8 2.4641E+11 3.56197E+8 2.4641E+11 3.56197E+8 2.44947E+11 3.55392E+8
4882 5.55693E+13 1.75748E+10 2.49659E+11 3.58481E+8 2.49659E+11 3.58481E+8 2.49659E+11 3.58481E+8 2.48039E+11 3.5757E+8
4883 5.5575E+13 1.75766E+10 2.50022E+11 3.58684E+8 2.50022E+11 3.58684E+8 2.50022E+11 3.58684E+8 2.48545E+11 3.57873E+8
4884 5.55799E+13 1.75781E+10 2.55705E+11 3.62748E+8 2.55705E+11 3.62748E+8 2.55705E+11 3.62748E+8 2.54167E+11 3.61912E+8
4885 5.5585E+13 1.75797E+10 2.55953E+11 3.62897E+8 2.55953E+11 3.62897E+8 2.55953E+11 3.62897E+8 2.54487E+11 3.62089E+8
4886 5.55901E+13 1.75813E+10 2.58909E+11 3.65126E+8 2.58909E+11 3.65126E+8 2.58909E+11 3.65126E+8 2.57477E+11 3.64361E+8
4887 5.55956E+13 1.7583E+10 2.63223E+11 3.68296E+8 2.63223E+11 3.68296E+8 2.63223E+11 3.68296E+8 2.61659E+11 3.67461E+8
4888 5.56009E+13 1.75847E+10 2.64759E+11 3.69147E+8 2.64759E+11 3.69147E+8 2.64759E+11 3.69147E+8 2.63227E+11 3.68323E+8
4889 5.56057E+13 1.75863E+10 2.68052E+11 3.71402E+8 2.68052E+11 3.71402E+8 2.68052E+11 3.71402E+8 2.66479E+11 3.70554E+8
4890 5.5611E+13 1.75879E+10 2.7233E+11 3.74492E+8 2.7233E+11 3.74492E+8 2.7233E+11 3.74492E+8 2.70681E+11 3.73602E+8
4891 5.56164E+13 1.75896E+10 2.75299E+11 3.76705E+8 2.75299E+11 3.76705E+8 2.75299E+11 3.76705E+8 2.73657E+11 3.75825E+8
4892 5.5621E+13 1.75911E+10 2.75778E+11 3.76792E+8 2.75778E+11 3.76792E+8 2.75778E+11 3.76792E+8 2.74201E+11 3.75971E+8
4893 5.56264E+13 1.75928E+10 2.79005E+11 3.7916E+8 2.79005E+11 3.7916E+8 2.79005E+11 3.7916E+8 2.77381E+11 3.78303E+8
4894 5.56316E+13 1.75944E+10 2.82675E+11 3.81506E+8 2.82675E+11 3.81506E+8 2.82675E+11 3.81506E+8 2.81026E+11 3.8066E+8
4895 5.5637E+13 1.75962E+10 2.84199E+11 3.8257E+8 2.84199E+11 3.8257E+8 2.84199E+11 3.8257E+8 2.82596E+11 3.81745E+8
4896 5.56417E+13 1.75977E+10 2.87838E+11 3.85143E+8 2.87838E+11 3.85143E+8 2.87838E+11 3.85143E+8 2.86287E+11 3.84336E+8
4897 5.56477E+13 1.75995E+10 2.9268E+11 3.88373E+8 2.9268E+11 3.88373E+8 2.9268E+11 3.88373E+8 2.91135E+11 3.87596E+8
4898 5.56525E+13 1.76011E+10 2.92868E+11 3.88435E+8 2.92868E+11 3.88435E+8 2.92868E+11 3.88435E+8 2.91109E+11 3.87531E+8
4899 5.56576E+13 1.76027E+10 2.96057E+11 3.90712E+8 2.96057E+11 3.90712E+8 2.96057E+11 3.90712E+8 2.94408E+11 3.89868E+8
4900 5.56628E+13 1.76043E+10 2.98344E+11 3.92225E+8 2.98344E+11 3.92225E+8 2.98344E+11 3.92225E+8 2.96691E+11 3.91383E+8
4901 5.5668E+13 1.7606E+10 3.00688E+11 3.93602E+8 3.00688E+11 3.93602E+8 3.00688E+11 3.93602E+8 2.98928E+11 3.92705E+8
4902 5.56732E+13 1.76076E+10 3.04672E+11 3.96178E+8 3.04672E+11 3.96178E+8 3.04672E+11 3.96178E+8 3.02947E+11 3.95295E+8
4903 5.56784E+13 1.76092E+10 3.03819E+11 3.95783E+8 3.03819E+11 3.95783E+8 3.03819E+11 3.95783E+8 3.02017E+11 3.94859E+8
4904 5.56832E+13 1.76108E+10 3.09557E+11 3.99578E+8 3.09557E+11 3.99578E+8 3.09557E+11 3.99578E+8 3.07784E+11 3.98674E+8
4905 5.56888E+13 1.76125E+10 3.12779E+11 4.01496E+8 3.12779E+11 4.01496E+8 3.12779E+11 4.01496E+8 3.11106E+11 4.0067E+8
4906 5.56936E+13 1.76141E+10 3.16005E+11 4.03603E+8 3.16005E+11 4.03603E+8 3.16005E+11 4.03603E+8 3.14261E+11 4.02738E+8
4907 5.56988E+13 1.76157E+10 3.20362E+11 4.06583E+8 3.20362E+11 4.06583E+8 3.20362E+11 4.06583E+8 3.18667E+11 4.05742E+8
4908 5.57049E+13 1.76176E+10 3.20215E+11 4.06401E+8 3.20215E+11 4.06401E+8 3.20215E+11 4.06401E+8 3.1846E+11 4.05531E+8
4909 5.57093E+13 1.7619E+10 3.23196E+11 4.08212E+8 3.23196E+11 4.08212E+8 3.23196E+11 4.08212E+8 3.21651E+11 4.07468E+8
4910 5.57145E+13 1.76207E+10 3.25397E+11 4.09772E+8 3.25397E+11 4.09772E+8 3.25397E+11 4.09772E+8 3.23534E+11 4.08846E+8
4911 5.57194E+13 1.76222E+10 3.31148E+11 4.13398E+8 3.31148E+11 4.13398E+8 3.31148E+11 4.13398E+8 3.29412E+11 4.1258E+8
4912 5.57245E+13 1.76238E+10 3.3333E+11 4.14969E+8 3.3333E+11 4.14969E+8 3.3333E+11 4.14969E+8 3.31681E+11 4.14202E+8
4913 5.57296E+13 1.76255E+10 3.34395E+11 4.15354E+8 3.34395E+11 4.15354E+8 3.34395E+11 4.15354E+8 3.32618E+11 4.1451E+8
4914 5.57346E+13 1.7627E+10 3.38765E+11 4.18082E+8 3.38765E+11 4.18082E+8 3.38765E+11 4.18082E+8 3.36932E+11 4.17214E+8
4915 5.57403E+13 1.76288E+10 3.41215E+11 4.19651E+8 3.41215E+11 4.19651E+8 3.41215E+11 4.19651E+8 3.39416E+11 4.18813E+8
4916 5.57451E+13 1.76303E+10 3.42503E+11 4.20453E+8 3.42503E+11 4.20453E+8 3.42503E+11 4.20453E+8 3.40895E+11 4.19703E+8
4917 5.57504E+13 1.7632E+10 3.45844E+11 4.2257E+8 3.45844E+11 4.2257E+8 3.45844E+11 4.2257E+8 3.43975E+11 4.21682E+8
4918 5.57555E+13 1.76336E+10 3.4844E+11 4.24241E+8 3.4844E+11 4.24241E+8 3.4844E+11 4.24241E+8 3.46709E+11 4.23421E+8
4919 5.57608E+13 1.76353E+10 3.51024E+11 4.25708E+8 3.51024E+11 4.25708E+8 3.51024E+11 4.25708E+8 3.49182E+11 4.24824E+8
4920 5.5766E+13 1.7637E+10 3.54866E+11 4.28125E+8 3.54866E+11 4.28125E+8 3.54866E+11 4.28125E+8 3.52856E+11 4.2717E+8
4921 5.57714E+13 1.76386E+10 3.55117E+11 4.2815E+8 3.55117E+11 4.2815E+8 3.55117E+11 4.2815E+8 3.5323E+11 4.27273E+8
4922 5.57761E+13 1.76402E+10 3.56608E+11 4.29094E+8 3.56608E+11 4.29094E+8 3.56608E+11 4.29094E+8 3.5479E+11 4.2824E+8
4923 5.57806E+13 1.76416E+10 3.61872E+11 4.32368E+8 3.61872E+11 4.32368E+8 3.61872E+11 4.32368E+8 3.60052E+11 4.3152E+8
4924 5.5786E+13 1.76433E+10 3.6355E+11 4.33357E+8 3.6355E+11 4.33357E+8 3.6355E+11 4.33357E+8 3.61679E+11 4.32495E+8
4925 5.57918E+13 1.76451E+10 3.6544E+11 4.34375E+8 3.6544E+11 4.34375E+8 3.6544E+11 4.34375E+8 3.63671E+11 4.33579E+8
4926 5.57972E+13 1.76468E+10 3.70994E+11 4.37685E+8 3.70994E+11 4.37685E+8 3.70994E+11 4.37685E+8 3.68981E+11 4.36739E+8
4927 5.58019E+13 1.76483E+10 3.71917E+11 4.38428E+8 3.71917E+11 4.38428E+8 3.71917E+11 4.38428E+8 3.69976E+11 4.37539E+8
4928 5.58068E+13 1.76499E+10 3.74893E+11 4.40321E+8 3.74893E+11 4.40321E+8 3.74893E+11 4.40321E+8 3.73045E+11 4.39471E+8
4929 5.58121E+13 1.76515E+10 3.76701E+11 4.41259E+8 3.76701E+11 4.41259E+8 3.76701E+11 4.41259E+8 3.74857E+11 4.40438E+8
4930 5.58172E+13 1.76531E+10 3.77266E+11 4.41589E+8 3.77266E+11 4.41589E+8 3.77266E+11 4.41589E+8 3.75358E+11 4.40717E+8
4931 5.58225E+13 1.76548E+10 3.8252E+11 4.44562E+8 3.8252E+11 4.44562E+8 3.8252E+11 4.44562E+8 3.80682E+11 4.43735E+8
4932 5.58276E+13 1.76565E+10 3.85146E+11 4.46248E+8 3.85146E+11 4.46248E+8 3.85146E+11 4.46248E+8 3.83034E+11 4.45286E+8
4933 5.58327E+13 1.7658E+10 3.89105E+11 4.48482E+8 3.89105E+11 4.48482E+8 3.89105E+11 4.48482E+8 3.87161E+11 4.47603E+8
4934 5.58374E+13 1.76595E+10 3.91689E+11 4.50035E+8 3.91689E+11 4.50035E+8 3.91689E+11 4.50035E+8 3.89705E+11 4.49141E+8
4935 5.58429E+13 1.76613E+10 3.90515E+11 4.49507E+8 3.90515E+11 4.49507E+8 3.90515E+11 4.49507E+8 3.8867E+11 4.48688E+8
4936 5.58483E+13 1.7663E+10 3.94415E+11 4.51741E+8 3.94415E+11 4.51741E+8 3.94415E+11 4.51741E+8 3.92202E+11 4.50738E+8
4937 5.58535E+13 1.76646E+10 3.97186E+11 4.53271E+8 3.97186E+11 4.53271E+8 3.97186E+11 4.53271E+8 3.95258E+11 4.52415E+8
4938 5.58579E+13 1.7666E+10 4.01447E+11 4.55816E+8 4.01447E+11 4.55816E+8 4.01447E+11 4.55816E+8 3.99389E+11 4.54909E+8
4939 5.58632E+13 1.76677E+10 3.99906E+11 4.54895E+8 3.99906E+11 4.54895E+8 3.99906E+11 4.54895E+8 3.97975E+11 4.54035E+8
4940 5.58684E+13 1.76693E+10 4.03085E+11 4.56601E+8 4.03085E+11 4.56601E+8 4.03085E+11 4.56601E+8 4.01001E+11 4.55657E+8
4941 5.58739E+13 1.76711E+10 4.05293E+11 4.57941E+8 4.05293E+11 4.57941E+8 4.05293E+11 4.57941E+8 4.0321E+11 4.57017E+8
4942 5.58785E+13 1.76725E+10 4.10621E+11 4.61052E+8 4.10621E+11 4.61052E+8 4.10621E+11 4.61052E+8 4.08763E+11 4.60253E+8
4943 5.58838E+13 1.76742E+10 4.12353E+11 4.61815E+8 4.12353E+11 4.61815E+8 4.12353E+11 4.61815E+8 4.10297E+11 4.6091E+8
4944 5.58886E+13 1.76757E+10 4.11657E+11 4.61473E+8 4.11657E+11 4.61473E+8 4.11657E+11 4.61473E+8 4.09584E+11 4.60585E+8
4945 5.5894E+13 1.76774E+10 4.14689E+11 4.63248E+8 4.14689E+11 4.63248E+8 4.14689E+11 4.63248E+8 4.12607E+11 4.62345E+8
4946 5.58993E+13 1.76791E+10 4.18355E+11 4.65304E+8 4.18355E+11 4.65304E+8 4.18355E+11 4.65304E+8 4.16372E+11 4.64442E+8
4947 5.59039E+13 1.76806E+10 4.24003E+11 4.68467E+8 4.24003E+11 4.68467E+8 4.24003E+11 4.68467E+8 4.21754E+11 4.67513E+8
4948 5.59094E+13 1.76823E+10 4.2423E+11 4.68594E+8 4.2423E+11 4.68594E+8 4.2423E+11 4.68594E+8 4.22084E+11 4.67683E+8
4949 5.59148E+13 1.7684E+10 4.25918E+11 4.69715E+8 4.25918E+11 4.69715E+8 4.25918E+11 4.69715E+8 4.23801E+11 4.68788E+8
4950 5.59197E+13 1.76856E+10 4.28371E+11 4.70833E+8 4.28371E+11 4.70833E+8 4.28371E+11 4.70833E+8 4.26319E+11 4.69953E+8
4951 5.59247E+13 1.76871E+10 4.33599E+11 4.73894E+8 4.33599E+11 4.73894E+8 4.33599E+11 4.73894E+8 4.31545E+11 4.73028E+8
4952 5.593E+13 1.76888E+10 4.31296E+11 4.72569E+8 4.31296E+11 4.72569E+8 4.31296E+11 4.72569E+8 4.29113E+11 4.71637E+8
4953 5.5935E+13 1.76904E+10 4.34963E+11 4.74578E+8 4.34963E+11 4.74578E+8 4.34963E+11 4.74578E+8 4.3268E+11 4.73574E+8
4954 5.59401E+13 1.7692E+10 4.34245E+11 4.7417E+8 4.34245E+11 4.7417E+8 4.34245E+11 4.7417E+8 4.32096E+11 4.73264E+8
4955 5.59448E+13 1.76935E+10 4.38519E+11 4.76607E+8 4.38519E+11 4.76607E+8 4.38519E+11 4.76607E+8 4.36349E+11 4.75654E+8
4956 5.59501E+13 1.76952E+10 4.41206E+11 4.78195E+8 4.41206E+11 4.78195E+8 4.41206E+11 4.78195E+8 4.39172E+11 4.77336E+8
4957 5.59553E+13 1.76968E+10 4.45213E+11 4.80364E+8 4.45213E+11 4.80364E+8 4.45213E+11 4.80364E+8 4.42978E+11 4.79435E+8
4958 5.59601E+13 1.76983E+10 4.43708E+11 4.79531E+8 4.43708E+11 4.79531E+8 4.43708E+11 4.79531E+8 4.41414E+11 4.78548E+8
4959 5.59654E+13 1.77E+10 4.44105E+11 4.79723E+8 4.44105E+11 4.79723E+8 4.44105E+11 4.79723E+8 4.41875E+11 4.78775E+8
4960 5.59707E+13 1.77017E+10 4.47464E+11 4.8165E+8 4.47464E+11 4.8165E+8 4.47464E+11 4.8165E+8 4.45346E+11 4.80772E+8
4961 5.59752E+13 1.77031E+10 4.51212E+11 4.83725E+8 4.51212E+11 4.83725E+8 4.51212E+11 4.83725E+8 4.49088E+11 4.82852E+8
4962 5.59809E+13 1.77049E+10 4.52769E+11 4.84526E+8 4.52769E+11 4.84526E+8 4.52769E+11 4.84526E+8 4.5051E+11 4.8359E+8
4963 5.59859E+13 1.77065E+10 4.54237E+11 4.85264E+8 4.54237E+11 4.85264E+8 4.54237E+11 4.85264E+8 4.51968E+11 4.84311E+8
4964 5.59913E+13 1.77082E+10 4.56373E+11 4.86411E+8 4.56373E+11 4.86411E+8 4.56373E+11 4.86411E+8 4.53953E+11 4.85396E+8
4965 5.59962E+13 1.77098E+10 4.56127E+11 4.86449E+8 4.56127E+11 4.86449E+8 4.56127E+11 4.86449E+8 4.53865E+11 4.85518E+8
4966 5.60011E+13 1.77113E+10 4.60349E+11 4.88504E+8 4.60349E+11 4.88504E+8 4.60349E+11 4.88504E+8 4.58141E+11 4.87587E+8
4967 5.60061E+13 1.77129E+10 4.64074E+11 4.90708E+8 4.64074E+11 4.90708E+8 4.64074E+11 4.90708E+8 4.61666E+11 4.89697E+8
4968 5.60114E+13 1.77146E+10 4.6477E+11 4.90913E+8 4.6477E+11 4.90913E+8 4.6477E+11 4.90913E+8 4.62509E+11 4.89991E+8
4969 5.6016E+13 1.7716E+10 4.65418E+11 4.91371E+8 4.65418E+11 4.91371E+8 4.65418E+11 4.91371E+8 4.63091E+11 4.90408E+8
4970 5.60217E+13 1.77178E+10 4.6886E+11 4.93147E+8 4.6886E+11 4.93147E+8 4.6886E+11 4.93147E+8 4.66631E+11 4.92242E+8
4971 5.60266E+13 1.77194E+10 4.68655E+11 4.93063E+8 4.68655E+11 4.93063E+8 4.68655E+11 4.93063E+8 4.66401E+11 4.92118E+8
4972 5.60315E+13 1.77209E+10 4.69658E+11 4.93745E+8 4.69658E+11 4.93745E+8 4.69658E+11 4.93745E+8 4.67382E+11 4.928E+8
4973 5.60369E+13 1.77226E+10 4.69686E+11 4.9366E+8 4.69686E+11 4.9366E+8 4.69686E+11 4.9366E+8 4.67483E+11 4.92756E+8
4974 5.60424E+13 1.77244E+10 4.76834E+11 4.97299E+8 4.76834E+11 4.97299E+8 4.76834E+11 4.97299E+8 4.74497E+11 4.96353E+8
4975 5.60471E+13 1.77259E+10 4.77157E+11 4.97609E+8 4.77157E+11 4.97609E+8 4.77157E+11 4.97609E+8 4.74846E+11 4.96654E+8
4976 5.60519E+13 1.77274E+10 4.78239E+11 4.98261E+8 4.78239E+11 4.98261E+8 4.78239E+11 4.98261E+8 4.76011E+11 4.9735E+8
4977 5.60565E+13 1.77288E+10 4.79199E+11 4.98583E+8 4.79199E+11 4.98583E+8 4.79199E+11 4.98583E+8 4.76534E+11 4.975E+8
4978 5.60624E+13 1.77307E+10 4.81819E+11 5.00125E+8 4.81819E+11 5.00125E+8 4.81819E+11 5.00125E+8 4.79432E+11 4.9916E+8
4979 5.60668E+13 1.77321E+10 4.82474E+11 5.00342E+8 4.82474E+11 5.00342E+8 4.82474E+11 5.00342E+8 4.80151E+11 4.99395E+8
4980 5.60728E+13 1.7734E+10 4.83102E+11 5.00878E+8 4.83102E+11 5.00878E+8 4.83102E+11 5.00878E+8 4.80669E+11 4.99902E+8
4981 5.60772E+13 1.77354E+10 4.8699E+11 5.02914E+8 4.8699E+11 5.02914E+8 4.8699E+11 5.02914E+8 4.84512E+11 5.01918E+8
4982 5.60821E+13 1.77369E+10 4.89452E+11 5.04113E+8 4.89452E+11 5.04113E+8 4.89452E+11 5.04113E+8 4.86945E+11 5.03101E+8
4983 5.60872E+13 1.77385E+10 4.91521E+11 5.05216E+8 4.91521E+11 5.05216E+8 4.91521E+11 5.05216E+8 4.88842E+11 5.04111E+8
4984 5.60926E+13 1.77402E+10 4.92299E+11 5.05679E+8 4.92299E+11 5.05679E+8 4.92299E+11 5.05679E+8 4.89907E+11 5.04707E+8
4985 5.60978E+13 1.77419E+10 4.94666E+11 5.0693E+8 4.94666E+11 5.0693E+8 4.94666E+11 5.0693E+8 4.924E+11 5.06016E+8
4986 5.61023E+13 1.77433E+10 4.92691E+11 5.0594E+8 4.92691E+11 5.0594E+8 4.92691E+11 5.0594E+8 4.90144E+11 5.04904E+8
4987 5.61076E+13 1.7745E+10 4.93986E+11 5.06477E+8 4.93986E+11 5.06477E+8 4.93986E+11 5.06477E+8 4.91445E+11 5.0545E+8
4988 5.61128E+13 1.77466E+10 5.01459E+11 5.10442E+8 5.01459E+11 5.10442E+8 5.01459E+11 5.10442E+8 4.98942E+11 5.09429E+8
4989 5.61178E+13 1.77482E+10 4.97966E+11 5.08631E+8 4.97966E+11 5.08631E+8 4.97966E+11 5.08631E+8 4.95619E+11 5.07691E+8
4990 5.61227E+13 1.77498E+10 5.02359E+11 5.10954E+8 5.02359E+11 5.10954E+8 5.02359E+11 5.10954E+8 4.99756E+11 5.09904E+8
4991 5.61278E+13 1.77514E+10 5.02055E+11 5.10768E+8 5.02055E+11 5.10768E+8 5.02055E+11 5.10768E+8 4.99664E+11 5.09828E+8
4992 5.61331E+13 1.7753E+10 5.02999E+11 5.11293E+8 5.02999E+11 5.11293E+8 5.02999E+11 5.11293E+8 5.00636E+11 5.1036E+8
4993 5.61383E+13 1.77547E+10 5.0544E+11 5.1253E+8 5.0544E+11 5.1253E+8 5.0544E+11 5.1253E+8 5.02765E+11 5.1146E+8
4994 5.6143E+13 1.77562E+10 5.07633E+11 5.13915E+8 5.07633E+11 5.13915E+8 5.07633E+11 5.13915E+8 5.04959E+11 5.12859E+8
4995 5.61478E+13 1.77577E+10 5.07617E+11 5.13589E+8 5.07617E+11 5.13589E+8 5.07617E+11 5.13589E+8 5.0522E+11 5.12666E+8
4996 5.61527E+13 1.77593E+10 5.08982E+11 5.14288E+8 5.08982E+11 5.14288E+8 5.08982E+11 5.14288E+8 5.06266E+11 5.13197E+8
4997 5.61579E+13 1.77609E+10 5.13369E+11 5.16781E+8 5.13369E+11 5.16781E+8 5.13369E+11 5.16781E+8 5.10692E+11 5.1574E+8
4998 5.6163E+13 1.77625E+10 5.09794E+11 5.14795E+8 5.09794E+11 5.14795E+8 5.09794E+11 5.14795E+8 5.07314E+11 5.13821E+8
4999 5.61685E+13 1.77642E+10 5.12955E+11 5.16337E+8 5.12955E+11 5.16337E+8 5.12955E+11 5.16337E+8 5.10256E+11 5.15254E+8
5000 5.61733E+13 1.77658E+10 5.16683E+11 5.18469E+8 5.16683E+11 5.18469E+8 5.16683E+11 5.18469E+8 5.13887E+11 5.17365E+8
5001 5.6178E+13 1.77673E+10 5.18394E+11 5.19408E+8 5.18394E+11 5.19408E+8 5.18394E+11 5.19408E+8 5.15534E+11 5.18286E+8
5002 5.61837E+13 1.77691E+10 5.18826E+11 5.19528E+8 5.18826E+11 5.19528E+8 5.18826E+11 5.19528E+8 5.1597E+11 5.18419E+8
5003 5.61882E+13 1.77705E+10 5.18866E+11 5.19538E+8 5.18866E+11 5.19538E+8 5.18866E+11 5.19538E+8 5.16173E+11 5.1849E+8
5004 5.61937E+13 1.77722E+10 5.1795E+11 5.19211E+8 5.1795E+11 5.19211E+8 5.1795E+11 5.19211E+8 5.15111E+11 5.18092E+8
5005 5.61982E+13 1.77737E+10 5.19844E+11 5.20133E+8 5.19844E+11 5.20133E+8 5.19844E+11 5.20133E+8 5.17271E+11 5.19149E+8
5006 5.62032E+13 1.77752E+10 5.23497E+11 5.21923E+8 5.23497E+11 5.21923E+8 5.23497E+11 5.21923E+8 5.20706E+11 5.20861E+8
5007 5.62086E+13 1.77769E+10 5.23067E+11 5.21764E+8 5.23067E+11 5.21764E+8 5.23067E+11 5.21764E+8 5.20403E+11 5.20708E+8
5008 5.62136E+13 1.77785E+10 5.23376E+11 5.22019E+8 5.23376E+11 5.22019E+8 5.23376E+11 5.22019E+8 5.20487E+11 5.20883E+8
5009 5.62189E+13 1.77802E+10 5.23603E+11 5.21907E+8 5.23603E+11 5.21907E+8 5.23603E+11 5.21907E+8 5.20738E+11 5.20785E+8
5010 5.62239E+13 1.77818E+10 5.26226E+11 5.23366E+8 5.26226E+11 5.23366E+8 5.26226E+11 5.23366E+8 5.23426E+11 5.22282E+8
5011 5.62284E+13 1.77832E+10 5.2877E+11 5.24613E+8 5.2877E+11 5.24613E+8 5.2877E+11 5.24613E+8 5.25941E+11 5.23537E+8
5012 5.62338E+13 1.77849E+10 5.26662E+11 5.23578E+8 5.26662E+11 5.23578E+8 5.26662E+11 5.23578E+8 5.23855E+11 5.22501E+8
5013 5.62386E+13 1.77864E+10 5.29535E+11 5.25036E+8 5.29535E+11 5.25036E+8 5.29535E+11 5.25036E+8 5.2674E+11 5.2398E+8
5014 5.62439E+13 1.77881E+10 5.31604E+11 5.26004E+8 5.31604E+11 5.26004E+8 5.31604E+11 5.26004E+8 5.28725E+11 5.24905E+8
5015 5.62486E+13 1.77896E+10 5.34317E+11 5.27591E+8 5.34317E+11 5.27591E+8 5.34317E+11 5.27591E+8 5.31467E+11 5.26527E+8
5016 5.6254E+13 1.77913E+10 5.34592E+11 5.27668E+8 5.34592E+11 5.27668E+8 5.34592E+11 5.27668E+8 5.31586E+11 5.26528E+8
5017 5.6259E+13 1.77929E+10 5.36933E+11 5.29003E+8 5.36933E+11 5.29003E+8 5.36933E+11 5.29003E+8 5.34069E+11 5.27917E+8
5018 5.62642E+13 1.77945E+10 5.35E+11 5.28153E+8 5.35E+11 5.28153E+8 5.35E+11 5.28153E+8 5.32041E+11 5.27028E+8
5019 5.62693E+13 1.77961E+10 5.39844E+11 5.30404E+8 5.39844E+11 5.30404E+8 5.39844E+11 5.30404E+8 5.3672E+11 5.29206E+8
5020 5.6274E+13 1.77976E+10 5.39107E+11 5.29954E+8 5.39107E+11 5.29954E+8 5.39107E+11 5.29954E+8 5.36007E+11 5.28807E+8
5021 5.62791E+13 1.77992E+10 5.38804E+11 5.30033E+8 5.38804E+11 5.30033E+8 5.38804E+11 5.30033E+8 5.35889E+11 5.28939E+8
5022 5.62837E+13 1.78007E+10 5.3848E+11 5.29769E+8 5.3848E+11 5.29769E+8 5.3848E+11 5.29769E+8 5.35381E+11 5.28607E+8
5023 5.62893E+13 1.78024E+10 5.39592E+11 5.30151E+8 5.39592E+11 5.30151E+8 5.39592E+11 5.30151E+8 5.36577E+11 5.2906E+8
5024 5.62938E+13 1.78039E+10 5.40074E+11 5.30494E+8 5.40074E+11 5.30494E+8 5.40074E+11 5.30494E+8 5.37042E+11 5.29372E+8
5025 5.6299E+13 1.78055E+10 5.43561E+11 5.32378E+8 5.43561E+11 5.32378E+8 5.43561E+11 5.32378E+8 5.40352E+11 5.31183E+8
5026 5.63041E+13 1.78071E+10 5.43956E+11 5.32512E+8 5.43956E+11 5.32512E+8 5.43956E+11 5.32512E+8 5.40758E+11 5.31328E+8
5027 5.63095E+13 1.78088E+10 5.44132E+11 5.32614E+8 5.44132E+11 5.32614E+8 5.44132E+11 5.32614E+8 5.4095E+11 5.31438E+8
5028 5.63144E+13 1.78104E+10 5.4366E+11 5.32544E+8 5.4366E+11 5.32544E+8 5.4366E+11 5.32544E+8 5.40563E+11 5.31417E+8
5029 5.63186E+13 1.78117E+10 5.44416E+11 5.32743E+8 5.44416E+11 5.32743E+8 5.44416E+11 5.32743E+8 5.41249E+11 5.31603E+8
5030 5.63239E+13 1.78134E+10 5.46758E+11 5.34005E+8 5.46758E+11 5.34005E+8 5.46758E+11 5.34005E+8 5.43524E+11 5.32853E+8
5031 5.63296E+13 1.78152E+10 5.46805E+11 5.33844E+8 5.46805E+11 5.33844E+8 5.46805E+11 5.33844E+8 5.43337E+11 5.32582E+8
5032 5.63336E+13 1.78165E+10 5.5065E+11 5.36009E+8 5.5065E+11 5.36009E+8 5.5065E+11 5.36009E+8 5.47497E+11 5.3488E+8
5033 5.63397E+13 1.78184E+10 5.51983E+11 5.36586E+8 5.51983E+11 5.36586E+8 5.51983E+11 5.36586E+8 5.48694E+11 5.3541E+8
5034 5.6345E+13 1.78201E+10 5.52263E+11 5.36622E+8 5.52263E+11 5.36622E+8 5.52263E+11 5.36622E+8 5.4865E+11 5.35344E+8
5035 5.63492E+13 1.78214E+10 5.51836E+11 5.36614E+8 5.51836E+11 5.36614E+8 5.51836E+11 5.36614E+8 5.48245E+11 5.35297E+8
5036 5.63542E+13 1.7823E+10 5.53073E+11 5.37132E+8 5.53073E+11 5.37132E+8 5.53073E+11 5.37132E+8 5.49547E+11 5.35849E+8
5037 5.63595E+13 1.78247E+10 5.54318E+11 5.37986E+8 5.54318E+11 5.37986E+8 5.54318E+11 5.37986E+8 5.50622E+11 5.36644E+8
5038 5.63646E+13 1.78263E+10 5.55226E+11 5.3848E+8 5.55226E+11 5.3848E+8 5.55226E+11 5.3848E+8 5.51757E+11 5.37251E+8
5039 5.63693E+13 1.78278E+10 5.50801E+11 5.36212E+8 5.50801E+11 5.36212E+8 5.50801E+11 5.36212E+8 5.47179E+11 5.34911E+8
5040 5.63744E+13 1.78294E+10 5.55975E+11 5.38609E+8 5.55975E+11 5.38609E+8 5.55975E+11 5.38609E+8 5.52066E+11 5.37204E+8
5041 5.63792E+13 1.78309E+10 5.57234E+11 5.39422E+8 5.57234E+11 5.39422E+8 5.57234E+11 5.39422E+8 5.53307E+11 5.37999E+8
5042 5.63846E+13 1.78326E+10 5.58468E+11 5.39929E+8 5.58468E+11 5.39929E+8 5.58468E+11 5.39929E+8 5.54519E+11 5.3851E+8
5043 5.63892E+13 1.78341E+10 5.57522E+11 5.39483E+8 5.57522E+11 5.39483E+8 5.57522E+11 5.39483E+8 5.53384E+11 5.38003E+8
5044 5.63941E+13 1.78356E+10 5.58337E+11 5.39982E+8 5.58337E+11 5.39982E+8 5.58337E+11 5.39982E+8 5.54481E+11 5.38605E+8
5045 5.63995E+13 1.78373E+10 5.57607E+11 5.39684E+8 5.57607E+11 5.39684E+8 5.57607E+11 5.39684E+8 5.53615E+11 5.38269E+8
5046 5.64044E+13 1.78389E+10 5.58467E+11 5.40159E+8 5.58467E+11 5.40159E+8 5.58467E+11 5.40159E+8 5.54219E+11 5.38625E+8
5047 5.64088E+13 1.78403E+10 5.59674E+11 5.40718E+8 5.59674E+11 5.40718E+8 5.59674E+11 5.40718E+8 5.55637E+11 5.3929E+8
5048 5.64144E+13 1.7842E+10 5.62383E+11 5.42012E+8 5.62383E+11 5.42012E+8 5.62383E+11 5.42012E+8 5.58379E+11 5.40611E+8
5049 5.64195E+13 1.78436E+10 5.59391E+11 5.40597E+8 5.59391E+11 5.40597E+8 5.59391E+11 5.40597E+8 5.55352E+11 5.39172E+8
5050 5.64243E+13 1.78451E+10 5.62324E+11 5.41982E+8 5.62324E+11 5.41982E+8 5.62324E+11 5.41982E+8 5.57957E+11 5.40437E+8
5051 5.64294E+13 1.78468E+10 5.65029E+11 5.43333E+8 5.65029E+11 5.43333E+8 5.65029E+11 5.43333E+8 5.60793E+11 5.41843E+8
5052 5.64344E+13 1.78483E+10 5.62425E+11 5.42027E+8 5.62425E+11 5.42027E+8 5.62425E+11 5.42027E+8 5.57832E+11 5.40386E+8
5053 5.64394E+13 1.78499E+10 5.63589E+11 5.42637E+8 5.63589E+11 5.42637E+8 5.63589E+11 5.42637E+8 5.59182E+11 5.41051E+8
5054 5.64442E+13 1.78514E+10 5.64172E+11 5.42951E+8 5.64172E+11 5.42951E+8 5.64172E+11 5.42951E+8 5.59553E+11 5.41294E+8
5055 5.64496E+13 1.78531E+10 5.64253E+11 5.43083E+8 5.64253E+11 5.43083E+8 5.64253E+11 5.43083E+8 5.59775E+11 5.41515E+8
5056 5.64541E+13 1.78546E+10 5.65954E+11 5.44054E+8 5.65954E+11 5.44054E+8 5.65954E+11 5.44054E+8 5.61543E+11 5.425E+8
5057 5.64591E+13 1.78562E+10 5.69411E+11 5.45642E+8 5.69411E+11 5.45642E+8 5.69411E+11 5.45642E+8 5.64716E+11 5.43967E+8
5058 5.64646E+13 1.78579E+10 5.67815E+11 5.44847E+8 5.67815E+11 5.44847E+8 5.67815E+11 5.44847E+8 5.63204E+11 5.43223E+8
5059 5.64693E+13 1.78594E+10 5.68696E+11 5.45341E+8 5.68696E+11 5.45341E+8 5.68696E+11 5.45341E+8 5.63595E+11 5.43517E+8
5060 5.64734E+13 1.78607E+10 5.72598E+11 5.47132E+8 5.72598E+11 5.47132E+8 5.72598E+11 5.47132E+8 5.67411E+11 5.45297E+8
5061 5.64788E+13 1.78624E+10 5.70845E+11 5.46315E+8 5.70845E+11 5.46315E+8 5.70845E+11 5.46315E+8 5.65877E+11 5.44547E+8
5062 5.64841E+13 1.78641E+10 5.68828E+11 5.45237E+8 5.68828E+11 5.45237E+8 5.68828E+11 5.45237E+8 5.63609E+11 5.43378E+8
5063 5.64893E+13 1.78657E+10 5.69693E+11 5.4572E+8 5.69693E+11 5.4572E+8 5.69693E+11 5.4572E+8 5.64415E+11 5.43863E+8
5064 5.64943E+13 1.78673E+10 5.678E+11 5.44947E+8 5.678E+11 5.44947E+8 5.678E+11 5.44947E+8 5.62652E+11 5.43109E+8
5065 5.6499E+13 1.78688E+10 5.75158E+11 5.48542E+8 5.75158E+11 5.48542E+8 5.75158E+11 5.48542E+8 5.69394E+11 5.46469E+8
5066 5.65042E+13 1.78704E+10 5.70357E+11 5.46267E+8 5.70357E+11 5.46267E+8 5.70357E+11 5.46267E+8 5.65159E+11 5.44427E+8
5067 5.65093E+13 1.7872E+10 5.73085E+11 5.47698E+8 5.73085E+11 5.47698E+8 5.73085E+11 5.47698E+8 5.67522E+11 5.45704E+8
5068 5.65137E+13 1.78734E+10 5.75012E+11 5.48568E+8 5.75012E+11 5.48568E+8 5.75012E+11 5.48568E+8 5.69425E+11 5.4657E+8
5069 5.65185E+13 1.78749E+10 5.73699E+11 5.48031E+8 5.73699E+11 5.48031E+8 5.73699E+11 5.48031E+8 5.68305E+11 5.461E+8
5070 5.65236E+13 1.78766E+10 5.76305E+11 5.49126E+8 5.76305E+11 5.49126E+8 5.76305E+11 5.49126E+8 5.70777E+11 5.47184E+8
5071 5.65293E+13 1.78784E+10 5.75221E+11 5.48703E+8 5.75221E+11 5.48703E+8 5.75221E+11 5.48703E+8 5.69482E+11 5.46621E+8
5072 5.65334E+13 1.78797E+10 5.73583E+11 5.47896E+8 5.73583E+11 5.47896E+8 5.73583E+11 5.47896E+8 5.67666E+11 5.45758E+8
5073 5.65381E+13 1.78811E+10 5.75916E+11 5.48982E+8 5.75916E+11 5.48982E+8 5.75916E+11 5.48982E+8 5.69915E+11 5.46812E+8
5074 5.65437E+13 1.78829E+10 5.77306E+11 5.4989E+8 5.77306E+11 5.4989E+8 5.77306E+11 5.4989E+8 5.71498E+11 5.4781E+8
5075 5.65488E+13 1.78845E+10 5.78737E+11 5.50637E+8 5.78737E+11 5.50637E+8 5.78737E+11 5.50637E+8 5.72868E+11 5.48522E+8
5076 5.65535E+13 1.7886E+10 5.79876E+11 5.51074E+8 5.79876E+11 5.51074E+8 5.79876E+11 5.51074E+8 5.73595E+11 5.48795E+8
5077 5.65578E+13 1.78874E+10 5.78563E+11 5.50434E+8 5.78563E+11 5.50434E+8 5.78563E+11 5.50434E+8 5.72378E+11 5.4819E+8
5078 5.65639E+13 1.78893E+10 5.77314E+11 5.49799E+8 5.77314E+11 5.49799E+8 5.77314E+11 5.49799E+8 5.71202E+11 5.47602E+8
5079 5.65686E+13 1.78908E+10 5.77108E+11 5.49947E+8 5.77108E+11 5.49947E+8 5.77108E+11 5.49947E+8 5.71053E+11 5.47764E+8
5080 5.65739E+13 1.78925E+10 5.81179E+11 5.51966E+8 5.81179E+11 5.51966E+8 5.81179E+11 5.51966E+8 5.74975E+11 5.49735E+8
5081 5.65782E+13 1.78938E+10 5.79834E+11 5.51093E+8 5.79834E+11 5.51093E+8 5.79834E+11 5.51093E+8 5.736E+11 5.48832E+8
5082 5.65834E+13 1.78955E+10 5.79193E+11 5.50861E+8 5.79193E+11 5.50861E+8 5.79193E+11 5.50861E+8 5.73179E+11 5.487E+8
5083 5.65881E+13 1.78969E+10 5.8196E+11 5.5217E+8 5.8196E+11 5.5217E+8 5.8196E+11 5.5217E+8 5.75382E+11 5.49764E+8
5084 5.65931E+13 1.78985E+10 5.82539E+11 5.52503E+8 5.82539E+11 5.52503E+8 5.82539E+11 5.52503E+8 5.75927E+11 5.50111E+8
5085 5.65986E+13 1.79003E+10 5.82197E+11 5.52369E+8 5.82197E+11 5.52369E+8 5.82197E+11 5.52369E+8 5.75614E+11 5.49969E+8
5086 5.66032E+13 1.79017E+10 5.81716E+11 5.52225E+8 5.81716E+11 5.52225E+8 5.81716E+11 5.52225E+8 5.75123E+11 5.4982E+8
5087 5.66081E+13 1.79033E+10 5.80272E+11 5.51531E+8 5.80272E+11 5.51531E+8 5.80272E+11 5.51531E+8 5.73654E+11 5.4912E+8
5088 5.66128E+13 1.79048E+10 5.83147E+11 5.53069E+8 5.83147E+11 5.53069E+8 5.83147E+11 5.53069E+8 5.76067E+11 5.50485E+8
5089 5.66178E+13 1.79064E+10 5.84496E+11 5.5366E+8 5.84496E+11 5.5366E+8 5.84496E+11 5.5366E+8 5.77407E+11 5.5106E+8
5090 5.66226E+13 1.79079E+10 5.8214E+11 5.52435E+8 5.8214E+11 5.52435E+8 5.8214E+11 5.52435E+8 5.75076E+11 5.49824E+8
5091 5.66279E+13 1.79096E+10 5.86067E+11 5.5443E+8 5.86067E+11 5.5443E+8 5.86067E+11 5.5443E+8 5.79016E+11 5.51857E+8
5092 5.6632E+13 1.79108E+10 5.85892E+11 5.54343E+8 5.85892E+11 5.54343E+8 5.85892E+11 5.54343E+8 5.78902E+11 5.51794E+8
5093 5.66382E+13 1.79128E+10 5.85225E+11 5.53948E+8 5.85225E+11 5.53948E+8 5.85225E+11 5.53948E+8 5.77768E+11 5.51177E+8
5094 5.6643E+13 1.79143E+10 5.86113E+11 5.54389E+8 5.86113E+11 5.54389E+8 5.86113E+11 5.54389E+8 5.78871E+11 5.51724E+8
5095 5.66474E+13 1.79157E+10 5.86407E+11 5.54591E+8 5.86407E+11 5.54591E+8 5.86407E+11 5.54591E+8 5.79081E+11 5.519E+8
5096 5.66523E+13 1.79173E+10 5.84604E+11 5.53759E+8 5.84604E+11 5.53759E+8 5.84604E+11 5.53759E+8 5.7759E+11 5.51196E+8
5097 5.66579E+13 1.7919E+10 5.87877E+11 5.55349E+8 5.87877E+11 5.55349E+8 5.87877E+11 5.55349E+8 5.80505E+11 5.52666E+8
5098 5.66624E+13 1.79205E+10 5.92594E+11 5.57581E+8 5.92594E+11 5.57581E+8 5.92594E+11 5.57581E+8 5.85022E+11 5.54807E+8
5099 5.66666E+13 1.79218E+10 5.87409E+11 5.55267E+8 5.87409E+11 5.55267E+8 5.87409E+11 5.55267E+8 5.80028E+11 5.52566E+8
5100 5.66723E+13 1.79236E+10 5.89729E+11 5.56331E+8 5.89729E+11 5.56331E+8 5.89729E+11 5.56331E+8 5.82152E+11 5.53538E+8
5101 5.66768E+13 1.7925E+10 5.88521E+11 5.55703E+8 5.88521E+11 5.55703E+8 5.88521E+11 5.55703E+8 5.80725E+11 5.52828E+8
5102 5.66818E+13 1.79266E+10 5.89866E+11 5.56383E+8 5.89866E+11 5.56383E+8 5.89866E+11 5.56383E+8 5.82269E+11 5.53586E+8
5103 5.66872E+13 1.79283E+10 5.90155E+11 5.56671E+8 5.90155E+11 5.56671E+8 5.90155E+11 5.56671E+8 5.82457E+11 5.53832E+8
5104 5.66921E+13 1.79299E+10 5.89219E+11 5.56109E+8 5.89219E+11 5.56109E+8 5.89219E+11 5.56109E+8 5.81526E+11 5.5327E+8
5105 5.66966E+13 1.79313E+10 5.91857E+11 5.57492E+8 5.91857E+11 5.57492E+8 5.91857E+11 5.57492E+8 5.83871E+11 5.54514E+8
5106 5.67021E+13 1.7933E+10 5.90397E+11 5.56709E+8 5.90397E+11 5.56709E+8 5.90397E+11 5.56709E+8 5.82749E+11 5.53904E+8
5107 5.67063E+13 1.79343E+10 5.91271E+11 5.57288E+8 5.91271E+11 5.57288E+8 5.91271E+11 5.57288E+8 5.8313E+11 5.5426E+8
5108 5.67112E+13 1.79359E+10 5.91084E+11 5.57181E+8 5.91084E+11 5.57181E+8 5.91084E+11 5.57181E+8 5.82886E+11 5.54094E+8
5109 5.67163E+13 1.79375E+10 5.94272E+11 5.5873E+8 5.94272E+11 5.5873E+8 5.94272E+11 5.5873E+8 5.86152E+11 5.55712E+8
5110 5.67214E+13 1.79391E+10 5.90059E+11 5.5664E+8 5.90059E+11 5.5664E+8 5.90059E+11 5.5664E+8 5.81763E+11 5.53541E+8
5111 5.67265E+13 1.79407E+10 5.94953E+11 5.59033E+8 5.94953E+11 5.59033E+8 5.94953E+11 5.59033E+8 5.86628E+11 5.55946E+8
5112 5.67315E+13 1.79423E+10 5.96064E+11 5.59581E+8 5.96064E+11 5.59581E+8 5.96064E+11 5.59581E+8 5.87563E+11 5.56408E+8
5113 5.67365E+13 1.79439E+10 5.91714E+11 5.57617E+8 5.91714E+11 5.57617E+8 5.91714E+11 5.57617E+8 5.83814E+11 5.54671E+8
5114 5.67411E+13 1.79453E+10 5.92335E+11 5.57818E+8 5.92335E+11 5.57818E+8 5.92335E+11 5.57818E+8 5.83953E+11 5.54678E+8
5115 5.6746E+13 1.79469E+10 5.94593E+11 5.59154E+8 5.94593E+11 5.59154E+8 5.94593E+11 5.59154E+8 5.86294E+11 5.56074E+8
5116 5.67507E+13 1.79484E+10 5.94345E+11 5.58774E+8 5.94345E+11 5.58774E+8 5.94345E+11 5.58774E+8 5.85937E+11 5.5566E+8
5117 5.67554E+13 1.79499E+10 5.91941E+11 5.5769E+8 5.91941E+11 5.5769E+8 5.91941E+11 5.5769E+8 5.83086E+11 5.54369E+8
5118 5.67604E+13 1.79514E+10 5.95224E+11 5.59354E+8 5.95224E+11 5.59354E+8 5.95224E+11 5.59354E+8 5.86436E+11 5.5604E+8
5119 5.67654E+13 1.7953E+10 5.96159E+11 5.59737E+8 5.96159E+11 5.59737E+8 5.96159E+11 5.59737E+8 5.87205E+11 5.56369E+8
5120 5.677E+13 1.79545E+10 5.9354E+11 5.58687E+8 5.9354E+11 5.58687E+8 5.9354E+11 5.58687E+8 5.84903E+11 5.555E+8
5121 5.67754E+13 1.79562E+10 5.95414E+11 5.59486E+8 5.95414E+11 5.59486E+8 5.95414E+11 5.59486E+8 5.86653E+11 5.56208E+8
5122 5.67799E+13 1.79576E+10 5.95586E+11 5.59506E+8 5.95586E+11 5.59506E+8 5.95586E+11 5.59506E+8 5.86504E+11 5.56115E+8
5123 5.67849E+13 1.79592E+10 5.95316E+11 5.59433E+8 5.95316E+11 5.59433E+8 5.95316E+11 5.59433E+8 5.86573E+11 5.56157E+8
5124 5.67901E+13 1.79608E+10 5.99132E+11 5.61395E+8 5.99132E+11 5.61395E+8 5.99132E+11 5.61395E+8 5.90012E+11 5.57939E+8
5125 5.67945E+13 1.79622E+10 5.96018E+11 5.59626E+8 5.96018E+11 5.59626E+8 5.96018E+11 5.59626E+8 5.86866E+11 5.56214E+8
5126 5.67998E+13 1.79639E+10 5.95839E+11 5.59768E+8 5.95839E+11 5.59768E+8 5.95839E+11 5.59768E+8 5.86497E+11 5.56244E+8
5127 5.68042E+13 1.79653E+10 5.96944E+11 5.6019E+8 5.96944E+11 5.6019E+8 5.96944E+11 5.6019E+8 5.87568E+11 5.56645E+8
5128 5.68089E+13 1.79668E+10 5.99048E+11 5.61321E+8 5.99048E+11 5.61321E+8 5.99048E+11 5.61321E+8 5.90136E+11 5.57976E+8
5129 5.68137E+13 1.79683E+10 5.98135E+11 5.6094E+8 5.98135E+11 5.6094E+8 5.98135E+11 5.6094E+8 5.89041E+11 5.57526E+8
5130 5.68197E+13 1.79702E+10 5.97856E+11 5.60759E+8 5.97856E+11 5.60759E+8 5.97856E+11 5.60759E+8 5.88431E+11 5.57189E+8
5131 5.68245E+13 1.79717E+10 6.02479E+11 5.63129E+8 6.02479E+11 5.63129E+8 6.02479E+11 5.63129E+8 5.93483E+11 5.59767E+8
5132 5.68289E+13 1.79731E+10 6.01045E+11 5.62388E+8 6.01045E+11 5.62388E+8 6.01045E+11 5.62388E+8 5.91839E+11 5.58911E+8
5133 5.6834E+13 1.79747E+10 6.00337E+11 5.62094E+8 6.00337E+11 5.62094E+8 6.00337E+11 5.62094E+8 5.90868E+11 5.58527E+8
5134 5.68391E+13 1.79763E+10 6.00421E+11 5.62096E+8 6.00421E+11 5.62096E+8 6.00421E+11 5.62096E+8 5.91331E+11 5.58729E+8
5135 5.68439E+13 1.79778E+10 5.99275E+11 5.61623E+8 5.99275E+11 5.61623E+8 5.99275E+11 5.61623E+8 5.90042E+11 5.58176E+8
5136 5.68487E+13 1.79794E+10 6.0274E+11 5.6346E+8 6.0274E+11 5.6346E+8 6.0274E+11 5.6346E+8 5.93327E+11 5.5995E+8
5137 5.68529E+13 1.79807E+10 6.02376E+11 5.63184E+8 6.02376E+11 5.63184E+8 6.02376E+11 5.63184E+8 5.92227E+11 5.59303E+8
5138 5.6858E+13 1.79823E+10 6.04727E+11 5.64437E+8 6.04727E+11 5.64437E+8 6.04727E+11 5.64437E+8 5.94999E+11 5.60809E+8
5139 5.68628E+13 1.79838E+10 6.04035E+11 5.64013E+8 6.04035E+11 5.64013E+8 6.04035E+11 5.64013E+8 5.94622E+11 5.60503E+8
5140 5.6868E+13 1.79855E+10 6.0215E+11 5.63145E+8 6.0215E+11 5.63145E+8 6.0215E+11 5.63145E+8 5.92279E+11 5.59441E+8
5141 5.68728E+13 1.7987E+10 6.01583E+11 5.62855E+8 6.01583E+11 5.62855E+8 6.01583E+11 5.62855E+8 5.91877E+11 5.59223E+8
5142 5.68779E+13 1.79886E+10 6.05921E+11 5.65028E+8 6.05921E+11 5.65028E+8 6.05921E+11 5.65028E+8 5.95876E+11 5.61245E+8
5143 5.68822E+13 1.799E+10 6.03477E+11 5.63824E+8 6.03477E+11 5.63824E+8 6.03477E+11 5.63824E+8 5.93591E+11 5.60114E+8
5144 5.68876E+13 1.79917E+10 6.05191E+11 5.6462E+8 6.05191E+11 5.6462E+8 6.05191E+11 5.6462E+8 5.95064E+11 5.60806E+8
5145 5.68926E+13 1.79933E+10 6.02227E+11 5.63392E+8 6.02227E+11 5.63392E+8 6.02227E+11 5.63392E+8 5.92399E+11 5.5972E+8
5146 5.68969E+13 1.79946E+10 6.04625E+11 5.64264E+8 6.04625E+11 5.64264E+8 6.04625E+11 5.64264E+8 5.94545E+11 5.60478E+8
5147 5.69018E+13 1.79962E+10 6.04922E+11 5.64577E+8 6.04922E+11 5.64577E+8 6.04922E+11 5.64577E+8 5.94968E+11 5.60826E+8
5148 5.69061E+13 1.79975E+10 6.04968E+11 5.64435E+8 6.04968E+11 5.64435E+8 6.04968E+11 5.64435E+8 5.95287E+11 5.60831E+8
5149 5.69119E+13 1.79993E+10 6.04067E+11 5.64248E+8 6.04067E+11 5.64248E+8 6.04067E+11 5.64248E+8 5.93848E+11 5.60393E+8
5150 5.69163E+13 1.80007E+10 6.09825E+11 5.66816E+8 6.09825E+11 5.66816E+8 6.09825E+11 5.66816E+8 5.99154E+11 5.62764E+8
5151 5.69214E+13 1.80024E+10 6.05885E+11 5.65247E+8 6.05885E+11 5.65247E+8 6.05885E+11 5.65247E+8 5.95562E+11 5.61327E+8
5152 5.69257E+13 1.80037E+10 6.06477E+11 5.65456E+8 6.06477E+11 5.65456E+8 6.06477E+11 5.65456E+8 5.96486E+11 5.61668E+8
5153 5.69309E+13 1.80054E+10 6.12502E+11 5.68149E+8 6.12502E+11 5.68149E+8 6.12502E+11 5.68149E+8 6.02008E+11 5.64197E+8
5154 5.69359E+13 1.8007E+10 6.07212E+11 5.65758E+8 6.07212E+11 5.65758E+8 6.07212E+11 5.65758E+8 5.96758E+11 5.6185E+8
5155 5.69402E+13 1.80083E+10 6.06019E+11 5.65298E+8 6.06019E+11 5.65298E+8 6.06019E+11 5.65298E+8 5.95789E+11 5.6141E+8
5156 5.69452E+13 1.80099E+10 6.06146E+11 5.65335E+8 6.06146E+11 5.65335E+8 6.06146E+11 5.65335E+8 5.9577E+11 5.61428E+8
5157 5.69507E+13 1.80116E+10 6.11072E+11 5.67626E+8 6.11072E+11 5.67626E+8 6.11072E+11 5.67626E+8 6.00329E+11 5.63595E+8
5158 5.69558E+13 1.80132E+10 6.09344E+11 5.66914E+8 6.09344E+11 5.66914E+8 6.09344E+11 5.66914E+8 5.99014E+11 5.63053E+8
5159 5.69601E+13 1.80146E+10 6.10927E+11 5.67836E+8 6.10927E+11 5.67836E+8 6.10927E+11 5.67836E+8 6.00059E+11 5.6372E+8
5160 5.69653E+13 1.80162E+10 6.09391E+11 5.66996E+8 6.09391E+11 5.66996E+8 6.09391E+11 5.66996E+8 5.98933E+11 5.63085E+8
5161 5.69698E+13 1.80177E+10 6.08328E+11 5.66583E+8 6.08328E+11 5.66583E+8 6.08328E+11 5.66583E+8 5.97734E+11 5.62594E+8
5162 5.69753E+13 1.80194E+10 6.09432E+11 5.67E+8 6.09432E+11 5.67E+8 6.09432E+11 5.67E+8 5.98337E+11 5.62823E+8
5163 5.69794E+13 1.80207E+10 6.09991E+11 5.67441E+8 6.09991E+11 5.67441E+8 6.09991E+11 5.67441E+8 5.99053E+11 5.63293E+8
5164 5.69839E+13 1.80221E+10 6.10619E+11 5.67521E+8 6.10619E+11 5.67521E+8 6.10619E+11 5.67521E+8 5.99866E+11 5.63476E+8
5165 5.69892E+13 1.80238E+10 6.10509E+11 5.67641E+8 6.10509E+11 5.67641E+8 6.10509E+11 5.67641E+8 5.9987E+11 5.63618E+8
5166 5.69938E+13 1.80253E+10 6.11445E+11 5.68231E+8 6.11445E+11 5.68231E+8 6.11445E+11 5.68231E+8 6.00608E+11 5.64147E+8
5167 5.69988E+13 1.80268E+10 6.12608E+11 5.68516E+8 6.12608E+11 5.68516E+8 6.12608E+11 5.68516E+8 6.01951E+11 5.64533E+8
5168 5.70034E+13 1.80283E+10 6.101E+11 5.67514E+8 6.101E+11 5.67514E+8 6.101E+11 5.67514E+8 5.9899E+11 5.63331E+8
5169 5.7008E+13 1.80297E+10 6.10593E+11 5.6784E+8 6.10593E+11 5.6784E+8 6.10593E+11 5.6784E+8 5.99561E+11 5.63704E+8
5170 5.7013E+13 1.80313E+10 6.15405E+11 5.70163E+8 6.15405E+11 5.70163E+8 6.15405E+11 5.70163E+8 6.04199E+11 5.65922E+8
5171 5.70177E+13 1.80328E+10 6.14079E+11 5.69431E+8 6.14079E+11 5.69431E+8 6.14079E+11 5.69431E+8 6.02697E+11 5.65134E+8
5172 5.70226E+13 1.80344E+10 6.14458E+11 5.69526E+8 6.14458E+11 5.69526E+8 6.14458E+11 5.69526E+8 6.0306E+11 5.65214E+8
5173 5.70274E+13 1.80359E+10 6.18123E+11 5.71552E+8 6.18123E+11 5.71552E+8 6.18123E+11 5.71552E+8 6.06785E+11 5.67265E+8
5174 5.70325E+13 1.80375E+10 6.16528E+11 5.70728E+8 6.16528E+11 5.70728E+8 6.16528E+11 5.70728E+8 6.05255E+11 5.66522E+8
5175 5.70376E+13 1.80391E+10 6.15514E+11 5.70171E+8 6.15514E+11 5.70171E+8 6.15514E+11 5.70171E+8 6.04274E+11 5.65945E+8
5176 5.70417E+13 1.80404E+10 6.1478E+11 5.69903E+8 6.1478E+11 5.69903E+8 6.1478E+11 5.69903E+8 6.03521E+11 5.65678E+8
5177 5.70465E+13 1.80419E+10 6.15665E+11 5.70283E+8 6.15665E+11 5.70283E+8 6.15665E+11 5.70283E+8 6.04484E+11 5.66082E+8
5178 5.70519E+13 1.80436E+10 6.16293E+11 5.70562E+8 6.16293E+11 5.70562E+8 6.16293E+11 5.70562E+8 6.0466E+11 5.6617E+8
5179 5.70565E+13 1.80451E+10 6.18404E+11 5.71621E+8 6.18404E+11 5.71621E+8 6.18404E+11 5.71621E+8 6.07031E+11 5.6734E+8
5180 5.70617E+13 1.80467E+10 6.15713E+11 5.70347E+8 6.15713E+11 5.70347E+8 6.15713E+11 5.70347E+8 6.04299E+11 5.66073E+8
5181 5.70661E+13 1.80481E+10 6.17919E+11 5.71441E+8 6.17919E+11 5.71441E+8 6.17919E+11 5.71441E+8 6.06163E+11 5.67015E+8
5182 5.70712E+13 1.80497E+10 6.17761E+11 5.71626E+8 6.17761E+11 5.71626E+8 6.17761E+11 5.71626E+8 6.05965E+11 5.67172E+8
5183 5.70759E+13 1.80512E+10 6.17827E+11 5.71435E+8 6.17827E+11 5.71435E+8 6.17827E+11 5.71435E+8 6.06093E+11 5.67018E+8
5184 5.70801E+13 1.80526E+10 6.19883E+11 5.72385E+8 6.19883E+11 5.72385E+8 6.19883E+11 5.72385E+8 6.08084E+11 5.6795E+8
5185 5.70852E+13 1.80542E+10 6.17637E+11 5.71386E+8 6.17637E+11 5.71386E+8 6.17637E+11 5.71386E+8 6.05523E+11 5.66834E+8
5186 5.70901E+13 1.80557E+10 6.1713E+11 5.71181E+8 6.1713E+11 5.71181E+8 6.1713E+11 5.71181E+8 6.0513E+11 5.66688E+8
5187 5.70945E+13 1.80571E+10 6.19259E+11 5.72343E+8 6.19259E+11 5.72343E+8 6.19259E+11 5.72343E+8 6.07277E+11 5.67832E+8
5188 5.70997E+13 1.80588E+10 6.18353E+11 5.71944E+8 6.18353E+11 5.71944E+8 6.18353E+11 5.71944E+8 6.06536E+11 5.67508E+8
5189 5.71045E+13 1.80603E+10 6.23094E+11 5.74162E+8 6.23094E+11 5.74162E+8 6.23094E+11 5.74162E+8 6.11257E+11 5.69706E+8
5190 5.71092E+13 1.80618E+10 6.19685E+11 5.72544E+8 6.19685E+11 5.72544E+8 6.19685E+11 5.72544E+8 6.0739E+11 5.67892E+8
5191 5.7114E+13 1.80633E+10 6.1999E+11 5.72914E+8 6.1999E+11 5.72914E+8 6.1999E+11 5.72914E+8 6.07944E+11 5.68372E+8
5192 5.71183E+13 1.80646E+10 6.1992E+11 5.72544E+8 6.1992E+11 5.72544E+8 6.1992E+11 5.72544E+8 6.07706E+11 5.67968E+8
5193 5.71236E+13 1.80663E+10 6.17615E+11 5.71537E+8 6.17615E+11 5.71537E+8 6.17615E+11 5.71537E+8 6.05266E+11 5.66861E+8
5194 5.7128E+13 1.80677E+10 6.20365E+11 5.73016E+8 6.20365E+11 5.73016E+8 6.20365E+11 5.73016E+8 6.07972E+11 5.68322E+8
5195 5.71331E+13 1.80693E+10 6.17681E+11 5.71678E+8 6.17681E+11 5.71678E+8 6.17681E+11 5.71678E+8 6.05673E+11 5.67129E+8
5196 5.71374E+13 1.80707E+10 6.21821E+11 5.73562E+8 6.21821E+11 5.73562E+8 6.21821E+11 5.73562E+8 6.09739E+11 5.69046E+8
5197 5.71427E+13 1.80724E+10 6.20985E+11 5.73214E+8 6.20985E+11 5.73214E+8 6.20985E+11 5.73214E+8 6.0881E+11 5.6865E+8
5198 5.71476E+13 1.80739E+10 6.20982E+11 5.73233E+8 6.20982E+11 5.73233E+8 6.20982E+11 5.73233E+8 6.08547E+11 5.68571E+8
5199 5.71523E+13 1.80754E+10 6.2117E+11 5.73462E+8 6.2117E+11 5.73462E+8 6.2117E+11 5.73462E+8 6.0885E+11 5.68835E+8
5200 5.71575E+13 1.8077E+10 6.22307E+11 5.73963E+8 6.22307E+11 5.73963E+8 6.22307E+11 5.73963E+8 6.09999E+11 5.69377E+8
5201 5.71618E+13 1.80784E+10 6.2601E+11 5.758E+8 6.2601E+11 5.758E+8 6.2601E+11 5.758E+8 6.13703E+11 5.7117E+8
5202 5.71665E+13 1.80799E+10 6.26565E+11 5.75876E+8 6.26565E+11 5.75876E+8 6.26565E+11 5.75876E+8 6.13729E+11 5.71053E+8
5203 5.71718E+13 1.80816E+10 6.22548E+11 5.74227E+8 6.22548E+11 5.74227E+8 6.22548E+11 5.74227E+8 6.09938E+11 5.69467E+8
5204 5.71764E+13 1.8083E+10 6.23676E+11 5.74586E+8 6.23676E+11 5.74586E+8 6.23676E+11 5.74586E+8 6.11205E+11 5.69948E+8
5205 5.71807E+13 1.80844E+10 6.23373E+11 5.74736E+8 6.23373E+11 5.74736E+8 6.23373E+11 5.74736E+8 6.10746E+11 5.69989E+8
5206 5.71859E+13 1.8086E+10 6.24287E+11 5.75021E+8 6.24287E+11 5.75021E+8 6.24287E+11 5.75021E+8 6.11751E+11 5.70299E+8
5207 5.71904E+13 1.80874E+10 6.23783E+11 5.74706E+8 6.23783E+11 5.74706E+8 6.23783E+11 5.74706E+8 6.10814E+11 5.69799E+8
5208 5.71954E+13 1.8089E+10 6.23828E+11 5.74804E+8 6.23828E+11 5.74804E+8 6.23828E+11 5.74804E+8 6.10996E+11 5.69967E+8
5209 5.72E+13 1.80905E+10 6.25052E+11 5.75311E+8 6.25052E+11 5.75311E+8 6.25052E+11 5.75311E+8 6.12521E+11 5.70602E+8
5210 5.72051E+13 1.80921E+10 6.26336E+11 5.75929E+8 6.26336E+11 5.75929E+8 6.26336E+11 5.75929E+8 6.1327E+11 5.71004E+8
5211 5.72096E+13 1.80935E+10 6.27577E+11 5.76774E+8 6.27577E+11 5.76774E+8 6.27577E+11 5.76774E+8 6.14871E+11 5.71994E+8
5212 5.7215E+13 1.80952E+10 6.25906E+11 5.75921E+8 6.25906E+11 5.75921E+8 6.25906E+11 5.75921E+8 6.12739E+11 5.70956E+8
5213 5.72196E+13 1.80967E+10 6.27174E+11 5.76604E+8 6.27174E+11 5.76604E+8 6.27174E+11 5.76604E+8 6.14325E+11 5.71772E+8
5214 5.72236E+13 1.80979E+10 6.26283E+11 5.76221E+8 6.26283E+11 5.76221E+8 6.26283E+11 5.76221E+8 6.12962E+11 5.71153E+8
5215 5.72285E+13 1.80995E+10 6.27814E+11 5.76952E+8 6.27814E+11 5.76952E+8 6.27814E+11 5.76952E+8 6.14744E+11 5.72079E+8
5216 5.72336E+13 1.81011E+10 6.26628E+11 5.76234E+8 6.26628E+11 5.76234E+8 6.26628E+11 5.76234E+8 6.1344E+11 5.71296E+8
5217 5.72379E+13 1.81024E+10 6.29022E+11 5.77336E+8 6.29022E+11 5.77336E+8 6.29022E+11 5.77336E+8 6.15862E+11 5.72384E+8
5218 5.72431E+13 1.81041E+10 6.26689E+11 5.76403E+8 6.26689E+11 5.76403E+8 6.26689E+11 5.76403E+8 6.13428E+11 5.71386E+8
5219 5.72477E+13 1.81056E+10 6.3087E+11 5.78407E+8 6.3087E+11 5.78407E+8 6.3087E+11 5.78407E+8 6.17332E+11 5.7333E+8
5220 5.72521E+13 1.81069E+10 6.31027E+11 5.78461E+8 6.31027E+11 5.78461E+8 6.31027E+11 5.78461E+8 6.17335E+11 5.73287E+8
5221 5.7257E+13 1.81085E+10 6.31531E+11 5.78591E+8 6.31531E+11 5.78591E+8 6.31531E+11 5.78591E+8 6.18125E+11 5.73557E+8
5222 5.72617E+13 1.811E+10 6.31386E+11 5.78676E+8 6.31386E+11 5.78676E+8 6.31386E+11 5.78676E+8 6.17809E+11 5.7355E+8
5223 5.72673E+13 1.81118E+10 6.32784E+11 5.793E+8 6.32784E+11 5.793E+8 6.32784E+11 5.793E+8 6.19345E+11 5.74271E+8
5224 5.72711E+13 1.8113E+10 6.32117E+11 5.79008E+8 6.32117E+11 5.79008E+8 6.32117E+11 5.79008E+8 6.17981E+11 5.7365E+8
5225 5.72759E+13 1.81145E+10 6.32546E+11 5.79434E+8 6.32546E+11 5.79434E+8 6.32546E+11 5.79434E+8 6.1885E+11 5.74314E+8
5226 5.7281E+13 1.81161E+10 6.30617E+11 5.78461E+8 6.30617E+11 5.78461E+8 6.30617E+11 5.78461E+8 6.1695E+11 5.73301E+8
5227 5.72854E+13 1.81175E+10 6.29796E+11 5.77998E+8 6.29796E+11 5.77998E+8 6.29796E+11 5.77998E+8 6.1585E+11 5.72719E+8
5228 5.72902E+13 1.8119E+10 6.32282E+11 5.79332E+8 6.32282E+11 5.79332E+8 6.32282E+11 5.79332E+8 6.1861E+11 5.74151E+8
5229 5.72953E+13 1.81206E+10 6.34316E+11 5.8049E+8 6.34316E+11 5.8049E+8 6.34316E+11 5.8049E+8 6.21519E+11 5.75479E+8
5230 5.73001E+13 1.81221E+10 5.35912E+11 5.43893E+8 5.35912E+11 5.43893E+8 5.35912E+11 5.43893E+8 5.27248E+11 5.4019E+8
5231 5.73043E+13 1.81235E+10 3.83154E+11 4.76841E+8 3.83154E+11 4.76841E+8 3.83154E+11 4.76841E+8 3.69444E+11 4.7057E+8
5232 5.73095E+13 1.81251E+10 5.95269E+11 5.67789E+8 5.95269E+11 5.67789E+8 5.95269E+11 5.67789E+8 5.88142E+11 5.64922E+8
5233 5.73145E+13 1.81267E+10 6.31621E+11 5.78926E+8 6.31621E+11 5.78926E+8 6.31621E+11 5.78926E+8 6.17965E+11 5.73771E+8
5234 5.73188E+13 1.8128E+10 6.3555E+11 5.80895E+8 6.3555E+11 5.80895E+8 6.3555E+11 5.80895E+8 6.21416E+11 5.75578E+8
5235 5.73237E+13 1.81296E+10 6.37646E+11 5.81936E+8 6.37646E+11 5.81936E+8 6.37646E+11 5.81936E+8 6.23981E+11 5.76793E+8
5236 5.73284E+13 1.81311E+10 6.35309E+11 5.80913E+8 6.35309E+11 5.80913E+8 6.35309E+11 5.80913E+8 6.21405E+11 5.75691E+8
5237 5.73335E+13 1.81327E+10 6.34962E+11 5.80714E+8 6.34962E+11 5.80714E+8 6.34962E+11 5.80714E+8 6.20639E+11 5.75348E+8
5238 5.73383E+13 1.81342E+10 6.33309E+11 5.79888E+8 6.33309E+11 5.79888E+8 6.33309E+11 5.79888E+8 6.18953E+11 5.74503E+8
5239 5.73424E+13 1.81355E+10 6.35208E+11 5.80903E+8 6.35208E+11 5.80903E+8 6.35208E+11 5.80903E+8 6.20829E+11 5.75486E+8
5240 5.73483E+13 1.81374E+10 6.36322E+11 5.81479E+8 6.36322E+11 5.81479E+8 6.36322E+11 5.81479E+8 6.22384E+11 5.76247E+8
5241 5.73525E+13 1.81387E+10 6.3795E+11 5.82365E+8 6.3795E+11 5.82365E+8 6.3795E+11 5.82365E+8 6.23863E+11 5.7706E+8
5242 5.73564E+13 1.81399E+10 6.37638E+11 5.82049E+8 6.37638E+11 5.82049E+8 6.37638E+11 5.82049E+8 6.23387E+11 5.76732E+8
5243 5.73618E+13 1.81416E+10 6.36473E+11 5.81516E+8 6.36473E+11 5.81516E+8 6.36473E+11 5.81516E+8 6.21906E+11 5.7601E+8
5244 5.73662E+13 1.8143E+10 6.38075E+11 5.82281E+8 6.38075E+11 5.82281E+8 6.38075E+11 5.82281E+8 6.23828E+11 5.76955E+8
5245 5.73708E+13 1.81445E+10 6.35887E+11 5.81288E+8 6.35887E+11 5.81288E+8 6.35887E+11 5.81288E+8 6.21585E+11 5.75926E+8
5246 5.73756E+13 1.8146E+10 6.38731E+11 5.8246E+8 6.38731E+11 5.8246E+8 6.38731E+11 5.8246E+8 6.23998E+11 5.76893E+8
5247 5.73803E+13 1.81475E+10 6.37591E+11 5.82129E+8 6.37591E+11 5.82129E+8 6.37591E+11 5.82129E+8 6.22805E+11 5.76602E+8
5248 5.73855E+13 1.81491E+10 6.36399E+11 5.81627E+8 6.36399E+11 5.81627E+8 6.36399E+11 5.81627E+8 6.22036E+11 5.76274E+8
5249 5.73902E+13 1.81506E+10 6.38952E+11 5.82743E+8 6.38952E+11 5.82743E+8 6.38952E+11 5.82743E+8 6.24167E+11 5.77185E+8
5250 5.73948E+13 1.81521E+10 6.3729E+11 5.81995E+8 6.3729E+11 5.81995E+8 6.3729E+11 5.81995E+8 6.22631E+11 5.76494E+8
5251 5.73994E+13 1.81535E+10 6.39021E+11 5.82682E+8 6.39021E+11 5.82682E+8 6.39021E+11 5.82682E+8 6.234E+11 5.76765E+8
5252 5.74041E+13 1.8155E+10 6.37721E+11 5.82127E+8 6.37721E+11 5.82127E+8 6.37721E+11 5.82127E+8 6.22548E+11 5.76404E+8
5253 5.74085E+13 1.81564E+10 6.41528E+11 5.84332E+8 6.41528E+11 5.84332E+8 6.41528E+11 5.84332E+8 6.26799E+11 5.78779E+8
5254 5.74137E+13 1.81581E+10 6.41372E+11 5.84033E+8 6.41372E+11 5.84033E+8 6.41372E+11 5.84033E+8 6.26499E+11 5.78458E+8
5255 5.74181E+13 1.81595E+10 6.38674E+11 5.82717E+8 6.38674E+11 5.82717E+8 6.38674E+11 5.82717E+8 6.23738E+11 5.77116E+8
5256 5.74228E+13 1.81609E+10 6.41046E+11 5.83853E+8 6.41046E+11 5.83853E+8 6.41046E+11 5.83853E+8 6.2543E+11 5.77962E+8
5257 5.74278E+13 1.81625E+10 6.40638E+11 5.83861E+8 6.40638E+11 5.83861E+8 6.40638E+11 5.83861E+8 6.25343E+11 5.78119E+8
5258 5.74327E+13 1.81641E+10 6.41289E+11 5.83956E+8 6.41289E+11 5.83956E+8 6.41289E+11 5.83956E+8 6.25896E+11 5.78186E+8
5259 5.74373E+13 1.81655E+10 6.41727E+11 5.8426E+8 6.41727E+11 5.8426E+8 6.41727E+11 5.8426E+8 6.26595E+11 5.78606E+8
5260 5.74417E+13 1.81669E+10 6.43944E+11 5.85285E+8 6.43944E+11 5.85285E+8 6.43944E+11 5.85285E+8 6.28497E+11 5.79492E+8
5261 5.74463E+13 1.81684E+10 6.39822E+11 5.83448E+8 6.39822E+11 5.83448E+8 6.39822E+11 5.83448E+8 6.24012E+11 5.77494E+8
5262 5.74513E+13 1.817E+10 6.43632E+11 5.85399E+8 6.43632E+11 5.85399E+8 6.43632E+11 5.85399E+8 6.28794E+11 5.79848E+8
5263 5.74562E+13 1.81715E+10 6.41634E+11 5.84402E+8 6.41634E+11 5.84402E+8 6.41634E+11 5.84402E+8 6.26053E+11 5.78567E+8
5264 5.74607E+13 1.81729E+10 6.41893E+11 5.84444E+8 6.41893E+11 5.84444E+8 6.41893E+11 5.84444E+8 6.26816E+11 5.78811E+8
5265 5.74655E+13 1.81745E+10 6.40534E+11 5.83925E+8 6.40534E+11 5.83925E+8 6.40534E+11 5.83925E+8 6.25252E+11 5.78211E+8
5266 5.74703E+13 1.8176E+10 6.45767E+11 5.86199E+8 6.45767E+11 5.86199E+8 6.45767E+11 5.86199E+8 6.30336E+11 5.80462E+8
5267 5.7475E+13 1.81774E+10 6.42506E+11 5.84856E+8 6.42506E+11 5.84856E+8 6.42506E+11 5.84856E+8 6.26371E+11 5.78745E+8
5268 5.74798E+13 1.8179E+10 6.44879E+11 5.85923E+8 6.44879E+11 5.85923E+8 6.44879E+11 5.85923E+8 6.28881E+11 5.79929E+8
5269 5.74846E+13 1.81805E+10 6.45245E+11 5.86136E+8 6.45245E+11 5.86136E+8 6.45245E+11 5.86136E+8 6.29467E+11 5.80179E+8
5270 5.74891E+13 1.81819E+10 6.46123E+11 5.86581E+8 6.46123E+11 5.86581E+8 6.46123E+11 5.86581E+8 6.30551E+11 5.8074E+8
5271 5.74936E+13 1.81833E+10 6.4768E+11 5.87221E+8 6.4768E+11 5.87221E+8 6.4768E+11 5.87221E+8 6.31777E+11 5.81234E+8
5272 5.74978E+13 1.81847E+10 6.44787E+11 5.85985E+8 6.44787E+11 5.85985E+8 6.44787E+11 5.85985E+8 6.28578E+11 5.79903E+8
5273 5.75037E+13 1.81865E+10 6.47169E+11 5.87002E+8 6.47169E+11 5.87002E+8 6.47169E+11 5.87002E+8 6.30742E+11 5.80875E+8
5274 5.7508E+13 1.81879E+10 6.45852E+11 5.86561E+8 6.45852E+11 5.86561E+8 6.45852E+11 5.86561E+8 6.30227E+11 5.80678E+8
5275 5.75127E+13 1.81894E+10 6.45846E+11 5.86628E+8 6.45846E+11 5.86628E+8 6.45846E+11 5.86628E+8 6.2991E+11 5.80674E+8
5276 5.75172E+13 1.81908E+10 6.48599E+11 5.87763E+8 6.48599E+11 5.87763E+8 6.48599E+11 5.87763E+8 6.32146E+11 5.81596E+8
5277 5.75219E+13 1.81923E+10 6.46254E+11 5.86861E+8 6.46254E+11 5.86861E+8 6.46254E+11 5.86861E+8 6.29966E+11 5.80725E+8
5278 5.75269E+13 1.81939E+10 6.47121E+11 5.87342E+8 6.47121E+11 5.87342E+8 6.47121E+11 5.87342E+8 6.30674E+11 5.81132E+8
5279 5.7531E+13 1.81952E+10 6.48748E+11 5.87915E+8 6.48748E+11 5.87915E+8 6.48748E+11 5.87915E+8 6.31867E+11 5.81605E+8
5280 5.75363E+13 1.81968E+10 6.4776E+11 5.87505E+8 6.4776E+11 5.87505E+8 6.4776E+11 5.87505E+8 6.31269E+11 5.81334E+8
5281 5.7541E+13 1.81983E+10 6.49247E+11 5.8823E+8 6.49247E+11 5.8823E+8 6.49247E+11 5.8823E+8 6.33026E+11 5.82135E+8
5282 5.75456E+13 1.81998E+10 6.45689E+11 5.86671E+8 6.45689E+11 5.86671E+8 6.45689E+11 5.86671E+8 6.2917E+11 5.80421E+8
5283 5.75505E+13 1.82013E+10 6.49415E+11 5.88297E+8 6.49415E+11 5.88297E+8 6.49415E+11 5.88297E+8 6.32395E+11 5.81928E+8
5284 5.7555E+13 1.82027E+10 6.50934E+11 5.89182E+8 6.50934E+11 5.89182E+8 6.50934E+11 5.89182E+8 6.34064E+11 5.82854E+8
5285 5.75596E+13 1.82042E+10 6.5238E+11 5.89875E+8 6.5238E+11 5.89875E+8 6.5238E+11 5.89875E+8 6.35362E+11 5.83531E+8
5286 5.75643E+13 1.82057E+10 6.50756E+11 5.89114E+8 6.50756E+11 5.89114E+8 6.50756E+11 5.89114E+8 6.3347E+11 5.8261E+8
5287 5.75688E+13 1.82071E+10 6.49588E+11 5.88652E+8 6.49588E+11 5.88652E+8 6.49588E+11 5.88652E+8 6.32536E+11 5.82244E+8
5288 5.75738E+13 1.82087E+10 6.53386E+11 5.90207E+8 6.53386E+11 5.90207E+8 6.53386E+11 5.90207E+8 6.36178E+11 5.83757E+8
5289 5.75786E+13 1.82102E+10 6.45524E+11 5.86548E+8 6.45524E+11 5.86548E+8 6.45524E+11 5.86548E+8 6.28321E+11 5.80057E+8
5290 5.75828E+13 1.82115E+10 6.50598E+11 5.89103E+8 6.50598E+11 5.89103E+8 6.50598E+11 5.89103E+8 6.33381E+11 5.82635E+8
5291 5.75872E+13 1.82129E+10 6.5349E+11 5.90415E+8 6.5349E+11 5.90415E+8 6.5349E+11 5.90415E+8 6.36874E+11 5.84181E+8
5292 5.75924E+13 1.82146E+10 6.51719E+11 5.89737E+8 6.51719E+11 5.89737E+8 6.51719E+11 5.89737E+8 6.34288E+11 5.83189E+8
5293 5.7597E+13 1.8216E+10 6.52483E+11 5.8999E+8 6.52483E+11 5.8999E+8 6.52483E+11 5.8999E+8 6.35871E+11 5.83782E+8
5294 5.76019E+13 1.82176E+10 6.54343E+11 5.90941E+8 6.54343E+11 5.90941E+8 6.54343E+11 5.90941E+8 6.37432E+11 5.84637E+8
5295 5.76062E+13 1.82189E+10 6.55492E+11 5.91421E+8 6.55492E+11 5.91421E+8 6.55492E+11 5.91421E+8 6.38215E+11 5.84942E+8
5296 5.76112E+13 1.82205E+10 6.52778E+11 5.90206E+8 6.52778E+11 5.90206E+8 6.52778E+11 5.90206E+8 6.35107E+11 5.83535E+8
5297 5.76155E+13 1.82219E+10 6.5524E+11 5.91387E+8 6.5524E+11 5.91387E+8 6.5524E+11 5.91387E+8 6.37761E+11 5.84848E+8
5298 5.76206E+13 1.82235E+10 6.52173E+11 5.90006E+8 6.52173E+11 5.90006E+8 6.52173E+11 5.90006E+8 6.34702E+11 5.83468E+8
5299 5.7625E+13 1.82249E+10 6.55823E+11 5.91518E+8 6.55823E+11 5.91518E+8 6.55823E+11 5.91518E+8 6.38001E+11 5.84908E+8
5300 5.76296E+13 1.82263E+10 6.55577E+11 5.91491E+8 6.55577E+11 5.91491E+8 6.55577E+11 5.91491E+8 6.38043E+11 5.84915E+8
5301 5.76343E+13 1.82278E+10 6.5754E+11 5.92464E+8 6.5754E+11 5.92464E+8 6.5754E+11 5.92464E+8 6.3974E+11 5.8583E+8
5302 5.76391E+13 1.82293E+10 6.56926E+11 5.92383E+8 6.56926E+11 5.92383E+8 6.56926E+11 5.92383E+8 6.39431E+11 5.85869E+8
5303 5.76436E+13 1.82308E+10 6.58042E+11 5.92678E+8 6.58042E+11 5.92678E+8 6.58042E+11 5.92678E+8 6.4039E+11 5.86083E+8
5304 5.76483E+13 1.82323E+10 6.55741E+11 5.91692E+8 6.55741E+11 5.91692E+8 6.55741E+11 5.91692E+8 6.38048E+11 5.85071E+8
5305 5.76529E+13 1.82337E+10 6.56122E+11 5.91973E+8 6.56122E+11 5.91973E+8 6.56122E+11 5.91973E+8 6.38888E+11 5.85508E+8
5306 5.76576E+13 1.82352E+10 6.53744E+11 5.90833E+8 6.53744E+11 5.90833E+8 6.53744E+11 5.90833E+8 6.36395E+11 5.84341E+8
5307 5.7662E+13 1.82366E+10 6.56579E+11 5.9217E+8 6.56579E+11 5.9217E+8 6.56579E+11 5.9217E+8 6.38498E+11 5.85382E+8
5308 5.76668E+13 1.82381E+10 6.56679E+11 5.92314E+8 6.56679E+11 5.92314E+8 6.56679E+11 5.92314E+8 6.38298E+11 5.85405E+8
5309 5.76722E+13 1.82398E+10 6.5918E+11 5.93634E+8 6.5918E+11 5.93634E+8 6.5918E+11 5.93634E+8 6.4098E+11 5.86842E+8
5310 5.76755E+13 1.82409E+10 6.60769E+11 5.94234E+8 6.60769E+11 5.94234E+8 6.60769E+11 5.94234E+8 6.42191E+11 5.87245E+8
5311 5.76809E+13 1.82426E+10 6.57797E+11 5.92873E+8 6.57797E+11 5.92873E+8 6.57797E+11 5.92873E+8 6.39768E+11 5.86142E+8
5312 5.76858E+13 1.82441E+10 6.59754E+11 5.93771E+8 6.59754E+11 5.93771E+8 6.59754E+11 5.93771E+8 6.41596E+11 5.86989E+8
5313 5.76905E+13 1.82456E+10 6.65854E+11 5.96542E+8 6.65854E+11 5.96542E+8 6.65854E+11 5.96542E+8 6.47799E+11 5.89813E+8
5314 5.76953E+13 1.82471E+10 6.60817E+11 5.94375E+8 6.60817E+11 5.94375E+8 6.60817E+11 5.94375E+8 6.42263E+11 5.87395E+8
5315 5.76993E+13 1.82484E+10 6.61812E+11 5.94766E+8 6.61812E+11 5.94766E+8 6.61812E+11 5.94766E+8 6.43269E+11 5.8779E+8
5316 5.77043E+13 1.825E+10 6.61213E+11 5.94707E+8 6.61213E+11 5.94707E+8 6.61213E+11 5.94707E+8 6.42738E+11 5.87738E+8
5317 5.77085E+13 1.82513E+10 6.6011E+11 5.94142E+8 6.6011E+11 5.94142E+8 6.6011E+11 5.94142E+8 6.41402E+11 5.87144E+8
5318 5.77133E+13 1.82528E+10 6.62359E+11 5.95136E+8 6.62359E+11 5.95136E+8 6.62359E+11 5.95136E+8 6.43961E+11 5.88235E+8
5319 5.77179E+13 1.82543E+10 6.6272E+11 5.95225E+8 6.6272E+11 5.95225E+8 6.6272E+11 5.95225E+8 6.4416E+11 5.88334E+8
5320 5.77225E+13 1.82557E+10 6.57625E+11 5.93017E+8 6.57625E+11 5.93017E+8 6.57625E+11 5.93017E+8 6.39392E+11 5.86164E+8
5321 5.77269E+13 1.82571E+10 6.58343E+11 5.93333E+8 6.58343E+11 5.93333E+8 6.58343E+11 5.93333E+8 6.39193E+11 5.86135E+8
5322 5.77324E+13 1.82588E+10 6.64712E+11 5.96249E+8 6.64712E+11 5.96249E+8 6.64712E+11 5.96249E+8 6.4605E+11 5.893E+8
5323 5.7737E+13 1.82603E+10 6.63117E+11 5.95568E+8 6.63117E+11 5.95568E+8 6.63117E+11 5.95568E+8 6.44418E+11 5.88607E+8
5324 5.77413E+13 1.82617E+10 6.64029E+11 5.96111E+8 6.64029E+11 5.96111E+8 6.64029E+11 5.96111E+8 6.44955E+11 5.88978E+8
5325 5.7746E+13 1.82631E+10 6.63055E+11 5.95648E+8 6.63055E+11 5.95648E+8 6.63055E+11 5.95648E+8 6.44153E+11 5.88594E+8
5326 5.77507E+13 1.82646E+10 6.62169E+11 5.95306E+8 6.62169E+11 5.95306E+8 6.62169E+11 5.95306E+8 6.42881E+11 5.88093E+8
5327 5.77552E+13 1.8266E+10 6.63702E+11 5.95704E+8 6.63702E+11 5.95704E+8 6.63702E+11 5.95704E+8 6.44733E+11 5.8861E+8
5328 5.77598E+13 1.82675E+10 6.63276E+11 5.95731E+8 6.63276E+11 5.95731E+8 6.63276E+11 5.95731E+8 6.44299E+11 5.88608E+8
5329 5.77646E+13 1.8269E+10 6.65106E+11 5.96613E+8 6.65106E+11 5.96613E+8 6.65106E+11 5.96613E+8 6.45855E+11 5.89421E+8
5330 5.77691E+13 1.82704E+10 6.60561E+11 5.94775E+8 6.60561E+11 5.94775E+8 6.60561E+11 5.94775E+8 6.41752E+11 5.87731E+8
5331 5.7774E+13 1.8272E+10 6.6328E+11 5.95701E+8 6.6328E+11 5.95701E+8 6.6328E+11 5.95701E+8 6.44142E+11 5.88539E+8
5332 5.77784E+13 1.82734E+10 6.63209E+11 5.95754E+8 6.63209E+11 5.95754E+8 6.63209E+11 5.95754E+8 6.44066E+11 5.88597E+8
5333 5.7783E+13 1.82748E+10 6.65344E+11 5.9672E+8 6.65344E+11 5.9672E+8 6.65344E+11 5.9672E+8 6.45997E+11 5.89505E+8
5334 5.77874E+13 1.82762E+10 6.66639E+11 5.9748E+8 6.66639E+11 5.9748E+8 6.66639E+11 5.9748E+8 6.47316E+11 5.90279E+8
5335 5.77926E+13 1.82779E+10 6.68686E+11 5.98317E+8 6.68686E+11 5.98317E+8 6.68686E+11 5.98317E+8 6.49292E+11 5.91075E+8
5336 5.77966E+13 1.82792E+10 6.67128E+11 5.97834E+8 6.67128E+11 5.97834E+8 6.67128E+11 5.97834E+8 6.47491E+11 5.90458E+8
5337 5.7801E+13 1.82806E+10 6.66164E+11 5.97279E+8 6.66164E+11 5.97279E+8 6.66164E+11 5.97279E+8 6.46466E+11 5.89893E+8
5338 5.78064E+13 1.82822E+10 6.66834E+11 5.9764E+8 6.66834E+11 5.9764E+8 6.66834E+11 5.9764E+8 6.46993E+11 5.90219E+8
5339 5.78103E+13 1.82835E+10 6.6799E+11 5.98101E+8 6.6799E+11 5.98101E+8 6.6799E+11 5.98101E+8 6.48112E+11 5.90672E+8
5340 5.78151E+13 1.8285E+10 6.65343E+11 5.96875E+8 6.65343E+11 5.96875E+8 6.65343E+11 5.96875E+8 6.45124E+11 5.89296E+8
5341 5.78197E+13 1.82864E+10 6.68641E+11 5.9841E+8 6.68641E+11 5.9841E+8 6.68641E+11 5.9841E+8 6.48297E+11 5.90755E+8
5342 5.78245E+13 1.8288E+10 6.68567E+11 5.98595E+8 6.68567E+11 5.98595E+8 6.68567E+11 5.98595E+8 6.48269E+11 5.91015E+8
5343 5.78286E+13 1.82893E+10 6.68562E+11 5.98423E+8 6.68562E+11 5.98423E+8 6.68562E+11 5.98423E+8 6.49214E+11 5.91285E+8
5344 5.78338E+13 1.82909E+10 6.69788E+11 5.98909E+8 6.69788E+11 5.98909E+8 6.69788E+11 5.98909E+8 6.49978E+11 5.91552E+8
5345 5.78382E+13 1.82923E+10 6.71437E+11 6.00018E+8 6.71437E+11 6.00018E+8 6.71437E+11 6.00018E+8 6.51723E+11 5.92656E+8
5346 5.78435E+13 1.8294E+10 6.70538E+11 5.99292E+8 6.70538E+11 5.99292E+8 6.70538E+11 5.99292E+8 6.50418E+11 5.91793E+8
5347 5.78476E+13 1.82953E+10 6.73397E+11 6.0074E+8 6.73397E+11 6.0074E+8 6.73397E+11 6.0074E+8 6.52961E+11 5.9312E+8
5348 5.78524E+13 1.82968E+10 6.70811E+11 5.99532E+8 6.70811E+11 5.99532E+8 6.70811E+11 5.99532E+8 6.5012E+11 5.91809E+8
5349 5.7856E+13 1.82979E+10 6.7243E+11 6.00378E+8 6.7243E+11 6.00378E+8 6.7243E+11 6.00378E+8 6.5239E+11 5.92932E+8
5350 5.78617E+13 1.82998E+10 6.72969E+11 6.00554E+8 6.72969E+11 6.00554E+8 6.72969E+11 6.00554E+8 6.52383E+11 5.92888E+8
5351 5.78655E+13 1.83009E+10 6.7205E+11 6.00261E+8 6.7205E+11 6.00261E+8 6.7205E+11 6.00261E+8 6.5173E+11 5.9265E+8
5352 5.78709E+13 1.83027E+10 6.75192E+11 6.01747E+8 6.75192E+11 6.01747E+8 6.75192E+11 6.01747E+8 6.54415E+11 5.93991E+8
5353 5.78753E+13 1.8304E+10 6.73265E+11 6.01116E+8 6.73265E+11 6.01116E+8 6.73265E+11 6.01116E+8 6.5275E+11 5.9349E+8
5354 5.78796E+13 1.83054E+10 6.73319E+11 6.00907E+8 6.73319E+11 6.00907E+8 6.73319E+11 6.00907E+8 6.52457E+11 5.93117E+8
5355 5.78842E+13 1.83069E+10 6.70603E+11 5.99658E+8 6.70603E+11 5.99658E+8 6.70603E+11 5.99658E+8 6.50352E+11 5.92121E+8
5356 5.7889E+13 1.83084E+10 6.74182E+11 6.01369E+8 6.74182E+11 6.01369E+8 6.74182E+11 6.01369E+8 6.5359E+11 5.93714E+8
5357 5.78931E+13 1.83097E+10 6.75282E+11 6.01776E+8 6.75282E+11 6.01776E+8 6.75282E+11 6.01776E+8 6.54036E+11 5.93872E+8
5358 5.78982E+13 1.83113E+10 6.73902E+11 6.01213E+8 6.73902E+11 6.01213E+8 6.73902E+11 6.01213E+8 6.53101E+11 5.93479E+8
5359 5.79029E+13 1.83128E+10 6.72543E+11 6.00572E+8 6.72543E+11 6.00572E+8 6.72543E+11 6.00572E+8 6.51695E+11 5.92817E+8
5360 5.7907E+13 1.83141E+10 6.75948E+11 6.02128E+8 6.75948E+11 6.02128E+8 6.75948E+11 6.02128E+8 6.54759E+11 5.94212E+8
5361 5.79117E+13 1.83156E+10 6.76076E+11 6.02366E+8 6.76076E+11 6.02366E+8 6.76076E+11 6.02366E+8 6.55099E+11 5.94511E+8
5362 5.79166E+13 1.83171E+10 6.75801E+11 6.02127E+8 6.75801E+11 6.02127E+8 6.75801E+11 6.02127E+8 6.54825E+11 5.94325E+8
5363 5.79206E+13 1.83184E+10 6.7478E+11 6.01948E+8 6.7478E+11 6.01948E+8 6.7478E+11 6.01948E+8 6.53679E+11 5.94052E+8
5364 5.79256E+13 1.83199E+10 6.79033E+11 6.03751E+8 6.79033E+11 6.03751E+8 6.79033E+11 6.03751E+8 6.57817E+11 5.95852E+8
5365 5.79302E+13 1.83214E+10 6.75447E+11 6.02047E+8 6.75447E+11 6.02047E+8 6.75447E+11 6.02047E+8 6.54152E+11 5.9411E+8
5366 5.79351E+13 1.83229E+10 6.74586E+11 6.01782E+8 6.74586E+11 6.01782E+8 6.74586E+11 6.01782E+8 6.53438E+11 5.93866E+8
5367 5.79399E+13 1.83245E+10 6.72174E+11 6.00685E+8 6.72174E+11 6.00685E+8 6.72174E+11 6.00685E+8 6.51292E+11 5.92955E+8
5368 5.79438E+13 1.83257E+10 6.75346E+11 6.02051E+8 6.75346E+11 6.02051E+8 6.75346E+11 6.02051E+8 6.53254E+11 5.93812E+8
5369 5.79481E+13 1.83271E+10 6.78385E+11 6.03562E+8 6.78385E+11 6.03562E+8 6.78385E+11 6.03562E+8 6.56667E+11 5.95435E+8
5370 5.79533E+13 1.83287E+10 6.79324E+11 6.03916E+8 6.79324E+11 6.03916E+8 6.79324E+11 6.03916E+8 6.57569E+11 5.95857E+8
5371 5.79578E+13 1.83301E+10 6.76888E+11 6.02726E+8 6.76888E+11 6.02726E+8 6.76888E+11 6.02726E+8 6.55118E+11 5.94544E+8
5372 5.79621E+13 1.83315E+10 6.77762E+11 6.0347E+8 6.77762E+11 6.0347E+8 6.77762E+11 6.0347E+8 6.55924E+11 5.9532E+8
5373 5.79665E+13 1.83329E+10 6.80948E+11 6.04761E+8 6.80948E+11 6.04761E+8 6.80948E+11 6.04761E+8 6.59071E+11 5.9661E+8
5374 5.79715E+13 1.83345E+10 6.76557E+11 6.02779E+8 6.76557E+11 6.02779E+8 6.76557E+11 6.02779E+8 6.55056E+11 5.94769E+8
5375 5.79755E+13 1.83357E+10 6.76124E+11 6.02661E+8 6.76124E+11 6.02661E+8 6.76124E+11 6.02661E+8 6.5442E+11 5.94578E+8
5376 5.79803E+13 1.83373E+10 6.80944E+11 6.0477E+8 6.80944E+11 6.0477E+8 6.80944E+11 6.0477E+8 6.59001E+11 5.96588E+8
5377 5.79848E+13 1.83387E+10 6.81387E+11 6.05068E+8 6.81387E+11 6.05068E+8 6.81387E+11 6.05068E+8 6.59306E+11 5.96862E+8
5378 5.79901E+13 1.83403E+10 6.76832E+11 6.03007E+8 6.76832E+11 6.03007E+8 6.76832E+11 6.03007E+8 6.55027E+11 5.94884E+8
5379 5.79939E+13 1.83416E+10 6.80322E+11 6.04734E+8 6.80322E+11 6.04734E+8 6.80322E+11 6.04734E+8 6.58236E+11 5.96498E+8
5380 5.79989E+13 1.83431E+10 6.79276E+11 6.04311E+8 6.79276E+11 6.04311E+8 6.79276E+11 6.04311E+8 6.57389E+11 5.96192E+8
5381 5.80033E+13 1.83445E+10 6.82609E+11 6.05917E+8 6.82609E+11 6.05917E+8 6.82609E+11 6.05917E+8 6.60394E+11 5.97638E+8
5382 5.80076E+13 1.83459E+10 6.8401E+11 6.06201E+8 6.8401E+11 6.06201E+8 6.8401E+11 6.06201E+8 6.61081E+11 5.97646E+8
5383 5.80125E+13 1.83474E+10 6.82374E+11 6.05618E+8 6.82374E+11 6.05618E+8 6.82374E+11 6.05618E+8 6.60193E+11 5.97388E+8
5384 5.80165E+13 1.83487E+10 6.82598E+11 6.05744E+8 6.82598E+11 6.05744E+8 6.82598E+11 6.05744E+8 6.60355E+11 5.97438E+8
5385 5.8021E+13 1.83501E+10 6.83934E+11 6.06384E+8 6.83934E+11 6.06384E+8 6.83934E+11 6.06384E+8 6.61573E+11 5.98058E+8
5386 5.80262E+13 1.83518E+10 6.83926E+11 6.0629E+8 6.83926E+11 6.0629E+8 6.83926E+11 6.0629E+8 6.61019E+11 5.97739E+8
5387 5.80301E+13 1.8353E+10 6.81951E+11 6.05517E+8 6.81951E+11 6.05517E+8 6.81951E+11 6.05517E+8 6.58865E+11 5.96881E+8
5388 5.80354E+13 1.83547E+10 6.84727E+11 6.06476E+8 6.84727E+11 6.06476E+8 6.84727E+11 6.06476E+8 6.6138E+11 5.97779E+8
5389 5.80394E+13 1.83559E+10 6.86511E+11 6.07623E+8 6.86511E+11 6.07623E+8 6.86511E+11 6.07623E+8 6.63067E+11 5.98905E+8
5390 5.80439E+13 1.83574E+10 6.86676E+11 6.07835E+8 6.86676E+11 6.07835E+8 6.86676E+11 6.07835E+8 6.63954E+11 5.99395E+8
5391 5.80485E+13 1.83588E+10 6.81703E+11 6.05482E+8 6.81703E+11 6.05482E+8 6.81703E+11 6.05482E+8 6.59189E+11 5.97142E+8
5392 5.80535E+13 1.83604E+10 6.86026E+11 6.07501E+8 6.86026E+11 6.07501E+8 6.86026E+11 6.07501E+8 6.6278E+11 5.98823E+8
5393 5.80579E+13 1.83618E+10 6.84553E+11 6.06821E+8 6.84553E+11 6.06821E+8 6.84553E+11 6.06821E+8 6.61401E+11 5.98197E+8
5394 5.80627E+13 1.83633E+10 6.89538E+11 6.09166E+8 6.89538E+11 6.09166E+8 6.89538E+11 6.09166E+8 6.66014E+11 6.00405E+8
5395 5.80674E+13 1.83648E+10 6.85324E+11 6.07095E+8 6.85324E+11 6.07095E+8 6.85324E+11 6.07095E+8 6.62351E+11 5.98575E+8
5396 5.80709E+13 1.83659E+10 6.86811E+11 6.07978E+8 6.86811E+11 6.07978E+8 6.86811E+11 6.07978E+8 6.63937E+11 5.99436E+8
5397 5.80764E+13 1.83676E+10 6.90867E+11 6.09728E+8 6.90867E+11 6.09728E+8 6.90867E+11 6.09728E+8 6.6723E+11 6.00946E+8
5398 5.80806E+13 1.8369E+10 6.8421E+11 6.06916E+8 6.8421E+11 6.06916E+8 6.8421E+11 6.06916E+8 6.60066E+11 5.97799E+8
5399 5.80852E+13 1.83704E+10 6.89351E+11 6.09095E+8 6.89351E+11 6.09095E+8 6.89351E+11 6.09095E+8 6.66017E+11 6.00422E+8
5400 5.80896E+13 1.83718E+10 6.86066E+11 6.07563E+8 6.86066E+11 6.07563E+8 6.86066E+11 6.07563E+8 6.62317E+11 5.98698E+8
5401 5.80942E+13 1.83733E+10 6.90521E+11 6.09703E+8 6.90521E+11 6.09703E+8 6.90521E+11 6.09703E+8 6.66347E+11 6.00676E+8
5402 5.80989E+13 1.83748E+10 6.92142E+11 6.10513E+8 6.92142E+11 6.10513E+8 6.92142E+11 6.10513E+8 6.68349E+11 6.01633E+8
5403 5.81031E+13 1.83761E+10 6.91085E+11 6.10247E+8 6.91085E+11 6.10247E+8 6.91085E+11 6.10247E+8 6.67591E+11 6.01555E+8
5404 5.81078E+13 1.83776E+10 6.91359E+11 6.10244E+8 6.91359E+11 6.10244E+8 6.91359E+11 6.10244E+8 6.67589E+11 6.01415E+8
5405 5.81124E+13 1.8379E+10 6.89363E+11 6.09127E+8 6.89363E+11 6.09127E+8 6.89363E+11 6.09127E+8 6.65571E+11 6.00287E+8
5406 5.81169E+13 1.83805E+10 6.89979E+11 6.09682E+8 6.89979E+11 6.09682E+8 6.89979E+11 6.09682E+8 6.6594E+11 6.007E+8
5407 5.81209E+13 1.83817E+10 6.90532E+11 6.09867E+8 6.90532E+11 6.09867E+8 6.90532E+11 6.09867E+8 6.66353E+11 6.00887E+8
5408 5.8126E+13 1.83833E+10 6.86391E+11 6.08027E+8 6.86391E+11 6.08027E+8 6.86391E+11 6.08027E+8 6.62408E+11 5.99073E+8
5409 5.81305E+13 1.83848E+10 6.92243E+11 6.10468E+8 6.92243E+11 6.10468E+8 6.92243E+11 6.10468E+8 6.67721E+11 6.01345E+8
5410 5.8135E+13 1.83862E+10 6.92134E+11 6.10463E+8 6.92134E+11 6.10463E+8 6.92134E+11 6.10463E+8 6.68094E+11 6.0155E+8
5411 5.81395E+13 1.83876E+10 6.90137E+11 6.0978E+8 6.90137E+11 6.0978E+8 6.90137E+11 6.0978E+8 6.66206E+11 6.00859E+8
5412 5.81438E+13 1.83889E+10 6.90313E+11 6.09931E+8 6.90313E+11 6.09931E+8 6.90313E+11 6.09931E+8 6.66425E+11 6.01027E+8
5413 5.81485E+13 1.83905E+10 6.92582E+11 6.10941E+8 6.92582E+11 6.10941E+8 6.92582E+11 6.10941E+8 6.68075E+11 6.0189E+8
5414 5.81529E+13 1.83918E+10 6.94215E+11 6.1157E+8 6.94215E+11 6.1157E+8 6.94215E+11 6.1157E+8 6.69685E+11 6.0251E+8
5415 5.81574E+13 1.83932E+10 6.95746E+11 6.12448E+8 6.95746E+11 6.12448E+8 6.95746E+11 6.12448E+8 6.70968E+11 6.03265E+8
5416 5.81623E+13 1.83948E+10 6.92467E+11 6.10797E+8 6.92467E+11 6.10797E+8 6.92467E+11 6.10797E+8 6.67899E+11 6.01644E+8
5417 5.81666E+13 1.83962E+10 6.95299E+11 6.12147E+8 6.95299E+11 6.12147E+8 6.95299E+11 6.12147E+8 6.70533E+11 6.0301E+8
5418 5.81712E+13 1.83976E+10 6.96185E+11 6.1279E+8 6.96185E+11 6.1279E+8 6.96185E+11 6.1279E+8 6.71752E+11 6.03741E+8
5419 5.81755E+13 1.8399E+10 6.94302E+11 6.11697E+8 6.94302E+11 6.11697E+8 6.94302E+11 6.11697E+8 6.69444E+11 6.02435E+8
5420 5.81797E+13 1.84003E+10 6.93388E+11 6.11512E+8 6.93388E+11 6.11512E+8 6.93388E+11 6.11512E+8 6.68443E+11 6.02221E+8
5421 5.81844E+13 1.84018E+10 6.94171E+11 6.11813E+8 6.94171E+11 6.11813E+8 6.94171E+11 6.11813E+8 6.69067E+11 6.02474E+8
5422 5.81891E+13 1.84033E+10 6.94247E+11 6.11749E+8 6.94247E+11 6.11749E+8 6.94247E+11 6.11749E+8 6.68508E+11 6.02167E+8
5423 5.81933E+13 1.84046E+10 6.96892E+11 6.13021E+8 6.96892E+11 6.13021E+8 6.96892E+11 6.13021E+8 6.71382E+11 6.03519E+8
5424 5.81984E+13 1.84062E+10 6.96598E+11 6.12909E+8 6.96598E+11 6.12909E+8 6.96598E+11 6.12909E+8 6.70968E+11 6.0336E+8
5425 5.82031E+13 1.84077E+10 6.99711E+11 6.1431E+8 6.99711E+11 6.1431E+8 6.99711E+11 6.1431E+8 6.74601E+11 6.05042E+8
5426 5.82074E+13 1.84091E+10 6.96709E+11 6.13185E+8 6.96709E+11 6.13185E+8 6.96709E+11 6.13185E+8 6.71712E+11 6.03912E+8
5427 5.82114E+13 1.84103E+10 6.97882E+11 6.13479E+8 6.97882E+11 6.13479E+8 6.97882E+11 6.13479E+8 6.72805E+11 6.04214E+8
5428 5.82163E+13 1.84119E+10 6.97274E+11 6.13357E+8 6.97274E+11 6.13357E+8 6.97274E+11 6.13357E+8 6.71565E+11 6.03728E+8
5429 5.82205E+13 1.84132E+10 6.98473E+11 6.1376E+8 6.98473E+11 6.1376E+8 6.98473E+11 6.1376E+8 6.72618E+11 6.04132E+8
5430 5.82245E+13 1.84145E+10 6.98703E+11 6.13908E+8 6.98703E+11 6.13908E+8 6.98703E+11 6.13908E+8 6.73097E+11 6.04417E+8
5431 5.82296E+13 1.84161E+10 6.99391E+11 6.14202E+8 6.99391E+11 6.14202E+8 6.99391E+11 6.14202E+8 6.74113E+11 6.04864E+8
5432 5.82339E+13 1.84175E+10 6.99841E+11 6.14348E+8 6.99841E+11 6.14348E+8 6.99841E+11 6.14348E+8 6.74268E+11 6.04852E+8
5433 5.82383E+13 1.84188E+10 6.9895E+11 6.14103E+8 6.9895E+11 6.14103E+8 6.9895E+11 6.14103E+8 6.72827E+11 6.04417E+8
5434 5.82424E+13 1.84201E+10 7.0034E+11 6.14815E+8 7.0034E+11 6.14815E+8 7.0034E+11 6.14815E+8 6.74319E+11 6.05193E+8
5435 5.82481E+13 1.8422E+10 7.00737E+11 6.15142E+8 7.00737E+11 6.15142E+8 7.00737E+11 6.15142E+8 6.74558E+11 6.05381E+8
5436 5.82521E+13 1.84232E+10 6.99678E+11 6.14371E+8 6.99678E+11 6.14371E+8 6.99678E+11 6.14371E+8 6.73794E+11 6.04788E+8
5437 5.82566E+13 1.84246E+10 7.00224E+11 6.14735E+8 7.00224E+11 6.14735E+8 7.00224E+11 6.14735E+8 6.74076E+11 6.05043E+8
5438 5.82611E+13 1.8426E+10 7.0077E+11 6.15138E+8 7.0077E+11 6.15138E+8 7.0077E+11 6.15138E+8 6.75043E+11 6.05608E+8
5439 5.82653E+13 1.84274E+10 6.99329E+11 6.14431E+8 6.99329E+11 6.14431E+8 6.99329E+11 6.14431E+8 6.73213E+11 6.04698E+8
5440 5.82703E+13 1.8429E+10 7.02897E+11 6.16074E+8 7.02897E+11 6.16074E+8 7.02897E+11 6.16074E+8 6.76609E+11 6.06346E+8
5441 5.82746E+13 1.84303E+10 7.02391E+11 6.16223E+8 7.02391E+11 6.16223E+8 7.02391E+11 6.16223E+8 6.76467E+11 6.06573E+8
5442 5.82795E+13 1.84319E+10 7.03089E+11 6.16338E+8 7.03089E+11 6.16338E+8 7.03089E+11 6.16338E+8 6.76265E+11 6.06368E+8
5443 5.82834E+13 1.84331E+10 7.00571E+11 6.15036E+8 7.00571E+11 6.15036E+8 7.00571E+11 6.15036E+8 6.74183E+11 6.05298E+8
5444 5.82876E+13 1.84344E+10 7.02266E+11 6.15914E+8 7.02266E+11 6.15914E+8 7.02266E+11 6.15914E+8 6.7481E+11 6.05722E+8
5445 5.82924E+13 1.84359E+10 7.02073E+11 6.15831E+8 7.02073E+11 6.15831E+8 7.02073E+11 6.15831E+8 6.75878E+11 6.06152E+8
5446 5.82972E+13 1.84375E+10 7.06991E+11 6.17957E+8 7.06991E+11 6.17957E+8 7.06991E+11 6.17957E+8 6.7951E+11 6.07807E+8
5447 5.83018E+13 1.84389E+10 7.03511E+11 6.16423E+8 7.03511E+11 6.16423E+8 7.03511E+11 6.16423E+8 6.76167E+11 6.06226E+8
5448 5.83062E+13 1.84403E+10 7.06047E+11 6.17754E+8 7.06047E+11 6.17754E+8 7.06047E+11 6.17754E+8 6.79025E+11 6.07776E+8
5449 5.83104E+13 1.84416E+10 7.0495E+11 6.17132E+8 7.0495E+11 6.17132E+8 7.0495E+11 6.17132E+8 6.77719E+11 6.07092E+8
5450 5.83157E+13 1.84433E+10 7.04782E+11 6.17221E+8 7.04782E+11 6.17221E+8 7.04782E+11 6.17221E+8 6.77919E+11 6.07232E+8
5451 5.83196E+13 1.84445E+10 7.07778E+11 6.18451E+8 7.07778E+11 6.18451E+8 7.07778E+11 6.18451E+8 6.80498E+11 6.08373E+8
5452 5.8324E+13 1.8446E+10 7.05702E+11 6.17522E+8 7.05702E+11 6.17522E+8 7.05702E+11 6.17522E+8 6.78745E+11 6.07526E+8
5453 5.83284E+13 1.84473E+10 7.07162E+11 6.18289E+8 7.07162E+11 6.18289E+8 7.07162E+11 6.18289E+8 6.80059E+11 6.08264E+8
5454 5.83329E+13 1.84488E+10 7.06751E+11 6.18105E+8 7.06751E+11 6.18105E+8 7.06751E+11 6.18105E+8 6.79238E+11 6.07927E+8
5455 5.83379E+13 1.84503E+10 7.05984E+11 6.17758E+8 7.05984E+11 6.17758E+8 7.05984E+11 6.17758E+8 6.77812E+11 6.07273E+8
5456 5.83415E+13 1.84515E+10 7.06885E+11 6.18314E+8 7.06885E+11 6.18314E+8 7.06885E+11 6.18314E+8 6.79442E+11 6.08158E+8
5457 5.83463E+13 1.8453E+10 7.1057E+11 6.19803E+8 7.1057E+11 6.19803E+8 7.1057E+11 6.19803E+8 6.82802E+11 6.09497E+8
5458 5.83509E+13 1.84545E+10 7.06772E+11 6.18203E+8 7.06772E+11 6.18203E+8 7.06772E+11 6.18203E+8 6.79612E+11 6.08126E+8
5459 5.83552E+13 1.84558E+10 7.09052E+11 6.19221E+8 7.09052E+11 6.19221E+8 7.09052E+11 6.19221E+8 6.8145E+11 6.09048E+8
5460 5.83598E+13 1.84573E+10 7.10018E+11 6.19832E+8 7.10018E+11 6.19832E+8 7.10018E+11 6.19832E+8 6.8218E+11 6.0954E+8
5461 5.83645E+13 1.84588E+10 7.08595E+11 6.1904E+8 7.08595E+11 6.1904E+8 7.08595E+11 6.1904E+8 6.81031E+11 6.08843E+8
5462 5.83686E+13 1.84601E+10 7.11534E+11 6.20251E+8 7.11534E+11 6.20251E+8 7.11534E+11 6.20251E+8 6.83096E+11 6.09652E+8
5463 5.83735E+13 1.84616E+10 7.10633E+11 6.19883E+8 7.10633E+11 6.19883E+8 7.10633E+11 6.19883E+8 6.83351E+11 6.09828E+8
5464 5.83776E+13 1.84629E+10 7.11817E+11 6.20643E+8 7.11817E+11 6.20643E+8 7.11817E+11 6.20643E+8 6.83342E+11 6.10097E+8
5465 5.83819E+13 1.84643E+10 7.13193E+11 6.21085E+8 7.13193E+11 6.21085E+8 7.13193E+11 6.21085E+8 6.84473E+11 6.10435E+8
5466 5.83865E+13 1.84657E+10 7.12374E+11 6.20885E+8 7.12374E+11 6.20885E+8 7.12374E+11 6.20885E+8 6.83415E+11 6.10158E+8
5467 5.83913E+13 1.84672E+10 7.06804E+11 6.18423E+8 7.06804E+11 6.18423E+8 7.06804E+11 6.18423E+8 6.78687E+11 6.07976E+8
5468 5.83953E+13 1.84685E+10 7.12967E+11 6.20998E+8 7.12967E+11 6.20998E+8 7.12967E+11 6.20998E+8 6.84629E+11 6.1055E+8
5469 5.84001E+13 1.847E+10 7.10569E+11 6.20091E+8 7.10569E+11 6.20091E+8 7.10569E+11 6.20091E+8 6.81594E+11 6.09336E+8
5470 5.84036E+13 1.84711E+10 7.13669E+11 6.21533E+8 7.13669E+11 6.21533E+8 7.13669E+11 6.21533E+8 6.85306E+11 6.10975E+8
5471 5.84086E+13 1.84727E+10 7.12204E+11 6.2105E+8 7.12204E+11 6.2105E+8 7.12204E+11 6.2105E+8 6.8298E+11 6.10162E+8
5472 5.8413E+13 1.84741E+10 7.10778E+11 6.20145E+8 7.10778E+11 6.20145E+8 7.10778E+11 6.20145E+8 6.81599E+11 6.09326E+8
5473 5.84175E+13 1.84755E+10 7.09358E+11 6.19769E+8 7.09358E+11 6.19769E+8 7.09358E+11 6.19769E+8 6.80581E+11 6.0907E+8
5474 5.8422E+13 1.84769E+10 7.14619E+11 6.22249E+8 7.14619E+11 6.22249E+8 7.14619E+11 6.22249E+8 6.86073E+11 6.11663E+8
5475 5.84268E+13 1.84785E+10 7.15493E+11 6.22276E+8 7.15493E+11 6.22276E+8 7.15493E+11 6.22276E+8 6.86284E+11 6.11453E+8
5476 5.84311E+13 1.84798E+10 7.16604E+11 6.22883E+8 7.16604E+11 6.22883E+8 7.16604E+11 6.22883E+8 6.8759E+11 6.12186E+8
5477 5.84357E+13 1.84813E+10 7.14939E+11 6.22197E+8 7.14939E+11 6.22197E+8 7.14939E+11 6.22197E+8 6.85685E+11 6.11393E+8
5478 5.84401E+13 1.84827E+10 7.13285E+11 6.21519E+8 7.13285E+11 6.21519E+8 7.13285E+11 6.21519E+8 6.84211E+11 6.10788E+8
5479 5.84439E+13 1.84839E+10 7.15035E+11 6.22231E+8 7.15035E+11 6.22231E+8 7.15035E+11 6.22231E+8 6.85775E+11 6.11417E+8
5480 5.84492E+13 1.84855E+10 7.1506E+11 6.22499E+8 7.1506E+11 6.22499E+8 7.1506E+11 6.22499E+8 6.85768E+11 6.11691E+8
5481 5.84534E+13 1.84869E+10 7.17202E+11 6.2345E+8 7.17202E+11 6.2345E+8 7.17202E+11 6.2345E+8 6.87743E+11 6.12549E+8
5482 5.84576E+13 1.84882E+10 7.13484E+11 6.21585E+8 7.13484E+11 6.21585E+8 7.13484E+11 6.21585E+8 6.84108E+11 6.10703E+8
5483 5.84621E+13 1.84896E+10 7.17954E+11 6.2376E+8 7.17954E+11 6.2376E+8 7.17954E+11 6.2376E+8 6.88259E+11 6.12716E+8
5484 5.84668E+13 1.84911E+10 7.12698E+11 6.21386E+8 7.12698E+11 6.21386E+8 7.12698E+11 6.21386E+8 6.82594E+11 6.10215E+8
5485 5.8471E+13 1.84924E+10 7.16613E+11 6.23041E+8 7.16613E+11 6.23041E+8 7.16613E+11 6.23041E+8 6.86313E+11 6.11818E+8
5486 5.84753E+13 1.84938E+10 7.14745E+11 6.22305E+8 7.14745E+11 6.22305E+8 7.14745E+11 6.22305E+8 6.84471E+11 6.11057E+8
5487 5.848E+13 1.84953E+10 7.17752E+11 6.23668E+8 7.17752E+11 6.23668E+8 7.17752E+11 6.23668E+8 6.87997E+11 6.12672E+8
5488 5.84842E+13 1.84966E+10 7.22175E+11 6.25602E+8 7.22175E+11 6.25602E+8 7.22175E+11 6.25602E+8 6.91496E+11 6.14318E+8
5489 5.84884E+13 1.84979E+10 7.19592E+11 6.24639E+8 7.19592E+11 6.24639E+8 7.19592E+11 6.24639E+8 6.89156E+11 6.13403E+8
5490 5.84933E+13 1.84995E+10 7.21967E+11 6.2566E+8 7.21967E+11 6.2566E+8 7.21967E+11 6.2566E+8 6.91894E+11 6.14579E+8
5491 5.84976E+13 1.85009E+10 7.17934E+11 6.24116E+8 7.17934E+11 6.24116E+8 7.17934E+11 6.24116E+8 6.87478E+11 6.12782E+8
5492 5.85016E+13 1.85021E+10 7.23246E+11 6.26254E+8 7.23246E+11 6.26254E+8 7.23246E+11 6.26254E+8 6.92663E+11 6.14977E+8
5493 5.85063E+13 1.85036E+10 7.1906E+11 6.24382E+8 7.1906E+11 6.24382E+8 7.1906E+11 6.24382E+8 6.88205E+11 6.12944E+8
5494 5.85107E+13 1.8505E+10 7.18869E+11 6.2432E+8 7.18869E+11 6.2432E+8 7.18869E+11 6.2432E+8 6.88453E+11 6.13039E+8
5495 5.85152E+13 1.85064E+10 7.20841E+11 6.25318E+8 7.20841E+11 6.25318E+8 7.20841E+11 6.25318E+8 6.90949E+11 6.14296E+8
5496 5.85198E+13 1.85079E+10 7.18159E+11 6.24144E+8 7.18159E+11 6.24144E+8 7.18159E+11 6.24144E+8 6.87591E+11 6.128E+8
5497 5.85244E+13 1.85093E+10 7.20821E+11 6.25382E+8 7.20821E+11 6.25382E+8 7.20821E+11 6.25382E+8 6.90521E+11 6.142E+8
5498 5.85286E+13 1.85107E+10 7.23594E+11 6.26492E+8 7.23594E+11 6.26492E+8 7.23594E+11 6.26492E+8 6.93368E+11 6.15352E+8
5499 5.85335E+13 1.85122E+10 7.24385E+11 6.26911E+8 7.24385E+11 6.26911E+8 7.24385E+11 6.26911E+8 6.9335E+11 6.1546E+8
5500 5.85374E+13 1.85134E+10 7.21712E+11 6.25746E+8 7.21712E+11 6.25746E+8 7.21712E+11 6.25746E+8 6.90625E+11 6.14308E+8
5501 5.85417E+13 1.85148E+10 7.21289E+11 6.25518E+8 7.21289E+11 6.25518E+8 7.21289E+11 6.25518E+8 6.90387E+11 6.14113E+8
5502 5.85465E+13 1.85163E+10 7.19728E+11 6.24917E+8 7.19728E+11 6.24917E+8 7.19728E+11 6.24917E+8 6.87986E+11 6.13133E+8
5503 5.85507E+13 1.85176E+10 7.21875E+11 6.25747E+8 7.21875E+11 6.25747E+8 7.21875E+11 6.25747E+8 6.90215E+11 6.14042E+8
5504 5.85552E+13 1.85191E+10 7.28682E+11 6.2897E+8 7.28682E+11 6.2897E+8 7.28682E+11 6.2897E+8 6.96912E+11 6.17247E+8
5505 5.85596E+13 1.85205E+10 7.22632E+11 6.26298E+8 7.22632E+11 6.26298E+8 7.22632E+11 6.26298E+8 6.91344E+11 6.14758E+8
5506 5.85638E+13 1.85218E+10 7.26212E+11 6.27794E+8 7.26212E+11 6.27794E+8 7.26212E+11 6.27794E+8 6.95324E+11 6.16409E+8
5507 5.85681E+13 1.85231E+10 7.235E+11 6.26717E+8 7.235E+11 6.26717E+8 7.235E+11 6.26717E+8 6.92394E+11 6.15267E+8
5508 5.85721E+13 1.85244E+10 7.23859E+11 6.26866E+8 7.23859E+11 6.26866E+8 7.23859E+11 6.26866E+8 6.92133E+11 6.15158E+8
5509 5.8577E+13 1.8526E+10 7.23584E+11 6.26599E+8 7.23584E+11 6.26599E+8 7.23584E+11 6.26599E+8 6.91865E+11 6.14896E+8
5510 5.85823E+13 1.85276E+10 7.27912E+11 6.28537E+8 7.27912E+11 6.28537E+8 7.27912E+11 6.28537E+8 6.95493E+11 6.16618E+8
5511 5.85863E+13 1.85289E+10 7.27792E+11 6.28802E+8 7.27792E+11 6.28802E+8 7.27792E+11 6.28802E+8 6.9574E+11 6.1694E+8
5512 5.85906E+13 1.85303E+10 7.25889E+11 6.27669E+8 7.25889E+11 6.27669E+8 7.25889E+11 6.27669E+8 6.93656E+11 6.15818E+8
5513 5.85947E+13 1.85316E+10 7.2686E+11 6.2849E+8 7.2686E+11 6.2849E+8 7.2686E+11 6.2849E+8 6.95203E+11 6.16797E+8
5514 5.8599E+13 1.85329E+10 7.28081E+11 6.28811E+8 7.28081E+11 6.28811E+8 7.28081E+11 6.28811E+8 6.95884E+11 6.16969E+8
5515 5.86041E+13 1.85345E+10 7.25828E+11 6.27792E+8 7.25828E+11 6.27792E+8 7.25828E+11 6.27792E+8 6.93595E+11 6.15916E+8
5516 5.86082E+13 1.85358E+10 7.30125E+11 6.29656E+8 7.30125E+11 6.29656E+8 7.30125E+11 6.29656E+8 6.9704E+11 6.17459E+8
5517 5.8613E+13 1.85373E+10 7.29191E+11 6.2932E+8 7.29191E+11 6.2932E+8 7.29191E+11 6.2932E+8 6.96438E+11 6.17202E+8
5518 5.86168E+13 1.85385E+10 7.29898E+11 6.29657E+8 7.29898E+11 6.29657E+8 7.29898E+11 6.29657E+8 6.97503E+11 6.17745E+8
5519 5.86213E+13 1.854E+10 7.2898E+11 6.29294E+8 7.2898E+11 6.29294E+8 7.2898E+11 6.29294E+8 6.95964E+11 6.17106E+8
5520 5.86249E+13 1.85411E+10 7.29686E+11 6.29577E+8 7.29686E+11 6.29577E+8 7.29686E+11 6.29577E+8 6.97262E+11 6.17673E+8
5521 5.863E+13 1.85427E+10 7.29576E+11 6.29497E+8 7.29576E+11 6.29497E+8 7.29576E+11 6.29497E+8 6.96718E+11 6.1741E+8
5522 5.86345E+13 1.85442E+10 7.30967E+11 6.30319E+8 7.30967E+11 6.30319E+8 7.30967E+11 6.30319E+8 6.98706E+11 6.18536E+8
5523 5.86394E+13 1.85457E+10 7.29224E+11 6.29754E+8 7.29224E+11 6.29754E+8 7.29224E+11 6.29754E+8 6.96717E+11 6.1778E+8
5524 5.86434E+13 1.8547E+10 7.29799E+11 6.29889E+8 7.29799E+11 6.29889E+8 7.29799E+11 6.29889E+8 6.96762E+11 6.17701E+8
5525 5.86477E+13 1.85483E+10 7.33697E+11 6.31459E+8 7.33697E+11 6.31459E+8 7.33697E+11 6.31459E+8 7.0079E+11 6.19407E+8
5526 5.8652E+13 1.85497E+10 7.32094E+11 6.308E+8 7.32094E+11 6.308E+8 7.32094E+11 6.308E+8 6.98905E+11 6.18567E+8
5527 5.86569E+13 1.85512E+10 7.32966E+11 6.31042E+8 7.32966E+11 6.31042E+8 7.32966E+11 6.31042E+8 6.99167E+11 6.18557E+8
5528 5.86615E+13 1.85527E+10 7.33019E+11 6.31386E+8 7.33019E+11 6.31386E+8 7.33019E+11 6.31386E+8 6.99486E+11 6.18981E+8
5529 5.86653E+13 1.85539E+10 7.36092E+11 6.32661E+8 7.36092E+11 6.32661E+8 7.36092E+11 6.32661E+8 7.02836E+11 6.20401E+8
5530 5.86699E+13 1.85554E+10 7.34315E+11 6.31879E+8 7.34315E+11 6.31879E+8 7.34315E+11 6.31879E+8 7.00825E+11 6.19561E+8
5531 5.86741E+13 1.85567E+10 7.33871E+11 6.31866E+8 7.33871E+11 6.31866E+8 7.33871E+11 6.31866E+8 7.00906E+11 6.19816E+8
5532 5.86785E+13 1.85581E+10 7.31226E+11 6.30357E+8 7.31226E+11 6.30357E+8 7.31226E+11 6.30357E+8 6.97036E+11 6.17717E+8
5533 5.86831E+13 1.85595E+10 7.31554E+11 6.30706E+8 7.31554E+11 6.30706E+8 7.31554E+11 6.30706E+8 6.9786E+11 6.18298E+8
5534 5.86873E+13 1.85609E+10 7.34981E+11 6.32398E+8 7.34981E+11 6.32398E+8 7.34981E+11 6.32398E+8 7.0137E+11 6.19965E+8
5535 5.86917E+13 1.85622E+10 7.32579E+11 6.31388E+8 7.32579E+11 6.31388E+8 7.32579E+11 6.31388E+8 6.98439E+11 6.18769E+8
5536 5.86964E+13 1.85637E+10 7.32678E+11 6.31323E+8 7.32678E+11 6.31323E+8 7.32678E+11 6.31323E+8 6.98786E+11 6.18828E+8
5537 5.8701E+13 1.85652E+10 7.35202E+11 6.32363E+8 7.35202E+11 6.32363E+8 7.35202E+11 6.32363E+8 7.00813E+11 6.19682E+8
5538 5.87048E+13 1.85664E+10 7.36355E+11 6.32888E+8 7.36355E+11 6.32888E+8 7.36355E+11 6.32888E+8 7.02131E+11 6.20331E+8
5539 5.87091E+13 1.85677E+10 7.34824E+11 6.32333E+8 7.34824E+11 6.32333E+8 7.34824E+11 6.32333E+8 7.0051E+11 6.1968E+8
5540 5.87136E+13 1.85692E+10 7.34657E+11 6.32151E+8 7.34657E+11 6.32151E+8 7.34657E+11 6.32151E+8 6.99945E+11 6.19311E+8
5541 5.87186E+13 1.85707E+10 7.35912E+11 6.32621E+8 7.35912E+11 6.32621E+8 7.35912E+11 6.32621E+8 7.01172E+11 6.19842E+8
5542 5.8722E+13 1.85718E+10 7.38052E+11 6.33776E+8 7.38052E+11 6.33776E+8 7.38052E+11 6.33776E+8 7.03622E+11 6.21109E+8
5543 5.87268E+13 1.85733E+10 7.37271E+11 6.33706E+8 7.37271E+11 6.33706E+8 7.37271E+11 6.33706E+8 7.02733E+11 6.20998E+8
5544 5.87307E+13 1.85746E+10 7.37823E+11 6.33644E+8 7.37823E+11 6.33644E+8 7.37823E+11 6.33644E+8 7.02853E+11 6.20783E+8
5545 5.87358E+13 1.85762E+10 7.36997E+11 6.33272E+8 7.36997E+11 6.33272E+8 7.36997E+11 6.33272E+8 7.02446E+11 6.20506E+8
5546 5.87398E+13 1.85775E+10 7.40789E+11 6.34987E+8 7.40789E+11 6.34987E+8 7.40789E+11 6.34987E+8 7.05778E+11 6.22171E+8
5547 5.87443E+13 1.85789E+10 7.40237E+11 6.34998E+8 7.40237E+11 6.34998E+8 7.40237E+11 6.34998E+8 7.05272E+11 6.22227E+8
5548 5.87487E+13 1.85802E+10 7.35781E+11 6.32971E+8 7.35781E+11 6.32971E+8 7.35781E+11 6.32971E+8 7.01529E+11 6.20428E+8
5549 5.87533E+13 1.85817E+10 7.39212E+11 6.34366E+8 7.39212E+11 6.34366E+8 7.39212E+11 6.34366E+8 7.03848E+11 6.21406E+8
5550 5.87573E+13 1.8583E+10 7.45781E+11 6.37325E+8 7.45781E+11 6.37325E+8 7.45781E+11 6.37325E+8 7.09773E+11 6.24109E+8
5551 5.87617E+13 1.85844E+10 7.39366E+11 6.34496E+8 7.39366E+11 6.34496E+8 7.39366E+11 6.34496E+8 7.0366E+11 6.21394E+8
5552 5.87657E+13 1.85857E+10 7.44598E+11 6.36895E+8 7.44598E+11 6.36895E+8 7.44598E+11 6.36895E+8 7.09007E+11 6.23871E+8
5553 5.87705E+13 1.85872E+10 7.44255E+11 6.36873E+8 7.44255E+11 6.36873E+8 7.44255E+11 6.36873E+8 7.08171E+11 6.23571E+8
5554 5.87746E+13 1.85885E+10 7.4216E+11 6.36021E+8 7.4216E+11 6.36021E+8 7.4216E+11 6.36021E+8 7.06533E+11 6.22874E+8
5555 5.87792E+13 1.85899E+10 7.43047E+11 6.36247E+8 7.43047E+11 6.36247E+8 7.43047E+11 6.36247E+8 7.06808E+11 6.22984E+8
5556 5.87833E+13 1.85912E+10 7.44011E+11 6.36866E+8 7.44011E+11 6.36866E+8 7.44011E+11 6.36866E+8 7.08636E+11 6.2387E+8
5557 5.87875E+13 1.85925E+10 7.42022E+11 6.35938E+8 7.42022E+11 6.35938E+8 7.42022E+11 6.35938E+8 7.06108E+11 6.22748E+8
5558 5.87921E+13 1.8594E+10 7.42264E+11 6.36109E+8 7.42264E+11 6.36109E+8 7.42264E+11 6.36109E+8 7.06518E+11 6.22992E+8
5559 5.87965E+13 1.85954E+10 7.4259E+11 6.36199E+8 7.4259E+11 6.36199E+8 7.4259E+11 6.36199E+8 7.06291E+11 6.22797E+8
5560 5.88008E+13 1.85967E+10 7.46593E+11 6.37873E+8 7.46593E+11 6.37873E+8 7.46593E+11 6.37873E+8 7.10374E+11 6.2462E+8
5561 5.88049E+13 1.8598E+10 7.42562E+11 6.36204E+8 7.42562E+11 6.36204E+8 7.42562E+11 6.36204E+8 7.05753E+11 6.22623E+8
5562 5.88098E+13 1.85996E+10 7.47137E+11 6.38251E+8 7.47137E+11 6.38251E+8 7.47137E+11 6.38251E+8 7.09899E+11 6.24558E+8
5563 5.88141E+13 1.86009E+10 7.43436E+11 6.3647E+8 7.43436E+11 6.3647E+8 7.43436E+11 6.3647E+8 7.07304E+11 6.23163E+8
5564 5.88183E+13 1.86023E+10 7.41103E+11 6.3559E+8 7.41103E+11 6.3559E+8 7.41103E+11 6.3559E+8 7.04614E+11 6.22185E+8
5565 5.88222E+13 1.86035E+10 7.46496E+11 6.37979E+8 7.46496E+11 6.37979E+8 7.46496E+11 6.37979E+8 7.10278E+11 6.24698E+8
5566 5.88272E+13 1.86051E+10 7.36193E+11 6.33522E+8 7.36193E+11 6.33522E+8 7.36193E+11 6.33522E+8 7.00027E+11 6.20159E+8
5567 5.88315E+13 1.86065E+10 7.43172E+11 6.36539E+8 7.43172E+11 6.36539E+8 7.43172E+11 6.36539E+8 7.06853E+11 6.23217E+8
5568 5.88355E+13 1.86077E+10 7.47791E+11 6.3868E+8 7.47791E+11 6.3868E+8 7.47791E+11 6.3868E+8 7.1084E+11 6.25088E+8
5569 5.88402E+13 1.86092E+10 7.46053E+11 6.37874E+8 7.46053E+11 6.37874E+8 7.46053E+11 6.37874E+8 7.09958E+11 6.24661E+8
5570 5.8844E+13 1.86104E+10 7.4496E+11 6.37422E+8 7.4496E+11 6.37422E+8 7.4496E+11 6.37422E+8 7.081E+11 6.23881E+8
5571 5.88489E+13 1.8612E+10 7.50188E+11 6.39629E+8 7.50188E+11 6.39629E+8 7.50188E+11 6.39629E+8 7.12105E+11 6.25575E+8
5572 5.88535E+13 1.86134E+10 7.47419E+11 6.38492E+8 7.47419E+11 6.38492E+8 7.47419E+11 6.38492E+8 7.10562E+11 6.24989E+8
5573 5.88575E+13 1.86147E+10 7.48109E+11 6.38946E+8 7.48109E+11 6.38946E+8 7.48109E+11 6.38946E+8 7.11254E+11 6.25438E+8
5574 5.88618E+13 1.8616E+10 7.46657E+11 6.3824E+8 7.46657E+11 6.3824E+8 7.46657E+11 6.3824E+8 7.08496E+11 6.24185E+8
5575 5.88661E+13 1.86174E+10 7.49132E+11 6.39423E+8 7.49132E+11 6.39423E+8 7.49132E+11 6.39423E+8 7.11055E+11 6.25367E+8
5576 5.88701E+13 1.86187E+10 7.49432E+11 6.39654E+8 7.49432E+11 6.39654E+8 7.49432E+11 6.39654E+8 7.11945E+11 6.25895E+8
5577 5.88749E+13 1.86202E+10 7.49338E+11 6.39624E+8 7.49338E+11 6.39624E+8 7.49338E+11 6.39624E+8 7.11925E+11 6.25918E+8
5578 5.88795E+13 1.86216E+10 7.53386E+11 6.4126E+8 7.53386E+11 6.4126E+8 7.53386E+11 6.4126E+8 7.14649E+11 6.27064E+8
5579 5.88832E+13 1.86228E+10 7.48011E+11 6.38947E+8 7.48011E+11 6.38947E+8 7.48011E+11 6.38947E+8 7.11379E+11 6.25596E+8
5580 5.8888E+13 1.86243E+10 7.48219E+11 6.39073E+8 7.48219E+11 6.39073E+8 7.48219E+11 6.39073E+8 7.10393E+11 6.25155E+8
5581 5.8892E+13 1.86256E+10 7.5033E+11 6.39966E+8 7.5033E+11 6.39966E+8 7.5033E+11 6.39966E+8 7.11526E+11 6.25701E+8
5582 5.88962E+13 1.86269E+10 7.52377E+11 6.40839E+8 7.52377E+11 6.40839E+8 7.52377E+11 6.40839E+8 7.14571E+11 6.27008E+8
5583 5.8901E+13 1.86284E+10 7.53889E+11 6.41497E+8 7.53889E+11 6.41497E+8 7.53889E+11 6.41497E+8 7.15661E+11 6.27538E+8
5584 5.89047E+13 1.86296E+10 7.50172E+11 6.39898E+8 7.50172E+11 6.39898E+8 7.50172E+11 6.39898E+8 7.11474E+11 6.25674E+8
5585 5.89094E+13 1.86311E+10 7.54587E+11 6.42114E+8 7.54587E+11 6.42114E+8 7.54587E+11 6.42114E+8 7.15882E+11 6.27864E+8
5586 5.89134E+13 1.86324E+10 7.52626E+11 6.41077E+8 7.52626E+11 6.41077E+8 7.52626E+11 6.41077E+8 7.13868E+11 6.269E+8
5587 5.89181E+13 1.86338E+10 7.51985E+11 6.40951E+8 7.51985E+11 6.40951E+8 7.51985E+11 6.40951E+8 7.12751E+11 6.26549E+8
5588 5.89226E+13 1.86353E+10 7.5726E+11 6.43164E+8 7.5726E+11 6.43164E+8 7.5726E+11 6.43164E+8 7.18335E+11 6.28913E+8
5589 5.89258E+13 1.86363E+10 7.49986E+11 6.40021E+8 7.49986E+11 6.40021E+8 7.49986E+11 6.40021E+8 7.11449E+11 6.2587E+8
5590 5.89311E+13 1.8638E+10 7.57782E+11 6.43485E+8 7.57782E+11 6.43485E+8 7.57782E+11 6.43485E+8 7.18824E+11 6.29232E+8
5591 5.89351E+13 1.86392E+10 7.55895E+11 6.42535E+8 7.55895E+11 6.42535E+8 7.55895E+11 6.42535E+8 7.16018E+11 6.27937E+8
5592 5.89394E+13 1.86406E+10 7.58029E+11 6.43653E+8 7.58029E+11 6.43653E+8 7.58029E+11 6.43653E+8 7.19154E+11 6.29407E+8
5593 5.8944E+13 1.8642E+10 7.57887E+11 6.43384E+8 7.57887E+11 6.43384E+8 7.57887E+11 6.43384E+8 7.18299E+11 6.28869E+8
5594 5.89479E+13 1.86433E+10 7.59639E+11 6.44214E+8 7.59639E+11 6.44214E+8 7.59639E+11 6.44214E+8 7.20121E+11 6.29751E+8
5595 5.89526E+13 1.86448E+10 7.58062E+11 6.43645E+8 7.58062E+11 6.43645E+8 7.58062E+11 6.43645E+8 7.18792E+11 6.29246E+8
5596 5.89567E+13 1.86461E+10 7.55119E+11 6.4245E+8 7.55119E+11 6.4245E+8 7.55119E+11 6.4245E+8 7.15664E+11 6.27945E+8
5597 5.89608E+13 1.86473E+10 7.55798E+11 6.42599E+8 7.55798E+11 6.42599E+8 7.55798E+11 6.42599E+8 7.16049E+11 6.28028E+8
5598 5.89649E+13 1.86486E+10 7.57098E+11 6.43246E+8 7.57098E+11 6.43246E+8 7.57098E+11 6.43246E+8 7.1661E+11 6.28403E+8
5599 5.89694E+13 1.865E+10 7.56381E+11 6.43167E+8 7.56381E+11 6.43167E+8 7.56381E+11 6.43167E+8 7.16144E+11 6.28398E+8
5600 5.89737E+13 1.86514E+10 7.5527E+11 6.42641E+8 7.5527E+11 6.42641E+8 7.5527E+11 6.42641E+8 7.1512E+11 6.27882E+8
5601 5.89781E+13 1.86528E+10 7.55897E+11 6.42718E+8 7.55897E+11 6.42718E+8 7.55897E+11 6.42718E+8 7.15173E+11 6.27679E+8
5602 5.89823E+13 1.86541E+10 7.56272E+11 6.42834E+8 7.56272E+11 6.42834E+8 7.56272E+11 6.42834E+8 7.16251E+11 6.28199E+8
5603 5.89862E+13 1.86554E+10 7.58838E+11 6.44077E+8 7.58838E+11 6.44077E+8 7.58838E+11 6.44077E+8 7.18549E+11 6.29354E+8
5604 5.8991E+13 1.86569E+10 7.57284E+11 6.43511E+8 7.57284E+11 6.43511E+8 7.57284E+11 6.43511E+8 7.1774E+11 6.2903E+8
5605 5.89952E+13 1.86582E+10 7.61878E+11 6.45554E+8 7.61878E+11 6.45554E+8 7.61878E+11 6.45554E+8 7.2139E+11 6.30731E+8
5606 5.89999E+13 1.86597E+10 7.59766E+11 6.44546E+8 7.59766E+11 6.44546E+8 7.59766E+11 6.44546E+8 7.19556E+11 6.29829E+8
5607 5.90042E+13 1.86611E+10 7.61367E+11 6.45201E+8 7.61367E+11 6.45201E+8 7.61367E+11 6.45201E+8 7.20648E+11 6.30359E+8
5608 5.90082E+13 1.86623E+10 7.60375E+11 6.4498E+8 7.60375E+11 6.4498E+8 7.60375E+11 6.4498E+8 7.20658E+11 6.30494E+8
5609 5.90123E+13 1.86636E+10 7.60243E+11 6.44928E+8 7.60243E+11 6.44928E+8 7.60243E+11 6.44928E+8 7.19977E+11 6.3019E+8
5610 5.90175E+13 1.86653E+10 7.61203E+11 6.45325E+8 7.61203E+11 6.45325E+8 7.61203E+11 6.45325E+8 7.19863E+11 6.30229E+8
5611 5.9021E+13 1.86664E+10 7.6234E+11 6.45813E+8 7.6234E+11 6.45813E+8 7.6234E+11 6.45813E+8 7.21293E+11 6.30787E+8
5612 5.90253E+13 1.86677E+10 7.61413E+11 6.45492E+8 7.61413E+11 6.45492E+8 7.61413E+11 6.45492E+8 7.19842E+11 6.30272E+8
5613 5.90292E+13 1.8669E+10 7.60683E+11 6.45119E+8 7.60683E+11 6.45119E+8 7.60683E+11 6.45119E+8 7.19823E+11 6.30183E+8
5614 5.90338E+13 1.86704E+10 7.61258E+11 6.4542E+8 7.61258E+11 6.4542E+8 7.61258E+11 6.4542E+8 7.19948E+11 6.30305E+8
5615 5.90383E+13 1.86719E+10 7.60787E+11 6.45201E+8 7.60787E+11 6.45201E+8 7.60787E+11 6.45201E+8 7.19835E+11 6.30222E+8
5616 5.90431E+13 1.86734E+10 7.64015E+11 6.46494E+8 7.64015E+11 6.46494E+8 7.64015E+11 6.46494E+8 7.22749E+11 6.31476E+8
5617 5.90473E+13 1.86747E+10 7.66094E+11 6.47533E+8 7.66094E+11 6.47533E+8 7.66094E+11 6.47533E+8 7.24459E+11 6.32394E+8
5618 5.90512E+13 1.86759E+10 7.63173E+11 6.46358E+8 7.63173E+11 6.46358E+8 7.63173E+11 6.46358E+8 7.21087E+11 6.30927E+8
5619 5.90556E+13 1.86773E+10 7.68278E+11 6.48624E+8 7.68278E+11 6.48624E+8 7.68278E+11 6.48624E+8 7.25866E+11 6.33062E+8
5620 5.90595E+13 1.86786E+10 7.66744E+11 6.47952E+8 7.66744E+11 6.47952E+8 7.66744E+11 6.47952E+8 7.2539E+11 6.32911E+8
5621 5.90642E+13 1.868E+10 7.6388E+11 6.46823E+8 7.6388E+11 6.46823E+8 7.6388E+11 6.46823E+8 7.22578E+11 6.3179E+8
5622 5.90685E+13 1.86814E+10 7.6415E+11 6.46745E+8 7.6415E+11 6.46745E+8 7.6415E+11 6.46745E+8 7.22398E+11 6.31534E+8
5623 5.90723E+13 1.86826E+10 7.64886E+11 6.47204E+8 7.64886E+11 6.47204E+8 7.64886E+11 6.47204E+8 7.22727E+11 6.31789E+8
5624 5.90764E+13 1.86839E+10 7.62297E+11 6.46077E+8 7.62297E+11 6.46077E+8 7.62297E+11 6.46077E+8 7.19987E+11 6.30567E+8
5625 5.90811E+13 1.86854E+10 7.64607E+11 6.46936E+8 7.64607E+11 6.46936E+8 7.64607E+11 6.46936E+8 7.22442E+11 6.31528E+8
5626 5.90857E+13 1.86868E+10 7.63982E+11 6.46917E+8 7.63982E+11 6.46917E+8 7.63982E+11 6.46917E+8 7.21895E+11 6.31496E+8
5627 5.90894E+13 1.8688E+10 7.67891E+11 6.4842E+8 7.67891E+11 6.4842E+8 7.67891E+11 6.4842E+8 7.25192E+11 6.3278E+8
5628 5.90944E+13 1.86896E+10 7.67978E+11 6.48508E+8 7.67978E+11 6.48508E+8 7.67978E+11 6.48508E+8 7.25245E+11 6.32907E+8
5629 5.90982E+13 1.86908E+10 7.69958E+11 6.49486E+8 7.69958E+11 6.49486E+8 7.69958E+11 6.49486E+8 7.27344E+11 6.33984E+8
5630 5.91022E+13 1.86921E+10 7.68009E+11 6.48705E+8 7.68009E+11 6.48705E+8 7.68009E+11 6.48705E+8 7.25849E+11 6.3329E+8
5631 5.91068E+13 1.86935E+10 7.64324E+11 6.46968E+8 7.64324E+11 6.46968E+8 7.64324E+11 6.46968E+8 7.21575E+11 6.31336E+8
5632 5.91108E+13 1.86948E+10 7.68674E+11 6.49094E+8 7.68674E+11 6.49094E+8 7.68674E+11 6.49094E+8 7.26013E+11 6.33546E+8
5633 5.91155E+13 1.86963E+10 7.71997E+11 6.50331E+8 7.71997E+11 6.50331E+8 7.71997E+11 6.50331E+8 7.27945E+11 6.34273E+8
5634 5.9119E+13 1.86974E+10 7.6969E+11 6.49369E+8 7.6969E+11 6.49369E+8 7.6969E+11 6.49369E+8 7.27604E+11 6.34076E+8
5635 5.91238E+13 1.86989E+10 7.69734E+11 6.49408E+8 7.69734E+11 6.49408E+8 7.69734E+11 6.49408E+8 7.26052E+11 6.33468E+8
5636 5.9128E+13 1.87002E+10 7.70934E+11 6.5002E+8 7.70934E+11 6.5002E+8 7.70934E+11 6.5002E+8 7.27159E+11 6.34064E+8
5637 5.91323E+13 1.87016E+10 7.68535E+11 6.49001E+8 7.68535E+11 6.49001E+8 7.68535E+11 6.49001E+8 7.24542E+11 6.32904E+8
5638 5.91363E+13 1.87028E+10 7.67895E+11 6.48999E+8 7.67895E+11 6.48999E+8 7.67895E+11 6.48999E+8 7.24323E+11 6.33013E+8
5639 5.91407E+13 1.87042E+10 7.65696E+11 6.47824E+8 7.65696E+11 6.47824E+8 7.65696E+11 6.47824E+8 7.21845E+11 6.31776E+8
5640 5.91455E+13 1.87057E+10 7.73729E+11 6.5129E+8 7.73729E+11 6.5129E+8 7.73729E+11 6.5129E+8 7.29697E+11 6.35263E+8
5641 5.91493E+13 1.8707E+10 7.74478E+11 6.51615E+8 7.74478E+11 6.51615E+8 7.74478E+11 6.51615E+8 7.305E+11 6.3556E+8
5642 5.91535E+13 1.87083E+10 7.72546E+11 6.50878E+8 7.72546E+11 6.50878E+8 7.72546E+11 6.50878E+8 7.29082E+11 6.35028E+8
5643 5.91579E+13 1.87097E+10 7.74828E+11 6.51808E+8 7.74828E+11 6.51808E+8 7.74828E+11 6.51808E+8 7.3052E+11 6.3568E+8
5644 5.91619E+13 1.87109E+10 7.77178E+11 6.53E+8 7.77178E+11 6.53E+8 7.77178E+11 6.53E+8 7.31909E+11 6.36442E+8
5645 5.91665E+13 1.87124E+10 7.73477E+11 6.51449E+8 7.73477E+11 6.51449E+8 7.73477E+11 6.51449E+8 7.28483E+11 6.34999E+8
5646 5.91707E+13 1.87137E+10 7.72428E+11 6.50738E+8 7.72428E+11 6.50738E+8 7.72428E+11 6.50738E+8 7.26865E+11 6.34013E+8
5647 5.91748E+13 1.8715E+10 7.76291E+11 6.52627E+8 7.76291E+11 6.52627E+8 7.76291E+11 6.52627E+8 7.31395E+11 6.36267E+8
5648 5.9179E+13 1.87163E+10 7.74222E+11 6.51709E+8 7.74222E+11 6.51709E+8 7.74222E+11 6.51709E+8 7.29277E+11 6.3521E+8
5649 5.91834E+13 1.87177E+10 7.79207E+11 6.53909E+8 7.79207E+11 6.53909E+8 7.79207E+11 6.53909E+8 7.34153E+11 6.37501E+8
5650 5.91875E+13 1.8719E+10 7.73412E+11 6.51392E+8 7.73412E+11 6.51392E+8 7.73412E+11 6.51392E+8 7.28967E+11 6.35255E+8
5651 5.91924E+13 1.87206E+10 7.77308E+11 6.53027E+8 7.77308E+11 6.53027E+8 7.77308E+11 6.53027E+8 7.31675E+11 6.36411E+8
5652 5.91962E+13 1.87218E+10 7.78644E+11 6.53622E+8 7.78644E+11 6.53622E+8 7.78644E+11 6.53622E+8 7.33254E+11 6.37159E+8
5653 5.92001E+13 1.8723E+10 7.7016E+11 6.50042E+8 7.7016E+11 6.50042E+8 7.7016E+11 6.50042E+8 7.24876E+11 6.33442E+8
5654 5.92044E+13 1.87244E+10 7.78461E+11 6.53794E+8 7.78461E+11 6.53794E+8 7.78461E+11 6.53794E+8 7.32859E+11 6.37116E+8
5655 5.92087E+13 1.87257E+10 7.7822E+11 6.53529E+8 7.7822E+11 6.53529E+8 7.7822E+11 6.53529E+8 7.32494E+11 6.36833E+8
5656 5.92132E+13 1.87272E+10 7.76161E+11 6.52645E+8 7.76161E+11 6.52645E+8 7.76161E+11 6.52645E+8 7.30083E+11 6.35784E+8
