1.0 4.467846389106022e+18
1.098 4.5733892400529336e+18
1.196 4.870728740780725e+18
1.294 4.873808740253837e+18
1.392 5.105367570380113e+18
1.49 5.456267971226407e+18
1.588 5.554178918870959e+18
1.686 5.567517264948027e+18
1.784 5.920835365289767e+18
1.8820000000000001 6.018472700905917e+18
1.98 6.478359263902671e+18
2.0780000000000003 6.507670692342291e+18
2.176 6.556764492602491e+18
2.274 6.902378630856404e+18
2.372 7.156548782862862e+18
2.4699999999999998 7.087789083331944e+18
2.568 7.246799104749174e+18
2.6660000000000004 7.47749097585701e+18
2.7640000000000002 7.985516143546514e+18
2.862 7.618094046189969e+18
2.96 7.699909724149918e+18
3.0580000000000003 8.043725869175076e+18
3.156 8.018513515162929e+18
3.254 8.06140877624628e+18
3.3520000000000003 8.245448484244839e+18
3.45 8.661639029883016e+18
3.548 8.333794039568091e+18
3.646 8.889749511010601e+18
3.744 8.566586803666305e+18
3.842 8.707464859032786e+18
3.94 9.033602603586308e+18
4.038 8.841699887565449e+18
4.136 8.956894817276119e+18
4.234 9.365528882339158e+18
4.332000000000001 9.393273780821795e+18
4.43 9.348078204324768e+18
4.5280000000000005 9.323660781051892e+18
4.626 9.277572257917377e+18
4.724 9.786488573094234e+18
4.822 9.987488459600214e+18
4.92 1.0038900587827005e+19
5.018 9.77034507049549e+18
5.1160000000000005 1.0045068921133079e+19
5.214 1.0295411270385453e+19
5.312 9.81901862576663e+18
5.41 1.0345044900549399e+19
5.508 1.0127150001232521e+19
5.606 1.0023772580166154e+19
5.704000000000001 1.025400500959999e+19
5.8020000000000005 1.0140642302001687e+19
5.9 1.0254293047632742e+19
5.998 1.0463267832776751e+19
6.096 1.076803772208785e+19
6.194 1.0328347071194518e+19
6.292 1.0113069501756107e+19
6.390000000000001 1.0708629241839923e+19
6.488 1.0760429450907972e+19
6.586 1.0324604081124143e+19
6.684 1.0955768369805603e+19
6.782 1.117410837012006e+19
6.88 1.053581258508894e+19
6.978000000000001 1.0768706308755423e+19
7.0760000000000005 1.1149505443046625e+19
7.174 1.1126679438652715e+19
7.272 1.0965932931580088e+19
7.37 1.079967194053601e+19
7.468 1.0943279506386395e+19
7.566 1.1100985981653563e+19
7.664000000000001 1.0917821292994929e+19
7.7620000000000005 1.0938148156603955e+19
7.86 1.1457396216583287e+19
7.958 1.1489129435901604e+19
8.056000000000001 1.118112785778908e+19
8.154 1.0758941379891378e+19
8.252 1.1639196022120772e+19
8.350000000000001 1.1401031345418914e+19
8.448 1.1049673621504074e+19
8.546 1.1503628030558923e+19
8.644 1.072114668834648e+19
8.742 1.1517345959982283e+19
8.84 1.060913987554842e+19
8.938 1.0897940433012998e+19
9.036 1.087814387121799e+19
9.134 1.0970474762059897e+19
9.232000000000001 1.1576233614937682e+19
9.33 1.138551836713157e+19
9.428 1.1175516963800259e+19
9.526 1.1038447513244908e+19
9.624 1.1084450299078943e+19
9.722 1.1102065585107466e+19
9.82 1.1400787799944331e+19
9.918000000000001 1.1137278793026077e+19
10.016 1.1005133717719597e+19
10.114 1.1077664117357773e+19
10.212 1.1516939386903644e+19
10.31 1.131542892226889e+19
10.408000000000001 1.0918759509187336e+19
10.506 1.0638541162884768e+19
10.604000000000001 1.1262474262575143e+19
10.702 1.1106077680840024e+19
10.8 1.0780857267243923e+19
10.898 1.103164421992643e+19
10.996 1.1063347071260617e+19
11.094000000000001 1.1227606313567267e+19
11.192 1.1123987407265616e+19
11.290000000000001 1.1004992889269567e+19
11.388 1.1036845028068667e+19
11.486 1.0806919713743389e+19
11.584 1.1374899895068223e+19
11.682 1.062675221180447e+19
11.780000000000001 1.0871131845082044e+19
11.878 1.0907146985898426e+19
11.976 1.1243481584093854e+19
12.074 1.102112113081332e+19
12.172 1.0807498424854841e+19
12.27 1.0738551252260874e+19
12.368 1.1055355143555158e+19
12.466000000000001 1.123831719430075e+19
12.564 1.064506826327469e+19
12.662 1.0474311462169008e+19
12.76 1.0974582117173891e+19
12.858 1.0684600616046508e+19
12.956000000000001 1.0954964191775855e+19
13.054 1.0810597139738122e+19
13.152000000000001 1.1151124759860924e+19
13.25 1.096824669215579e+19
13.348 1.052010124283509e+19
13.446 1.072903724316786e+19
13.544 1.091911023931492e+19
13.642000000000001 1.059585994639222e+19
13.74 1.0934177673923117e+19
13.838000000000001 1.0295054707769618e+19
13.936 1.0547230828663585e+19
14.034 1.0739850320466557e+19
14.132 1.048676612251041e+19
14.23 1.0147010791103693e+19
14.328000000000001 1.0899223932745343e+19
14.426 1.0460440146566943e+19
14.524000000000001 1.0276155537597841e+19
14.622 1.0337230982270657e+19
14.72 1.0473895181570748e+19
14.818000000000001 1.0046162568565737e+19
14.916 1.0091459768819218e+19
15.014000000000001 1.0067125713181223e+19
15.112 1.0272951275458847e+19
15.21 1.0472814043077226e+19
15.308 9.975106218473497e+18
15.406 1.0006977493878389e+19
15.504000000000001 9.933445711615982e+18
15.602 9.96841719381538e+18
15.700000000000001 9.72778783033407e+18
15.798 9.719859452516246e+18
15.896 1.0229683528271317e+19
15.994 9.92776747240781e+18
16.092 9.70707993680878e+18
16.19 9.83386373142858e+18
16.288 9.634282184936438e+18
16.386000000000003 9.855164565195436e+18
16.484 9.732530789060213e+18
16.582 9.756349339322173e+18
16.68 9.358395772702091e+18
16.778 9.945874089465465e+18
16.876 9.838728540259097e+18
16.974 9.562135382306298e+18
17.072 9.631562194477013e+18
17.17 9.230156322800441e+18
17.268 9.547338841997965e+18
17.366 9.70597856159448e+18
17.464000000000002 9.610060547199916e+18
17.562 9.478036358633327e+18
17.66 8.862623277626845e+18
17.758 9.241995185172361e+18
17.856 9.189284304037589e+18
17.954 8.964434028921721e+18
18.052 9.35154287452303e+18
18.150000000000002 9.591709605639698e+18
18.248 8.954685355852051e+18
18.346 9.413241009145799e+18
18.444 8.882285587115889e+18
18.542 8.887142854206906e+18
18.64 8.873545845376701e+18
18.738 9.36447195154594e+18
18.836000000000002 8.879526810044323e+18
18.934 9.180939456787877e+18
19.032 9.149658909425178e+18
19.13 8.973354140452171e+18
19.228 8.803140886383375e+18
19.326 8.958143121887607e+18
19.424 8.531473228060929e+18
19.522000000000002 8.53564377199888e+18
19.62 8.661219176007906e+18
19.718 8.452833602773216e+18
19.816000000000003 8.548920099102237e+18
19.914 8.747257728454601e+18
20.012 8.244019757407921e+18
20.11 8.645882518673407e+18
20.208000000000002 8.38952747350224e+18
20.306 8.656806733414918e+18
20.404 8.21707401497428e+18
20.502000000000002 8.621954484999857e+18
20.6 8.136260011137861e+18
20.698 8.119276642910478e+18
20.796 8.360449958882783e+18
20.894000000000002 8.104373197378498e+18
20.992 8.133305081006739e+18
21.09 8.401878898385882e+18
21.188000000000002 8.318462626581694e+18
21.286 8.062243070890283e+18
21.384 7.931857723360099e+18
21.482 7.984039877866466e+18
21.580000000000002 7.968777470818554e+18
21.678 8.263264408374078e+18
21.776 8.050019540018012e+18
21.874000000000002 8.009543849183361e+18
21.972 7.545584242324907e+18
22.07 7.748732120396713e+18
22.168 7.880810437466815e+18
22.266000000000002 7.788653852762622e+18
22.364 7.820341627482839e+18
22.462 7.582545790144474e+18
22.560000000000002 7.630001972233087e+18
22.658 7.818814718861216e+18
22.756 7.598553800713677e+18
22.854 7.534679718418208e+18
22.952 7.47733959701375e+18
23.05 7.57593510613782e+18
23.148 7.458431187427429e+18
23.246000000000002 7.81280490985358e+18
23.344 7.582297373890584e+18
23.442 7.59993980362719e+18
23.54 7.280777034462669e+18
23.638 7.069248464111518e+18
23.736 7.349796564320104e+18
23.834 7.361788309010264e+18
23.932000000000002 7.461404165137659e+18
24.03 6.749455197870063e+18
24.128 7.138597050870886e+18
24.226000000000003 7.006058679176477e+18
24.324 7.101895078230835e+18
24.422 6.967916143205526e+18
24.52 6.937850113980357e+18
24.618000000000002 7.084023897063788e+18
24.716 6.834760852319496e+18
24.814 6.679294282264805e+18
24.912000000000003 6.764935602371829e+18
25.01 6.905290679345883e+18
25.108 6.83338246796813e+18
25.206 6.782505451273291e+18
25.304000000000002 6.823922374144019e+18
25.402 6.878187253841093e+18
25.5 6.590507118196879e+18
25.598000000000003 6.508372433544816e+18
25.696 6.618567026157216e+18
25.794 6.497922882871164e+18
25.892 6.465981102149686e+18
25.990000000000002 6.311227969148339e+18
26.088 6.315547646137748e+18
26.186 6.231935737528972e+18
26.284000000000002 6.404571413088588e+18
26.382 6.411808534461917e+18
26.48 6.269884049111763e+18
26.578 6.197860066404137e+18
26.676000000000002 6.245338609113121e+18
26.774 6.276739494907742e+18
26.872 5.999091030059896e+18
26.970000000000002 5.937898481607514e+18
27.068 6.189242214190497e+18
27.166 6.268635964487334e+18
27.264 6.026272707798154e+18
27.362000000000002 6.302056196367468e+18
27.46 6.061089470337031e+18
27.558 5.964325125409215e+18
27.656000000000002 5.869404798568856e+18
27.754 5.775872601757132e+18
27.852 5.811204247167207e+18
27.95 5.914788459279957e+18
28.048000000000002 5.800668769084284e+18
28.146 5.727045859101025e+18
28.244 5.97231800477777e+18
28.342000000000002 5.835275299149509e+18
28.44 5.508164538430119e+18
28.538 5.553931777577602e+18
28.636000000000003 5.672817407483756e+18
28.734 5.621173036529087e+18
28.832 5.69037393513702e+18
28.93 5.542742585088476e+18
29.028000000000002 5.310713912285786e+18
29.126 5.417484451157937e+18
29.224 5.464076826057828e+18
29.322000000000003 5.576214120229452e+18
29.42 5.333397748321463e+18
29.518 5.419576552339974e+18
29.616 5.19925483106782e+18
29.714000000000002 5.259186818142415e+18
29.812 5.219625940817275e+18
29.91 5.158071535362274e+18
30.008000000000003 5.411624605893369e+18
30.106 5.10526754877316e+18
30.204 5.259203777192541e+18
30.302 5.081386412430668e+18
30.400000000000002 5.312046223006468e+18
30.498 5.109652351641084e+18
30.596 5.105840005004074e+18
30.694000000000003 5.082021520194301e+18
30.792 5.22779157675272e+18
30.89 4.866319841128095e+18
30.988 5.012863665502749e+18
31.086000000000002 5.34460786225959e+18
31.184 4.95519194816958e+18
31.282 4.897621591525338e+18
31.380000000000003 4.927373534403745e+18
31.478 4.998343354017816e+18
31.576 4.966908215634672e+18
31.674 4.838712292197498e+18
31.772000000000002 5.022498196304344e+18
31.87 4.669451773865073e+18
31.968 4.624119266037448e+18
32.066 4.665892671953946e+18
32.164 4.966487782359325e+18
32.262 4.83183481670618e+18
32.36 4.813396495109133e+18
32.458 4.720958173335123e+18
32.556 4.5355880211717396e+18
32.653999999999996 4.66328098497488e+18
32.752 4.4912914383656684e+18
32.85 4.460476189967812e+18
32.948 4.60902940076929e+18
33.046 4.461282193033205e+18
33.144 4.3062234913647754e+18
33.242000000000004 4.433180996309467e+18
33.34 4.3619687374492995e+18
33.438 4.342635226375892e+18
33.536 4.2226475821427794e+18
33.634 4.3155634012620104e+18
33.732 4.325680378271396e+18
33.83 4.2704446560410317e+18
33.928000000000004 4.3750188706350326e+18
34.026 4.1057463543663355e+18
34.124 4.0338502634899773e+18
34.222 4.1470743683268654e+18
34.32 4.157010040528347e+18
34.418 4.055432938847044e+18
34.516 3.9604030316363704e+18
34.614000000000004 4.2828580265264364e+18
34.712 4.052423517336635e+18
34.81 3.917073082506397e+18
34.908 3.9165730304904233e+18
35.006 3.791119677796173e+18
35.104 4.0250876076079703e+18
35.202 4.016556088681475e+18
35.300000000000004 3.9187845655604296e+18
35.398 3.8597976280546427e+18
35.496 3.989586328787346e+18
35.594 3.908474891478702e+18
35.692 3.884556041007668e+18
35.79 3.7423394324010486e+18
35.888 3.887223133230305e+18
35.986000000000004 3.7688448286921375e+18
36.084 3.675625469723323e+18
36.182 3.902397615655176e+18
36.28 3.7063055067590313e+18
36.378 3.5665250540954266e+18
36.476 3.6738914826836413e+18
36.574 3.705089768194975e+18
36.672000000000004 3.6286311865920973e+18
36.77 3.6455992436629007e+18
36.868 3.6412995991803484e+18
36.966 3.6200581728396677e+18
37.064 3.4466980771107835e+18
37.162 3.470114327910377e+18
37.26 3.6026049662132925e+18
37.358000000000004 3.4360053276897935e+18
37.456 3.5148393402044636e+18
37.554 3.4795839077317345e+18
37.652 3.549169547988706e+18
37.75 3.3407812082441144e+18
37.848 3.431175666317867e+18
37.946 3.388006964191689e+18
38.044000000000004 3.3978646852442045e+18
38.142 3.4204416128648883e+18
38.24 3.200747386716686e+18
38.338 3.477875719098451e+18
38.436 3.1618388246549647e+18
38.534 3.4474002519774193e+18
38.632000000000005 3.2541296412651167e+18
38.730000000000004 3.307122735615449e+18
38.828 3.145027626644482e+18
38.926 3.2018793806691983e+18
39.024 3.169606283615139e+18
39.122 3.1135959991989955e+18
39.22 3.111863654033278e+18
39.318000000000005 3.196691499897571e+18
39.416000000000004 3.2263486325612273e+18
39.514 3.054257495842959e+18
39.612 3.017405752849285e+18
39.71 3.0946014002517463e+18
39.808 3.078497992471431e+18
39.906 3.0678548993665516e+18
40.004000000000005 3.0998993398625843e+18
40.102000000000004 2.894313688987618e+18
40.2 2.986573841094733e+18
40.298 2.89381824109845e+18
40.396 2.9414027691943383e+18
40.494 2.8616837503047204e+18
40.592 2.810900043367465e+18
40.690000000000005 2.880295909537856e+18
40.788000000000004 2.856303116734192e+18
40.886 2.6892811894578217e+18
40.984 2.81677766266175e+18
41.082 2.807282672938451e+18
41.18 2.83410820880586e+18
41.278 2.822477846857903e+18
41.376000000000005 2.822485022256476e+18
41.474000000000004 2.6762745573462267e+18
41.572 2.765655884090364e+18
41.67 2.6599555067023007e+18
41.768 2.7546966890713426e+18
41.866 2.6682066014820905e+18
41.964 2.5544809324031416e+18
42.062000000000005 2.767491464644632e+18
42.160000000000004 2.7232220322053683e+18
42.258 2.635334298514208e+18
42.356 2.5722356865705283e+18
42.454 2.6545420814941844e+18
42.552 2.5832936181506775e+18
42.65 2.4723906465174656e+18
42.748000000000005 2.528911207952386e+18
42.846000000000004 2.6540799840327393e+18
42.944 2.5969893979449426e+18
43.042 2.4284892040795827e+18
43.14 2.464877969010626e+18
43.238 2.58053233014533e+18
43.336 2.483445314553359e+18
43.434000000000005 2.475533903869576e+18
43.532000000000004 2.3840312356112174e+18
43.63 2.4639043605109745e+18
43.728 2.375700627072714e+18
43.826 2.47258555744057e+18
43.924 2.4529843239919293e+18
44.022 2.4124791737273615e+18
44.120000000000005 2.407611922704482e+18
44.218 2.3722985185584604e+18
44.316 2.495112899077532e+18
44.414 2.2872063933110572e+18
44.512 2.2596072495529733e+18
44.61 2.230764892326057e+18
44.708 2.1698146365583823e+18
44.806000000000004 2.2767741580009405e+18
44.904 2.330453257685475e+18
45.002 2.314315518432262e+18
45.1 2.144392533672259e+18
45.198 2.2011107315533133e+18
45.296 2.181280522880195e+18
45.394 2.1004644769708984e+18
45.492000000000004 2.1492957530210552e+18
45.59 2.1045618856087647e+18
45.688 2.1590602948242232e+18
45.786 2.2141626895811e+18
45.884 2.074340523418542e+18
45.982 2.148057420975219e+18
46.08 2.1322554454589883e+18
46.178000000000004 2.0761123970438308e+18
46.276 2.0412608455628654e+18
46.374 2.1366077081796237e+18
46.472 2.107906244055723e+18
46.57 2.0678549658710886e+18
46.668 2.0139817604465838e+18
46.766 1.8760631644264963e+18
46.864000000000004 1.9259351202771126e+18
46.962 1.9395150173624453e+18
47.06 2.0094479157178317e+18
47.158 2.003662211888771e+18
47.256 1.9216277927967045e+18
47.354 1.843270160155636e+18
47.452000000000005 1.9033033556418563e+18
47.550000000000004 1.8887367418255816e+18
47.648 1.8720643796619835e+18
47.746 1.799593921360655e+18
47.844 1.9190247312763167e+18
47.942 1.7953190564115366e+18
48.04 1.8144029307433626e+18
48.138000000000005 1.8589084541243994e+18
48.236000000000004 1.786580796728751e+18
48.334 1.802636222832231e+18
48.432 1.9177564884187768e+18
48.53 1.792790884075496e+18
48.628 1.7658202607628598e+18
48.726 1.698187229364394e+18
48.824000000000005 1.7847884258070825e+18
48.922000000000004 1.7348435320086062e+18
49.02 1.767277605615551e+18
49.118 1.7728163790323715e+18
49.216 1.7484223614402778e+18
49.314 1.7630381089579722e+18
49.412 1.6077550209258012e+18
49.510000000000005 1.7071395834007652e+18
49.608000000000004 1.680884609444952e+18
49.706 1.7121015694368077e+18
49.804 1.627871830668963e+18
49.902 1.7317284534164408e+18
