1.0 2.3293069185417904e+19
1.098 2.4001268941415506e+19
1.196 2.442274371608283e+19
1.294 2.479956353383334e+19
1.392 2.4921010865114993e+19
1.49 2.577753388679564e+19
1.588 2.634912518870871e+19
1.686 2.6623690826938896e+19
1.784 2.614051237454603e+19
1.8820000000000001 2.6621742410628727e+19
1.98 2.7001261817687085e+19
2.0780000000000003 2.6734937195335995e+19
2.176 2.745221432296783e+19
2.274 2.765498537689821e+19
2.372 2.8143513161734062e+19
2.4699999999999998 2.7682686813474435e+19
2.568 2.7847222027441533e+19
2.6660000000000004 2.8704604850743366e+19
2.7640000000000002 2.9021169031606034e+19
2.862 2.864084550702713e+19
2.96 2.8474669814691226e+19
3.0580000000000003 2.920049674856098e+19
3.156 2.8348246473702973e+19
3.254 2.8809649734690255e+19
3.3520000000000003 2.8461216209452876e+19
3.45 2.9181465389776667e+19
3.548 2.8728960175646323e+19
3.646 2.8946658503608664e+19
3.744 2.859133752343988e+19
3.842 2.822582169914506e+19
3.94 2.908262672811428e+19
4.038 2.8907358139434205e+19
4.136 2.901788817012692e+19
4.234 2.9059959925239353e+19
4.332000000000001 2.899745546953034e+19
4.43 2.9179291570107003e+19
4.5280000000000005 2.902012958772156e+19
4.626 2.812791628638586e+19
4.724 2.920046468926877e+19
4.822 2.9029861088860713e+19
4.92 2.9272500134465032e+19
5.018 2.8733767971376304e+19
5.1160000000000005 2.934473764655491e+19
5.214 2.9362937008560386e+19
5.312 2.843253103510169e+19
5.41 2.93137948431842e+19
5.508 2.8432492787485606e+19
5.606 2.844986443935483e+19
5.704000000000001 2.8626863689688965e+19
5.8020000000000005 2.8527133501927256e+19
5.9 2.8345352332136157e+19
5.998 2.8420429994402886e+19
6.096 2.8580378112342196e+19
6.194 2.8477043286926467e+19
6.292 2.79204029071322e+19
6.390000000000001 2.7771646756178928e+19
6.488 2.8373079818539004e+19
6.586 2.7549233135897297e+19
6.684 2.8446963757648085e+19
6.782 2.8212062891735544e+19
6.88 2.7829271676123795e+19
6.978000000000001 2.779471650911796e+19
7.0760000000000005 2.8268014858476675e+19
7.174 2.760931939758995e+19
7.272 2.7985106402055496e+19
7.37 2.7707269749989573e+19
7.468 2.7709938206579098e+19
7.566 2.7563044417591e+19
7.664000000000001 2.7208206035910377e+19
7.7620000000000005 2.6789298435923984e+19
7.86 2.7293384974549844e+19
7.958 2.7387291841388003e+19
8.056000000000001 2.730106129112505e+19
8.154 2.6140060227579077e+19
8.252 2.753418124346147e+19
8.350000000000001 2.6900948136065597e+19
8.448 2.6488688511914893e+19
8.546 2.6804160912691393e+19
8.644 2.5782982456814014e+19
8.742 2.6536122301274046e+19
8.84 2.6107398037629317e+19
8.938 2.580919417396115e+19
9.036 2.5785468026744607e+19
9.134 2.6021187091901227e+19
9.232000000000001 2.6325249280697934e+19
9.33 2.6124360162715406e+19
9.428 2.565268570251877e+19
9.526 2.563907798393329e+19
9.624 2.5363211960205115e+19
9.722 2.5174124873569366e+19
9.82 2.5344737627143893e+19
9.918000000000001 2.534887099663567e+19
10.016 2.4798542730503586e+19
10.114 2.4698331458115506e+19
10.212 2.514163922877777e+19
10.31 2.482573898406194e+19
10.408000000000001 2.430121803742545e+19
10.506 2.4131226096260555e+19
10.604000000000001 2.4960638386034295e+19
10.702 2.466872586744135e+19
10.8 2.396891483489678e+19
10.898 2.453908609525376e+19
10.996 2.3652475902128845e+19
11.094000000000001 2.4158730154270028e+19
11.192 2.355752159746978e+19
11.290000000000001 2.3663326474438394e+19
11.388 2.343315832186953e+19
11.486 2.3334448681486086e+19
11.584 2.394901122898514e+19
11.682 2.2918345481324716e+19
11.780000000000001 2.3167928490284966e+19
11.878 2.36173756783527e+19
11.976 2.3678963888574026e+19
12.074 2.300017456469045e+19
12.172 2.313152837684067e+19
12.27 2.271458924263226e+19
12.368 2.2692673853200867e+19
12.466000000000001 2.281629303875864e+19
12.564 2.2543602116606775e+19
12.662 2.2183981110393197e+19
12.76 2.2240505274003833e+19
12.858 2.211098092241451e+19
12.956000000000001 2.265398954371096e+19
13.054 2.2173348151151542e+19
13.152000000000001 2.259298639947877e+19
13.25 2.22126664878193e+19
13.348 2.1346532521738613e+19
13.446 2.1945767030516478e+19
13.544 2.146517892333602e+19
13.642000000000001 2.13362640113459e+19
13.74 2.1817142411429286e+19
13.838000000000001 2.113918106149381e+19
13.936 2.126587495934396e+19
14.034 2.1532975219431096e+19
14.132 2.060156413493041e+19
14.23 2.0886441034951873e+19
14.328000000000001 2.1228830463523734e+19
14.426 2.0971444139372466e+19
14.524000000000001 2.054279018332099e+19
14.622 2.0671726362925298e+19
14.72 2.0454766799665934e+19
14.818000000000001 2.0154219459934605e+19
14.916 1.988723187665716e+19
15.014000000000001 2.00325375446257e+19
15.112 1.963849404241617e+19
15.21 2.023982687237963e+19
15.308 1.9967908243327594e+19
15.406 2.025790599380476e+19
15.504000000000001 1.9922606462577828e+19
15.602 1.9316008986015416e+19
15.700000000000001 1.947614806284667e+19
15.798 1.8877975738452873e+19
15.896 1.9623501074895544e+19
15.994 1.9257594210127864e+19
16.092 1.931527265410827e+19
16.19 1.9132196962328244e+19
16.288 1.8596414745151427e+19
16.386000000000003 1.906192400950796e+19
16.484 1.9239973404564513e+19
16.582 1.8459609318455263e+19
16.68 1.857438029440304e+19
16.778 1.8645302713442456e+19
16.876 1.8499614466655515e+19
16.974 1.8495138217482117e+19
17.072 1.8184901977454447e+19
17.17 1.7934204831899437e+19
17.268 1.7680219754281644e+19
17.366 1.8094955616592955e+19
17.464000000000002 1.8231981579273021e+19
17.562 1.7835243447133696e+19
17.66 1.7060100799103865e+19
17.758 1.7461025726513506e+19
17.856 1.726724145010021e+19
17.954 1.6712622789568795e+19
18.052 1.7434625000041431e+19
18.150000000000002 1.7518098772103346e+19
18.248 1.713685373917074e+19
18.346 1.7612786817924491e+19
18.444 1.6669261551492119e+19
18.542 1.6592558823327678e+19
18.64 1.6699585734230168e+19
18.738 1.7020758066116688e+19
18.836000000000002 1.6504621571746566e+19
18.934 1.6666949110413263e+19
19.032 1.6941470228714578e+19
19.13 1.6417051956235364e+19
19.228 1.5889063621030902e+19
19.326 1.6391990837365613e+19
19.424 1.56748452924636e+19
19.522000000000002 1.5832660078085542e+19
19.62 1.6172134964980218e+19
19.718 1.5731501792431847e+19
19.816000000000003 1.5701287308324714e+19
19.914 1.5904135569491202e+19
20.012 1.5545037036563999e+19
20.11 1.5388523203978344e+19
20.208000000000002 1.569008210256656e+19
20.306 1.545459728179301e+19
20.404 1.5392388940594799e+19
20.502000000000002 1.5434339370454491e+19
20.6 1.489239472273798e+19
20.698 1.503808004165157e+19
20.796 1.5198281563807146e+19
20.894000000000002 1.4910332950950427e+19
20.992 1.4804573778518585e+19
21.09 1.5111575622644306e+19
21.188000000000002 1.5082083344089047e+19
21.286 1.4735322016036495e+19
21.384 1.4388044514852102e+19
21.482 1.4355194004101964e+19
21.580000000000002 1.4320278137549736e+19
21.678 1.4704902893798975e+19
21.776 1.4192576109287369e+19
21.874000000000002 1.4216316592929692e+19
21.972 1.4008692608513149e+19
22.07 1.3924775459438993e+19
22.168 1.4055757532651962e+19
22.266000000000002 1.3742693922978294e+19
22.364 1.3619082650334538e+19
22.462 1.3394380502280206e+19
22.560000000000002 1.3388221041130383e+19
22.658 1.375356502827659e+19
22.756 1.3271871790614026e+19
22.854 1.3647684936909707e+19
22.952 1.3466556794555015e+19
23.05 1.3387618012089205e+19
23.148 1.3300653461870273e+19
23.246000000000002 1.3582740929690518e+19
23.344 1.3300179546626918e+19
23.442 1.3446583162143164e+19
23.54 1.2996433307825926e+19
23.638 1.2587505149673916e+19
23.736 1.2847019858517025e+19
23.834 1.285224133364955e+19
23.932000000000002 1.2980574369228806e+19
24.03 1.2124449875602002e+19
24.128 1.2664521848922145e+19
24.226000000000003 1.2318745249856813e+19
24.324 1.2321440011136207e+19
24.422 1.2177887017662013e+19
24.52 1.2430558313170629e+19
24.618000000000002 1.2220764147437095e+19
24.716 1.1734561959093422e+19
24.814 1.1706330117417376e+19
24.912000000000003 1.1694488659081368e+19
25.01 1.198578825436938e+19
25.108 1.1968361696429146e+19
25.206 1.177123650819607e+19
25.304000000000002 1.195299944636759e+19
25.402 1.1914175406096935e+19
25.5 1.1471999371567909e+19
25.598000000000003 1.1274104716181264e+19
25.696 1.1152870483931847e+19
25.794 1.1076003652346216e+19
25.892 1.1200004810415038e+19
25.990000000000002 1.1218649215412783e+19
26.088 1.094568257638031e+19
26.186 1.0903804845817727e+19
26.284000000000002 1.1146517973010827e+19
26.382 1.0900140278765277e+19
26.48 1.0929945594569755e+19
26.578 1.1015307007015047e+19
26.676000000000002 1.0760142810120606e+19
26.774 1.0682940043579433e+19
26.872 1.0445043017222042e+19
26.970000000000002 1.0509409078936945e+19
27.068 1.073538073064984e+19
27.166 1.056149571295217e+19
27.264 1.0606497338022294e+19
27.362000000000002 1.079939677270912e+19
27.46 1.036576708843535e+19
27.558 1.0472622102129125e+19
27.656000000000002 1.0124800846919879e+19
27.754 1.0086238967979293e+19
27.852 9.795510596689668e+18
27.95 1.027200427018633e+19
28.048000000000002 9.816415055196365e+18
28.146 9.985470391308806e+18
28.244 1.0016863273355848e+19
28.342000000000002 9.720172294848727e+18
28.44 9.530602103623588e+18
28.538 9.556738632535378e+18
28.636000000000003 9.400964858193664e+18
28.734 9.712017660928199e+18
28.832 9.656121656665358e+18
28.93 9.429756269476784e+18
29.028000000000002 8.973138303521965e+18
29.126 9.239856377180672e+18
29.224 9.38931819240586e+18
29.322000000000003 9.559193009256282e+18
29.42 9.051523144377268e+18
29.518 9.184299569908573e+18
29.616 8.965782407512722e+18
29.714000000000002 8.815792922925626e+18
29.812 9.16117161433408e+18
29.91 8.825004283818499e+18
30.008000000000003 9.130864656184796e+18
30.106 8.766761792404469e+18
30.204 8.900924236269618e+18
30.302 8.650177224006132e+18
30.400000000000002 8.821706071587908e+18
30.498 8.766106723626871e+18
30.596 8.497138116658932e+18
30.694000000000003 8.639375134178459e+18
30.792 8.699328928119511e+18
30.89 8.252059110325565e+18
30.988 8.389642403945759e+18
31.086000000000002 8.733271480586519e+18
31.184 8.373301992575489e+18
31.282 8.113105285335879e+18
31.380000000000003 8.346230108970183e+18
31.478 8.366887698064378e+18
31.576 8.088742893140706e+18
31.674 8.272552802484232e+18
31.772000000000002 8.148400341257974e+18
31.87 7.869293670560818e+18
31.968 7.736138151510569e+18
32.066 7.865705602204286e+18
32.164 8.24223889402494e+18
32.262 7.980348965400746e+18
32.36 7.887009516081955e+18
32.458 7.815735507858743e+18
32.556 7.720339529478949e+18
32.653999999999996 7.689839597069739e+18
32.752 7.635180049165221e+18
32.85 7.514560257943369e+18
32.948 7.698375855059331e+18
33.046 7.585274911802314e+18
33.144 7.348757296182461e+18
33.242000000000004 7.332535400756976e+18
33.34 7.423557639659e+18
33.438 7.281858517557005e+18
33.536 7.096655940199418e+18
33.634 7.335222441445116e+18
33.732 7.086365507309311e+18
33.83 7.129598096830535e+18
33.928000000000004 7.164140689622544e+18
34.026 6.868094052005798e+18
34.124 6.832905984999209e+18
34.222 6.90375589693326e+18
34.32 7.052956771672569e+18
34.418 6.827992878793044e+18
34.516 6.621424629520406e+18
34.614000000000004 7.080712388411068e+18
34.712 6.729400484683509e+18
34.81 6.633470096601989e+18
34.908 6.579040851910648e+18
35.006 6.435609489437065e+18
35.104 6.634291450352644e+18
35.202 6.608491489107371e+18
35.300000000000004 6.467437857322983e+18
35.398 6.306159848594935e+18
35.496 6.441226722688906e+18
35.594 6.494806319907111e+18
35.692 6.440257927494047e+18
35.79 6.226713255033284e+18
35.888 6.243539819499588e+18
35.986000000000004 6.245766204684075e+18
36.084 6.046521937379031e+18
36.182 6.307896064644337e+18
36.28 6.079214878558208e+18
36.378 5.876863561156161e+18
36.476 5.996474491234029e+18
36.574 6.067722898091989e+18
36.672000000000004 5.944288825922012e+18
36.77 6.037662181372626e+18
36.868 5.993274635070793e+18
36.966 6.082577025741263e+18
37.064 5.701208851587499e+18
37.162 5.699393414735186e+18
37.26 5.916634205966009e+18
37.358000000000004 5.686633487425521e+18
37.456 5.775056279674563e+18
37.554 5.679474823868944e+18
37.652 5.626170404335177e+18
37.75 5.489104810414217e+18
37.848 5.597839478241556e+18
37.946 5.494025076395623e+18
38.044000000000004 5.602559066287307e+18
38.142 5.561521486855823e+18
38.24 5.349988991732345e+18
38.338 5.658897336925025e+18
38.436 5.228106754402644e+18
38.534 5.553513435296599e+18
38.632000000000005 5.265869229949313e+18
38.730000000000004 5.380558725308807e+18
38.828 5.11092580919209e+18
38.926 5.294837095322184e+18
39.024 5.374849948241326e+18
39.122 5.15079809123231e+18
39.22 5.213726214778813e+18
39.318000000000005 5.144866830200056e+18
39.416000000000004 5.272632002798503e+18
39.514 4.966054768453634e+18
39.612 5.040921660302293e+18
39.71 5.097272714139071e+18
39.808 4.98421951276351e+18
39.906 4.852216801318775e+18
40.004000000000005 5.022470722736452e+18
40.102000000000004 4.678312187803645e+18
40.2 4.887924500827575e+18
40.298 4.808771672351122e+18
40.396 4.716459643889861e+18
40.494 4.734145266046482e+18
40.592 4.727636411186655e+18
40.690000000000005 4.63481185150151e+18
40.788000000000004 4.674203500584558e+18
40.886 4.5157591982495626e+18
40.984 4.574805984621705e+18
41.082 4.53187189458773e+18
41.18 4.494746607700594e+18
41.278 4.53102651694044e+18
41.376000000000005 4.665089451236694e+18
41.474000000000004 4.4128179274519183e+18
41.572 4.5982889224314957e+18
41.67 4.3957476285285724e+18
41.768 4.5625975594769367e+18
41.866 4.3507905098789125e+18
41.964 4.0992159566415846e+18
42.062000000000005 4.470584367190685e+18
42.160000000000004 4.445527500339695e+18
42.258 4.297787047411253e+18
42.356 4.1872119803907164e+18
42.454 4.3069742668098176e+18
42.552 4.3411737986444416e+18
42.65 4.083051613673231e+18
42.748000000000005 4.1180420329305815e+18
42.846000000000004 4.24199926249175e+18
42.944 4.194778101978782e+18
43.042 4.075132161823154e+18
43.14 4.0262933560021176e+18
43.238 4.2052850158087107e+18
43.336 4.063640630957676e+18
43.434000000000005 3.8765815173466107e+18
43.532000000000004 3.876059517104208e+18
43.63 4.0786090849420897e+18
43.728 3.937292668621901e+18
43.826 3.9632781314926423e+18
43.924 3.9513647722418627e+18
44.022 3.8300738295606497e+18
44.120000000000005 3.9226125838557947e+18
44.218 3.925399203673508e+18
44.316 3.881609435818244e+18
44.414 3.698414803747011e+18
44.512 3.763027858569356e+18
44.61 3.598239195484813e+18
44.708 3.5571828714695337e+18
44.806000000000004 3.7218652337081083e+18
44.904 3.835788431953756e+18
45.002 3.7336131519844147e+18
45.1 3.597124758909045e+18
45.198 3.5544479085342833e+18
45.296 3.5842043272033e+18
45.394 3.4232759398668365e+18
45.492000000000004 3.406978084609702e+18
45.59 3.4566905839394176e+18
45.688 3.484705557100244e+18
45.786 3.4898283242145797e+18
45.884 3.350917956957522e+18
45.982 3.4865301814877394e+18
46.08 3.3565465352083185e+18
46.178000000000004 3.3987355659466225e+18
46.276 3.315162800143218e+18
46.374 3.3872804790779546e+18
46.472 3.3592415007146e+18
46.57 3.321461173057098e+18
46.668 3.250563863181776e+18
46.766 3.138205697090983e+18
46.864000000000004 3.1761254119908035e+18
46.962 3.222081568276888e+18
47.06 3.2182956777904916e+18
47.158 3.2661003102461353e+18
47.256 3.1250063614219116e+18
47.354 3.017314284304968e+18
47.452000000000005 3.131952085291855e+18
47.550000000000004 2.998204835977742e+18
47.648 3.052444670813918e+18
47.746 2.886735067789685e+18
47.844 3.103939479773957e+18
47.942 2.9198067822312064e+18
48.04 2.9303894979022966e+18
48.138000000000005 2.9526276606456545e+18
48.236000000000004 2.839723648759243e+18
48.334 2.92442027027979e+18
48.432 3.000475590322081e+18
48.53 2.899857383328721e+18
48.628 2.8430312817029924e+18
48.726 2.776493410986442e+18
48.824000000000005 2.8366042545644815e+18
48.922000000000004 2.8643534916909573e+18
49.02 2.8385382923193876e+18
49.118 2.872204950552633e+18
49.216 2.80634538163176e+18
49.314 2.8155894504201626e+18
49.412 2.66448072684313e+18
49.510000000000005 2.7181054931042463e+18
49.608000000000004 2.777206581010374e+18
49.706 2.7350384280550154e+18
49.804 2.620383015857847e+18
49.902 2.734207874190688e+18
