1.0 3.4884668729149506e+19
1.098 3.5699451366764634e+19
1.196 3.6786120063831937e+19
1.294 3.742993692127815e+19
1.392 3.8828238031835234e+19
1.49 3.9057073586725626e+19
1.588 3.979232314303916e+19
1.686 4.091682653223232e+19
1.784 4.104842242896579e+19
1.8820000000000001 4.2355885453429e+19
1.98 4.238370900348951e+19
2.0780000000000003 4.237542351540336e+19
2.176 4.255735235975808e+19
2.274 4.408893730189212e+19
2.372 4.334603406659701e+19
2.4699999999999998 4.480186266903674e+19
2.568 4.3813934131591954e+19
2.6660000000000004 4.5066227330632016e+19
2.7640000000000002 4.472849761917497e+19
2.862 4.477467908988002e+19
2.96 4.51405286153268e+19
3.0580000000000003 4.481974319463883e+19
3.156 4.595168038269446e+19
3.254 4.545285580352151e+19
3.3520000000000003 4.598651766816731e+19
3.45 4.6153211784040915e+19
3.548 4.651965352401939e+19
3.646 4.590757111089767e+19
3.744 4.619297328920579e+19
3.842 4.7315704894080295e+19
3.94 4.633390659271806e+19
4.038 4.645764304013427e+19
4.136 4.6565456648459305e+19
4.234 4.7205446088160354e+19
4.332000000000001 4.642876602681567e+19
4.43 4.643065520916298e+19
4.5280000000000005 4.643418469968951e+19
4.626 4.646004376315902e+19
4.724 4.779820779888843e+19
4.822 4.6733039053826785e+19
4.92 4.677185304193543e+19
5.018 4.724668010107785e+19
5.1160000000000005 4.700222953459196e+19
5.214 4.666029991816506e+19
5.312 4.6667842819323175e+19
5.41 4.612451473874624e+19
5.508 4.564891594274009e+19
5.606 4.589775895875501e+19
5.704000000000001 4.567042915049064e+19
5.8020000000000005 4.646934588481621e+19
5.9 4.657349754353958e+19
5.998 4.59845810387654e+19
6.096 4.491035688595843e+19
6.194 4.6185578044922675e+19
6.292 4.6187667658058826e+19
6.390000000000001 4.597797826767188e+19
6.488 4.653132130905463e+19
6.586 4.530164373219532e+19
6.684 4.605179795317259e+19
6.782 4.470157970394782e+19
6.88 4.569626196361788e+19
6.978000000000001 4.56935133320881e+19
7.0760000000000005 4.513227692085579e+19
7.174 4.468461500161653e+19
7.272 4.422614512942247e+19
7.37 4.480649296162957e+19
7.468 4.5102410770269946e+19
7.566 4.503004845925523e+19
7.664000000000001 4.38312490092e+19
7.7620000000000005 4.38340538062178e+19
7.86 4.404783264998417e+19
7.958 4.417012446113028e+19
8.056000000000001 4.383162862781402e+19
8.154 4.383012092580654e+19
8.252 4.268104964237843e+19
8.350000000000001 4.320660649192215e+19
8.448 4.297389159871595e+19
8.546 4.384329828559688e+19
8.644 4.299244346554887e+19
8.742 4.280857721225914e+19
8.84 4.365533986920088e+19
8.938 4.289536870375696e+19
9.036 4.226393398760015e+19
9.134 4.2265711786327196e+19
9.232000000000001 4.169509436107455e+19
9.33 4.252811066784811e+19
9.428 4.179679091482256e+19
9.526 4.122841681423866e+19
9.624 4.2132877934613185e+19
9.722 4.139996002616923e+19
9.82 4.163885697887326e+19
9.918000000000001 4.098339347734932e+19
10.016 4.114557633462921e+19
10.114 4.0918780067791225e+19
10.212 4.0920648629226725e+19
10.31 4.122922133803881e+19
10.408000000000001 4.00615995480467e+19
10.506 4.045892534289757e+19
10.604000000000001 4.022224280308263e+19
10.702 3.968688603277642e+19
10.8 4.00342742880867e+19
10.898 3.883558426167523e+19
10.996 3.999472658103325e+19
11.094000000000001 3.915447956745611e+19
11.192 3.8873562300206416e+19
11.290000000000001 3.9180884711610106e+19
11.388 3.893715020586489e+19
11.486 3.9154981602553094e+19
11.584 3.837334268033936e+19
11.682 3.775564606812887e+19
11.780000000000001 3.83495838654106e+19
11.878 3.8363435736808284e+19
11.976 3.8074311053346595e+19
12.074 3.735958358504091e+19
12.172 3.7036769918955545e+19
12.27 3.750571546536421e+19
12.368 3.755760717498221e+19
12.466000000000001 3.689469656176575e+19
12.564 3.732536338135836e+19
12.662 3.723966179031678e+19
12.76 3.638309956784104e+19
12.858 3.66035371553366e+19
12.956000000000001 3.6762476136476824e+19
13.054 3.673636870776166e+19
13.152000000000001 3.6646972304555094e+19
13.25 3.6335783001891693e+19
13.348 3.5884493492312793e+19
13.446 3.599514247147129e+19
13.544 3.574511965364259e+19
13.642000000000001 3.498156630563266e+19
13.74 3.5334799957478277e+19
13.838000000000001 3.5510579953994916e+19
13.936 3.388354890674055e+19
14.034 3.509143133970485e+19
14.132 3.5194509189129736e+19
14.23 3.4696888689714622e+19
14.328000000000001 3.4276522189581742e+19
14.426 3.4400760871020122e+19
14.524000000000001 3.4230997847332803e+19
14.622 3.3088856304788034e+19
14.72 3.3666931880399905e+19
14.818000000000001 3.3387777181989745e+19
14.916 3.296420342273227e+19
15.014000000000001 3.295323613454659e+19
15.112 3.2730709482083946e+19
15.21 3.231159940605122e+19
15.308 3.2800999369886433e+19
15.406 3.167146868258554e+19
15.504000000000001 3.2139337060993163e+19
15.602 3.1816238225989886e+19
15.700000000000001 3.1401379237460886e+19
15.798 3.2075171300121973e+19
15.896 3.1426385117880177e+19
15.994 3.2063394704663966e+19
16.092 3.1518126905578578e+19
16.19 3.1333439136316838e+19
16.288 3.1038583526073168e+19
16.386000000000003 3.1118335126904066e+19
16.484 3.155083937153735e+19
16.582 3.115846482966661e+19
16.68 3.0316749913350627e+19
16.778 2.9999249783882658e+19
16.876 3.040369148771741e+19
16.974 2.9720429387252584e+19
17.072 2.9745126269352743e+19
17.17 2.962313466530164e+19
17.268 2.910111410757116e+19
17.366 3.009302087069355e+19
17.464000000000002 2.9255168018910216e+19
17.562 2.929166091614804e+19
17.66 2.8876337892940616e+19
17.758 2.9351244956085e+19
17.856 2.8839754706290106e+19
17.954 2.777911570839824e+19
18.052 2.788540709564703e+19
18.150000000000002 2.8716577532847415e+19
18.248 2.7867548303044415e+19
18.346 2.8145766800800485e+19
18.444 2.776698935546719e+19
18.542 2.7979709874400748e+19
18.64 2.8138703535122113e+19
18.738 2.768108516256002e+19
18.836000000000002 2.7450886862125646e+19
18.934 2.7398298646067225e+19
19.032 2.6527577247336518e+19
19.13 2.6465801453537436e+19
19.228 2.6662032451852763e+19
19.326 2.716933505317965e+19
19.424 2.6549228093906014e+19
19.522000000000002 2.6193960798760763e+19
19.62 2.5641987736481923e+19
19.718 2.5998712619189514e+19
19.816000000000003 2.598462262271926e+19
19.914 2.596597577329344e+19
20.012 2.5836712919022694e+19
20.11 2.5485582364734214e+19
20.208000000000002 2.582029071271056e+19
20.306 2.554300268836879e+19
20.404 2.5226389070297035e+19
20.502000000000002 2.525500782126043e+19
20.6 2.423472488494572e+19
20.698 2.4711633453075984e+19
20.796 2.4366753860163617e+19
20.894000000000002 2.3891226965747503e+19
20.992 2.3912152959741583e+19
21.09 2.458747093736025e+19
21.188000000000002 2.452226499210083e+19
21.286 2.4260316273707192e+19
21.384 2.3472109729613038e+19
21.482 2.377197373633755e+19
21.580000000000002 2.342392153361741e+19
21.678 2.325141638625283e+19
21.776 2.338164527140903e+19
21.874000000000002 2.336396326904758e+19
21.972 2.354549810104966e+19
22.07 2.3554778326565392e+19
22.168 2.261438690457552e+19
22.266000000000002 2.3027669661990547e+19
22.364 2.2931760598641897e+19
22.462 2.2994925700372234e+19
22.560000000000002 2.1655873117467582e+19
22.658 2.226682955299605e+19
22.756 2.2333915856597033e+19
22.854 2.2039469484751856e+19
22.952 2.1580702958921515e+19
23.05 2.207097093441077e+19
23.148 2.1236102433701122e+19
23.246000000000002 2.158424143461623e+19
23.344 2.1594691278729708e+19
23.442 2.1281121288989135e+19
23.54 2.1265444790570435e+19
23.638 2.0897467945876087e+19
23.736 2.0949044922751496e+19
23.834 2.1263289709442666e+19
23.932000000000002 2.0536356157131706e+19
24.03 2.120494715436691e+19
24.128 2.0622062861900644e+19
24.226000000000003 2.0294105005350683e+19
24.324 2.041860477011149e+19
24.422 2.0399091269286126e+19
24.52 2.005776098518471e+19
24.618000000000002 2.0144505902319006e+19
24.716 2.022294953775688e+19
24.814 1.9758830814469263e+19
24.912000000000003 1.9433933298506564e+19
25.01 2.002385796274843e+19
25.108 1.9488255755859546e+19
25.206 1.9250342029743137e+19
25.304000000000002 1.896903337645175e+19
25.402 1.940096712320827e+19
25.5 1.9018510153615528e+19
25.598000000000003 1.8500489945895887e+19
25.696 1.8816503421536838e+19
25.794 1.9181071678235754e+19
25.892 1.8293842564031705e+19
25.990000000000002 1.8536664639825887e+19
26.088 1.8646831990751035e+19
26.186 1.8268482287216255e+19
26.284000000000002 1.8047009876147204e+19
26.382 1.8004841535833905e+19
26.48 1.8350994594006909e+19
26.578 1.7875005197970788e+19
26.676000000000002 1.7884591341345665e+19
26.774 1.7598044667026362e+19
26.872 1.7433017563254626e+19
26.970000000000002 1.7526613804776372e+19
27.068 1.7497469962223567e+19
27.166 1.731357561051951e+19
27.264 1.7421631216778207e+19
27.362000000000002 1.7343949524517186e+19
27.46 1.7010881951708838e+19
27.558 1.7522287640211403e+19
27.656000000000002 1.719766037707075e+19
27.754 1.6936191112514734e+19
27.852 1.6346027781697167e+19
27.95 1.6187914360310432e+19
28.048000000000002 1.6169999255556286e+19
28.146 1.6241118329998252e+19
28.244 1.6344978215927497e+19
28.342000000000002 1.5876237221890552e+19
28.44 1.5767051071194145e+19
28.538 1.6224012114067993e+19
28.636000000000003 1.6039493641749074e+19
28.734 1.586560374318516e+19
28.832 1.556760831600723e+19
28.93 1.5373432461643426e+19
29.028000000000002 1.5539253862744359e+19
29.126 1.5329893921644884e+19
29.224 1.5642761507886141e+19
29.322000000000003 1.5182793531638831e+19
29.42 1.5284042959881486e+19
29.518 1.4982889381512415e+19
29.616 1.5498271026612607e+19
29.714000000000002 1.499392867380123e+19
29.812 1.4748602815279049e+19
29.91 1.4862457330853681e+19
30.008000000000003 1.480824336571771e+19
30.106 1.4711898032283234e+19
30.204 1.4757621277519702e+19
30.302 1.4856153465610994e+19
30.400000000000002 1.4786845826747513e+19
30.498 1.456185213527904e+19
30.596 1.465791957381258e+19
30.694000000000003 1.4178007195674188e+19
30.792 1.3868282828378327e+19
30.89 1.40328009684775e+19
30.988 1.4098545145596764e+19
31.086000000000002 1.4237384412362512e+19
31.184 1.3545872564305338e+19
31.282 1.3858619235308972e+19
31.380000000000003 1.3574307083953228e+19
31.478 1.3791932007879336e+19
31.576 1.3414778352752245e+19
31.674 1.3622876850443194e+19
31.772000000000002 1.3300300375509015e+19
31.87 1.352075860896711e+19
31.968 1.3206943958016582e+19
32.066 1.3179176319093643e+19
32.164 1.2803564334419954e+19
32.262 1.3053604006181155e+19
32.36 1.31181707514362e+19
32.458 1.2736141695494808e+19
32.556 1.2881903095488575e+19
32.653999999999996 1.2317859990968564e+19
32.752 1.2311105674613778e+19
32.85 1.2432554076850784e+19
32.948 1.2633109659696306e+19
33.046 1.2488333317218302e+19
33.144 1.1898063219342023e+19
33.242000000000004 1.1990256857632473e+19
33.34 1.2191227470245315e+19
33.438 1.2323710469914704e+19
33.536 1.2141252912827034e+19
33.634 1.1885797091594285e+19
33.732 1.1679913001429606e+19
33.83 1.1372046797367896e+19
33.928000000000004 1.1549057145540835e+19
34.026 1.1702199551817335e+19
34.124 1.1779264204945328e+19
34.222 1.1536260645140038e+19
34.32 1.153965522236412e+19
34.418 1.1265793993656748e+19
34.516 1.1021684040147603e+19
34.614000000000004 1.1269907643073047e+19
34.712 1.1159153612580846e+19
34.81 1.1365550600428376e+19
34.908 1.1030151673179146e+19
35.006 1.0890214604241988e+19
35.104 1.106042177913e+19
35.202 1.0496107045034916e+19
35.300000000000004 1.0906408540097415e+19
35.398 1.1120043246186752e+19
35.496 1.0941672180399434e+19
35.594 1.0479346988869065e+19
35.692 1.0393727527742317e+19
35.79 1.0603693926584885e+19
35.888 1.052519114794269e+19
35.986000000000004 1.017949178036768e+19
36.084 1.0446588138338327e+19
36.182 1.0702859512333124e+19
36.28 1.0428684352676502e+19
36.378 1.012057971887908e+19
36.476 9.887609093665055e+18
36.574 9.840642123717446e+18
36.672000000000004 9.89300219153431e+18
36.77 9.90543724108257e+18
36.868 9.830509721022747e+18
36.966 9.714284623100914e+18
37.064 9.630357757183678e+18
37.162 9.709292508405926e+18
37.26 9.738951672733792e+18
37.358000000000004 9.490861699554402e+18
37.456 9.557871352256106e+18
37.554 9.466529983581364e+18
37.652 9.245716096073544e+18
37.75 9.53159879341926e+18
37.848 9.206484313545143e+18
37.946 9.5356468455706e+18
38.044000000000004 9.152382878250365e+18
38.142 8.961707840682567e+18
38.24 9.039579124341071e+18
38.338 8.946785238663376e+18
38.436 8.767540931468903e+18
38.534 8.920033823384363e+18
38.632000000000005 8.611365929065445e+18
38.730000000000004 8.931614741452814e+18
38.828 8.499491256671998e+18
38.926 8.913301706133927e+18
39.024 8.696029145078791e+18
39.122 8.444860622322743e+18
39.22 8.633346368195985e+18
39.318000000000005 8.630413960221322e+18
39.416000000000004 8.331423799552317e+18
39.514 8.614136553896961e+18
39.612 8.28143636203436e+18
39.71 8.060319584813994e+18
39.808 8.4067510845834e+18
39.906 7.941468562876806e+18
40.004000000000005 8.313385683009527e+18
40.102000000000004 8.117826341492892e+18
40.2 8.045287911816832e+18
40.298 8.053612108524113e+18
40.396 8.018512506480865e+18
40.494 8.114041194252158e+18
40.592 7.737047170242771e+18
40.690000000000005 7.81883582213444e+18
40.788000000000004 7.773325832236414e+18
40.886 7.7364826672545e+18
40.984 7.57672810768746e+18
41.082 7.674928132315762e+18
41.18 7.417452409442574e+18
41.278 7.670093269061926e+18
41.376000000000005 7.504044704643288e+18
41.474000000000004 7.478718026603045e+18
41.572 7.648857224835952e+18
41.67 7.569091859871967e+18
41.768 7.407010613339721e+18
41.866 7.29167260795193e+18
41.964 7.003398162335015e+18
42.062000000000005 7.036651467569439e+18
42.160000000000004 7.161160060568298e+18
42.258 7.171645601107801e+18
42.356 7.00473516494487e+18
42.454 7.002997805847517e+18
42.552 7.018669129030406e+18
42.65 6.86463976130163e+18
42.748000000000005 6.877982998536026e+18
42.846000000000004 6.924678533145397e+18
42.944 6.841932354037016e+18
43.042 6.748362408415196e+18
43.14 6.495073423570169e+18
43.238 6.598258020861159e+18
43.336 6.558648657866154e+18
43.434000000000005 6.456477142872662e+18
43.532000000000004 6.448413738945558e+18
43.63 6.576914979044918e+18
43.728 6.471875785579653e+18
43.826 6.62029599401577e+18
43.924 6.449611233179853e+18
44.022 6.29722661809888e+18
44.120000000000005 6.40540209389749e+18
44.218 6.369011975777818e+18
44.316 6.276928662481467e+18
44.414 6.288062775598588e+18
44.512 6.132543445918992e+18
44.61 6.214537615264852e+18
44.708 6.038032179690907e+18
44.806000000000004 5.947919729082059e+18
44.904 5.983425399017774e+18
45.002 6.052811312605945e+18
45.1 6.097302659665823e+18
45.198 5.872133982924526e+18
45.296 5.580623074667242e+18
45.394 5.823024436986813e+18
45.492000000000004 5.77766486945165e+18
45.59 5.912639746956204e+18
45.688 5.841976859412263e+18
45.786 5.836502337885561e+18
45.884 5.727651333566099e+18
45.982 5.536143584114257e+18
46.08 5.534959094067916e+18
46.178000000000004 5.57425742977709e+18
46.276 5.604676307426852e+18
46.374 5.475536735682693e+18
46.472 5.587336257840155e+18
46.57 5.354846516089427e+18
46.668 5.455473195001931e+18
46.766 5.473947135470873e+18
46.864000000000004 5.356373758002179e+18
46.962 5.394769056095561e+18
47.06 5.350807753170769e+18
47.158 5.126073785440975e+18
47.256 5.240459518038353e+18
47.354 5.087516065076198e+18
47.452000000000005 5.253998999307366e+18
47.550000000000004 5.112661638941269e+18
47.648 5.129608398861802e+18
47.746 5.004363402812985e+18
47.844 5.01067716761208e+18
47.942 5.12718689306112e+18
48.04 4.943810001741814e+18
48.138000000000005 5.001984151058552e+18
48.236000000000004 4.923307836824219e+18
48.334 4.883693885994624e+18
48.432 4.986858057352266e+18
48.53 4.744251088954985e+18
48.628 4.759356939434721e+18
48.726 4.822356175053289e+18
48.824000000000005 4.728529205862779e+18
48.922000000000004 4.644866176371547e+18
49.02 4.790731688940005e+18
49.118 4.703979979354401e+18
49.216 4.5596846231132815e+18
49.314 4.714086709611259e+18
49.412 4.356100475484995e+18
49.510000000000005 4.5173834760273956e+18
49.608000000000004 4.440382281251667e+18
49.706 4.6128277820816e+18
49.804 4.436720290833814e+18
49.902 4.33946287288148e+18
