1.0 9.699486481433088e+18
1.098 9.94165916467072e+18
1.196 1.0364712702318944e+19
1.294 1.135810777945336e+19
1.392 1.1989427298811605e+19
1.49 1.2003147664682293e+19
1.588 1.2750158930998585e+19
1.686 1.3058496934559605e+19
1.784 1.3216677203232156e+19
1.8820000000000001 1.4037833287385473e+19
1.98 1.4477137868274743e+19
2.0780000000000003 1.502155702605898e+19
2.176 1.4981809711475145e+19
2.274 1.5967093066451745e+19
2.372 1.5376878328236761e+19
2.4699999999999998 1.6495838796556218e+19
2.568 1.6339773706242185e+19
2.6660000000000004 1.7310048721722298e+19
2.7640000000000002 1.7310245254003622e+19
2.862 1.7376694677722298e+19
2.96 1.8072544643238318e+19
3.0580000000000003 1.7958637267580772e+19
3.156 1.857197925393141e+19
3.254 1.8604896247616045e+19
3.3520000000000003 1.927294553574601e+19
3.45 1.914130942365211e+19
3.548 1.9839190782454723e+19
3.646 1.972938501835313e+19
3.744 1.953783417031769e+19
3.842 2.064006114030557e+19
3.94 2.013626330500146e+19
4.038 2.0773080202319802e+19
4.136 2.0827646060246716e+19
4.234 2.1069209484567347e+19
4.332000000000001 2.1044601793220817e+19
4.43 2.1011824285718127e+19
4.5280000000000005 2.1213796411967496e+19
4.626 2.1617194359921435e+19
4.724 2.2466466635436794e+19
4.822 2.2394489605752893e+19
4.92 2.261045918791742e+19
5.018 2.2716628836938047e+19
5.1160000000000005 2.2610465310232502e+19
5.214 2.2610644829300183e+19
5.312 2.2697150995651506e+19
5.41 2.3028343500883714e+19
5.508 2.2901560709216023e+19
5.606 2.3337692542500655e+19
5.704000000000001 2.3207498927704412e+19
5.8020000000000005 2.345321656512415e+19
5.9 2.401392715486351e+19
5.998 2.3580910887124693e+19
6.096 2.2981039945823007e+19
6.194 2.404191416866693e+19
6.292 2.433019845661476e+19
6.390000000000001 2.4131757333718954e+19
6.488 2.494156638239433e+19
6.586 2.447199947287159e+19
6.684 2.4755611981884293e+19
6.782 2.407409629999207e+19
6.88 2.458363995307738e+19
6.978000000000001 2.4847065552976626e+19
7.0760000000000005 2.4582841631030157e+19
7.174 2.448858917042989e+19
7.272 2.4136257081133883e+19
7.37 2.514501603117088e+19
7.468 2.5408800123095142e+19
7.566 2.516092883957197e+19
7.664000000000001 2.531257523759061e+19
7.7620000000000005 2.469866710172606e+19
7.86 2.503037002401977e+19
7.958 2.5302880469985542e+19
8.056000000000001 2.5055565635617227e+19
8.154 2.4947987283204764e+19
8.252 2.475527644995643e+19
8.350000000000001 2.501352099225658e+19
8.448 2.4602626844617077e+19
8.546 2.586748627783847e+19
8.644 2.5208504359923073e+19
8.742 2.4883374365408317e+19
8.84 2.6141143305377346e+19
8.938 2.5470226977134248e+19
9.036 2.5465832534222606e+19
9.134 2.553692699974529e+19
9.232000000000001 2.504157983084705e+19
9.33 2.5619257696142787e+19
9.428 2.503404372243907e+19
9.526 2.492046781329232e+19
9.624 2.5691964103475773e+19
9.722 2.5330616140727644e+19
9.82 2.527618447886988e+19
9.918000000000001 2.5213052445699777e+19
10.016 2.5344535663579423e+19
10.114 2.533214581636751e+19
10.212 2.542952134365821e+19
10.31 2.60105799664097e+19
10.408000000000001 2.4971914314288255e+19
10.506 2.568614194420842e+19
10.604000000000001 2.580517807344303e+19
10.702 2.533685337676849e+19
10.8 2.592311350697657e+19
10.898 2.4642645600939405e+19
10.996 2.547118381794565e+19
11.094000000000001 2.5255493963540206e+19
11.192 2.501341995418626e+19
11.290000000000001 2.541111932786818e+19
11.388 2.489596971403251e+19
11.486 2.5322408410555187e+19
11.584 2.5332539521356562e+19
11.682 2.453258625341852e+19
11.780000000000001 2.5152974709810078e+19
11.878 2.506604792129931e+19
11.976 2.474822835442592e+19
12.074 2.4608937299924193e+19
12.172 2.4675866439211545e+19
12.27 2.482191910417185e+19
12.368 2.5002135187187266e+19
12.466000000000001 2.4139179030336115e+19
12.564 2.50786953586633e+19
12.662 2.480673184895633e+19
12.76 2.4164238117956796e+19
12.858 2.4816272939797914e+19
12.956000000000001 2.4458795348173308e+19
13.054 2.473907639616658e+19
13.152000000000001 2.5239567532164993e+19
13.25 2.4988014418686255e+19
13.348 2.4600929643411743e+19
13.446 2.4677009652223582e+19
13.544 2.4213761219229266e+19
13.642000000000001 2.4002957230255337e+19
13.74 2.432276280945651e+19
13.838000000000001 2.46007573888273e+19
13.936 2.336941803297416e+19
14.034 2.4410081978440802e+19
14.132 2.4149902648163308e+19
14.23 2.365793499277082e+19
14.328000000000001 2.366528186322792e+19
14.426 2.360709917475744e+19
14.524000000000001 2.3951923720343085e+19
14.622 2.3303052266849665e+19
14.72 2.348919188547142e+19
14.818000000000001 2.3154495063843647e+19
14.916 2.287082361008065e+19
15.014000000000001 2.3226260248081084e+19
15.112 2.3036842078133916e+19
15.21 2.291566522476495e+19
15.308 2.3423511452949234e+19
15.406 2.2090502633464967e+19
15.504000000000001 2.2906840564433916e+19
15.602 2.2391796568695304e+19
15.700000000000001 2.2029041886056382e+19
15.798 2.275018728989567e+19
15.896 2.216253172424106e+19
15.994 2.3001846247676174e+19
16.092 2.2609667003913196e+19
16.19 2.261949705389266e+19
16.288 2.2217599784605364e+19
16.386000000000003 2.222937373884199e+19
16.484 2.2614405148905288e+19
16.582 2.2603446500168843e+19
16.68 2.1884019519273214e+19
16.778 2.1795205860817297e+19
16.876 2.198188674646357e+19
16.974 2.1508573117340647e+19
17.072 2.1614446488347734e+19
17.17 2.1567413444292096e+19
17.268 2.1128308412797014e+19
17.366 2.2257279122628817e+19
17.464000000000002 2.1326599299709366e+19
17.562 2.15214825567449e+19
17.66 2.122375913664126e+19
17.758 2.1543620283697684e+19
17.856 2.099534362023317e+19
17.954 2.0468055041763275e+19
18.052 2.063238554744592e+19
18.150000000000002 2.1355744153437344e+19
18.248 2.0793487061179048e+19
18.346 2.050765404472333e+19
18.444 2.0460550116113687e+19
18.542 2.070659679867353e+19
18.64 2.074118835150483e+19
18.738 2.05446600074072e+19
18.836000000000002 2.0074495906705347e+19
18.934 2.0373781712958677e+19
19.032 1.9482861311946228e+19
19.13 1.9829920532837745e+19
19.228 2.0094162430601716e+19
19.326 2.082295521918001e+19
19.424 1.9945995945992663e+19
19.522000000000002 1.950345517201997e+19
19.62 1.9366391021562864e+19
19.718 1.934251724208271e+19
19.816000000000003 1.945800865871795e+19
19.914 1.9738378542280565e+19
20.012 1.9441120530572206e+19
20.11 1.9306045635945415e+19
20.208000000000002 1.9504693658480153e+19
20.306 1.9287267899616063e+19
20.404 1.8970691696608465e+19
20.502000000000002 1.9283222030170833e+19
20.6 1.8381038758372092e+19
20.698 1.8812115616297718e+19
20.796 1.8519535091269788e+19
20.894000000000002 1.815759532337873e+19
20.992 1.8114277231351644e+19
21.09 1.895537268354411e+19
21.188000000000002 1.8663296012271415e+19
21.286 1.859091210779097e+19
21.384 1.7978799991603206e+19
21.482 1.7957499227660444e+19
21.580000000000002 1.7989956949780867e+19
21.678 1.7823771719459768e+19
21.776 1.7955957778867624e+19
21.874000000000002 1.8069041354460631e+19
21.972 1.8179188294148207e+19
22.07 1.8148119277180672e+19
22.168 1.7414563196470184e+19
22.266000000000002 1.7816761275396753e+19
22.364 1.7897213791760986e+19
22.462 1.7821255691160863e+19
22.560000000000002 1.6805915655967375e+19
22.658 1.7336684449674054e+19
22.756 1.7305473754671757e+19
22.854 1.7122261234476124e+19
22.952 1.6594890312017517e+19
23.05 1.725993466115326e+19
23.148 1.65407761463117e+19
23.246000000000002 1.6585869097129337e+19
23.344 1.6749344889479823e+19
23.442 1.6453843467357108e+19
23.54 1.663146192467338e+19
23.638 1.6287646625452288e+19
23.736 1.622947453336585e+19
23.834 1.6800558630958332e+19
23.932000000000002 1.6110064325011216e+19
24.03 1.6707959630603583e+19
24.128 1.6348606342083095e+19
24.226000000000003 1.594651399741121e+19
24.324 1.5977282337274659e+19
24.422 1.6060867606034555e+19
24.52 1.5768627084497377e+19
24.618000000000002 1.5966474052292356e+19
24.716 1.6049573116654246e+19
24.814 1.5410215459641268e+19
24.912000000000003 1.5282161249795426e+19
25.01 1.5947239098168721e+19
25.108 1.5473089846177372e+19
25.206 1.5126598181192174e+19
25.304000000000002 1.5034971337055433e+19
25.402 1.5500066294978685e+19
25.5 1.5093886374355302e+19
25.598000000000003 1.4604350768064645e+19
25.696 1.4919425163116194e+19
25.794 1.4996523380753295e+19
25.892 1.4704229426750257e+19
25.990000000000002 1.4767692872525453e+19
26.088 1.464270006428646e+19
26.186 1.449098654361477e+19
26.284000000000002 1.4413499576200063e+19
26.382 1.4433346960508901e+19
26.48 1.4688737574651711e+19
26.578 1.4208877562478627e+19
26.676000000000002 1.4339743974366753e+19
26.774 1.3938244976951177e+19
26.872 1.3955174223804932e+19
26.970000000000002 1.4096211749114903e+19
27.068 1.3994315722456764e+19
27.166 1.3917143478100394e+19
27.264 1.3953765020300984e+19
27.362000000000002 1.3808373236681046e+19
27.46 1.3514063585802318e+19
27.558 1.41887853820053e+19
27.656000000000002 1.3797301988490258e+19
27.754 1.3591377807090608e+19
27.852 1.3096244184137564e+19
27.95 1.3000675425315576e+19
28.048000000000002 1.3050222004073642e+19
28.146 1.2995856314064034e+19
28.244 1.3032432204403931e+19
28.342000000000002 1.2802930257658294e+19
28.44 1.2681037260520163e+19
28.538 1.310713595009632e+19
28.636000000000003 1.300455505894922e+19
28.734 1.2791011858743986e+19
28.832 1.2672291838413378e+19
28.93 1.2271403740639382e+19
29.028000000000002 1.2647317441847941e+19
29.126 1.2409666390647282e+19
29.224 1.2710541043870958e+19
29.322000000000003 1.2422464740614105e+19
29.42 1.2359997491220677e+19
29.518 1.2086282950625196e+19
29.616 1.2663769901660355e+19
29.714000000000002 1.2143968313552548e+19
29.812 1.1918170882355755e+19
29.91 1.2006383284047116e+19
30.008000000000003 1.2075529307147567e+19
30.106 1.1968848534115652e+19
30.204 1.2108073018990062e+19
30.302 1.2051131052040856e+19
30.400000000000002 1.2101334781848904e+19
30.498 1.1962609055608426e+19
30.596 1.195205748667949e+19
30.694000000000003 1.1625766512780933e+19
30.792 1.1473582223815594e+19
30.89 1.1357078478422364e+19
30.988 1.1571351959090035e+19
31.086000000000002 1.161625809540354e+19
31.184 1.0919432184170877e+19
31.282 1.144645589669658e+19
31.380000000000003 1.1042478588492653e+19
31.478 1.1318532908205656e+19
31.576 1.0997275672790448e+19
31.674 1.1266802131038706e+19
31.772000000000002 1.0852995316931295e+19
31.87 1.1062490300731912e+19
31.968 1.0689467106858136e+19
32.066 1.0911205447162167e+19
32.164 1.0395277524637878e+19
32.262 1.0641567637730703e+19
32.36 1.0761769829149358e+19
32.458 1.0443658852179618e+19
32.556 1.047509916410059e+19
32.653999999999996 1.0125724803037897e+19
32.752 1.0129234343921955e+19
32.85 1.0321228984117938e+19
32.948 1.0392094248609726e+19
33.046 1.0266810399351e+19
33.144 9.717687651370213e+18
33.242000000000004 9.805113314873655e+18
33.34 1.0102014674718704e+19
33.438 1.0206840036193841e+19
33.536 9.99244641160375e+18
33.634 9.759059125203421e+18
33.732 9.61561392481932e+18
33.83 9.335905257769026e+18
33.928000000000004 9.49581156825052e+18
34.026 9.68151099253092e+18
34.124 9.761130481129105e+18
34.222 9.62290764207631e+18
34.32 9.582035862871194e+18
34.418 9.334463141607746e+18
34.516 9.194902898318663e+18
34.614000000000004 9.3326217819632e+18
34.712 9.29813958372486e+18
34.81 9.51088515872793e+18
34.908 9.114294782307761e+18
35.006 9.058331869418057e+18
35.104 9.205388302908675e+18
35.202 8.72747681623075e+18
35.300000000000004 9.109523063814706e+18
35.398 9.277528148447355e+18
35.496 9.11618340539008e+18
35.594 8.747102671584047e+18
35.692 8.651496500418408e+18
35.79 8.888324832774284e+18
35.888 8.70467482333248e+18
35.986000000000004 8.466621278596111e+18
36.084 8.752230204124731e+18
36.182 8.961585776427885e+18
36.28 8.69689278089013e+18
36.378 8.321010083750631e+18
36.476 8.255798099546751e+18
36.574 8.140685853172745e+18
36.672000000000004 8.273683728229882e+18
36.77 8.256019291618207e+18
36.868 8.219651699493701e+18
36.966 8.121422643087278e+18
37.064 8.038821656482185e+18
37.162 8.123219780744355e+18
37.26 8.18157698534004e+18
37.358000000000004 7.812541808706443e+18
37.456 8.048611019369713e+18
37.554 7.897010416541602e+18
37.652 7.724779250963333e+18
37.75 7.978486291600457e+18
37.848 7.563752128139302e+18
37.946 8.065663617414209e+18
38.044000000000004 7.684214449294814e+18
38.142 7.421261865241829e+18
38.24 7.479026588257237e+18
38.338 7.44814120674378e+18
38.436 7.394871621821623e+18
38.534 7.455593262155639e+18
38.632000000000005 7.255692238935498e+18
38.730000000000004 7.478759903828443e+18
38.828 7.206365947478728e+18
38.926 7.470290349986363e+18
39.024 7.290635024714637e+18
39.122 7.069958158673041e+18
39.22 7.211565616154e+18
39.318000000000005 7.182453486359198e+18
39.416000000000004 7.016175561857147e+18
39.514 7.142080862734608e+18
39.612 6.968395102561653e+18
39.71 6.747867897920171e+18
39.808 7.051478407111346e+18
39.906 6.742363008864039e+18
40.004000000000005 7.000987209976132e+18
40.102000000000004 6.812304407321948e+18
40.2 6.689530201210252e+18
40.298 6.706534961742169e+18
40.396 6.751396777442852e+18
40.494 6.865936678231252e+18
40.592 6.484019630981277e+18
40.690000000000005 6.535614199420947e+18
40.788000000000004 6.554988581777927e+18
40.886 6.609512069309058e+18
40.984 6.380101258616236e+18
41.082 6.481910130417871e+18
41.18 6.280201872781883e+18
41.278 6.432311923662584e+18
41.376000000000005 6.41295995297116e+18
41.474000000000004 6.261036429849939e+18
41.572 6.388634163303322e+18
41.67 6.355498632082169e+18
41.768 6.270279999416288e+18
41.866 6.155275568960294e+18
41.964 5.936848438445811e+18
42.062000000000005 5.963465050623251e+18
42.160000000000004 6.049616779992316e+18
42.258 6.0390422201492e+18
42.356 5.901234248629954e+18
42.454 5.860915168191038e+18
42.552 5.851409961582123e+18
42.65 5.786392325152391e+18
42.748000000000005 5.793944700532789e+18
42.846000000000004 5.900600259140044e+18
42.944 5.739954006440554e+18
43.042 5.674593678111771e+18
43.14 5.503327455290893e+18
43.238 5.573178139306875e+18
43.336 5.554183698464072e+18
43.434000000000005 5.46165331990554e+18
43.532000000000004 5.491154753783502e+18
43.63 5.567352124464715e+18
43.728 5.49035644153911e+18
43.826 5.553030208111071e+18
43.924 5.412675201996036e+18
44.022 5.308942940646568e+18
44.120000000000005 5.438306184487195e+18
44.218 5.415930456265001e+18
44.316 5.356417608298626e+18
44.414 5.285438398552013e+18
44.512 5.124916407465981e+18
44.61 5.255005016935081e+18
44.708 5.156755780791869e+18
44.806000000000004 5.061959562082402e+18
44.904 5.098173824284074e+18
45.002 5.124037482075961e+18
45.1 5.151833889102078e+18
45.198 4.937629723393148e+18
45.296 4.711409136964574e+18
45.394 4.913035329368302e+18
45.492000000000004 4.904472150651892e+18
45.59 5.046580213887532e+18
45.688 4.92943747982977e+18
45.786 4.932305064725974e+18
45.884 4.849438271610498e+18
45.982 4.694447453502111e+18
46.08 4.661113682306454e+18
46.178000000000004 4.720911155229184e+18
46.276 4.715449620254023e+18
46.374 4.704618565820083e+18
46.472 4.750339613928604e+18
46.57 4.535737081267093e+18
46.668 4.608765571234456e+18
46.766 4.681828566968289e+18
46.864000000000004 4.56616139127563e+18
46.962 4.648176366800541e+18
47.06 4.550546631511923e+18
47.158 4.3597199300232765e+18
47.256 4.473190274966029e+18
47.354 4.2880500374844293e+18
47.452000000000005 4.449043133077358e+18
47.550000000000004 4.3574556355877837e+18
47.648 4.364511775444872e+18
47.746 4.2672924465767767e+18
47.844 4.256423797344692e+18
47.942 4.3396798134411494e+18
48.04 4.188447668545369e+18
48.138000000000005 4.2808978042052506e+18
48.236000000000004 4.164869608674557e+18
48.334 4.15273766802694e+18
48.432 4.2850147036187356e+18
48.53 3.9989204299970324e+18
48.628 4.057201256268457e+18
48.726 4.0950283206940334e+18
48.824000000000005 4.0637458530087803e+18
48.922000000000004 3.9071767383406853e+18
49.02 4.0882835624820644e+18
49.118 4.012917341472859e+18
49.216 3.923654464990762e+18
49.314 4.0443794072239196e+18
49.412 3.7418303712540186e+18
49.510000000000005 3.889706891210953e+18
49.608000000000004 3.735345976446005e+18
49.706 3.9457752872959514e+18
49.804 3.772603156392814e+18
49.902 3.7176696397652137e+18
