1000	1.10E+13
1100	1.17E+13
1200	1.23E+13
1300	1.30E+13
1400	1.36E+13
1500	1.42E+13
1600	1.47E+13
1700	1.53E+13
1800	1.58E+13
1900	1.63E+13
2000	1.68E+13
2100	1.73E+13
2200	1.77E+13
2300	1.82E+13
2400	1.86E+13
2500	1.90E+13
2600	1.94E+13
2700	1.98E+13
2800	2.02E+13
2900	2.05E+13
3000	2.09E+13
3100	2.12E+13
3200	2.15E+13
3300	2.19E+13
3400	2.22E+13
3500	2.25E+13
3600	2.28E+13
3700	2.31E+13
3800	2.33E+13
3900	2.36E+13
4000	2.38E+13
4100	2.41E+13
4200	2.43E+13
4300	2.46E+13
4400	2.48E+13
4500	2.50E+13
4600	2.52E+13
4700	2.54E+13
4800	2.56E+13
4900	2.58E+13
5000	2.60E+13
5100	2.61E+13
5200	2.63E+13
5300	2.65E+13
5400	2.66E+13
5500	2.68E+13
5600	2.69E+13
5700	2.70E+13
5800	2.72E+13
5900	2.73E+13
6000	2.74E+13
6100	2.75E+13
6200	2.76E+13
6300	2.78E+13
6400	2.79E+13
6500	2.79E+13
6600	2.80E+13
6700	2.81E+13
6800	2.82E+13
6900	2.83E+13
7000	2.84E+13
7100	2.84E+13
7200	2.85E+13
7300	2.85E+13
7400	2.86E+13
7500	2.87E+13
7600	2.87E+13
7700	2.87E+13
7800	2.88E+13
7900	2.88E+13
8000	2.89E+13
8100	2.89E+13
8200	2.89E+13
8300	2.89E+13
8400	2.90E+13
8500	2.90E+13
8600	2.90E+13
8700	2.90E+13
8800	2.90E+13
8900	2.90E+13
9000	2.90E+13
9100	2.90E+13
9200	2.90E+13
9300	2.90E+13
9400	2.90E+13
9500	2.90E+13
9600	2.90E+13
9700	2.90E+13
9800	2.90E+13
9900	2.89E+13
10000	2.89E+13
10100	2.89E+13
10200	2.89E+13
10300	2.88E+13
10400	2.88E+13
10500	2.88E+13
10600	2.87E+13
10700	2.87E+13
10800	2.87E+13
10900	2.86E+13
11000	2.86E+13
11100	2.85E+13
11200	2.85E+13
11300	2.84E+13
11400	2.84E+13
11500	2.84E+13
11600	2.83E+13
11700	2.82E+13
11800	2.82E+13
11900	2.81E+13
12000	2.81E+13
12100	2.80E+13
12200	2.80E+13
12300	2.79E+13
12400	2.78E+13
12500	2.78E+13
12600	2.77E+13
12700	2.76E+13
12800	2.76E+13
12900	2.75E+13
13000	2.74E+13
13100	2.74E+13
13200	2.73E+13
13300	2.72E+13
13400	2.72E+13
13500	2.71E+13
13600	2.70E+13
13700	2.69E+13
13800	2.68E+13
13900	2.68E+13
14000	2.67E+13
14100	2.66E+13
14200	2.65E+13
14300	2.65E+13
14400	2.64E+13
14500	2.63E+13
14600	2.62E+13
14700	2.61E+13
14800	2.60E+13
14900	2.60E+13
15000	2.59E+13
15100	2.58E+13
15200	2.57E+13
15300	2.56E+13
15400	2.55E+13
15500	2.54E+13
15600	2.53E+13
15700	2.53E+13
15800	2.52E+13
15900	2.51E+13
16000	2.50E+13
16100	2.49E+13
16200	2.48E+13
16300	2.47E+13
16400	2.46E+13
16500	2.45E+13
16600	2.44E+13
16700	2.43E+13
16800	2.42E+13
16900	2.42E+13
17000	2.41E+13
17100	2.40E+13
17200	2.39E+13
17300	2.38E+13
17400	2.37E+13
17500	2.36E+13
17600	2.35E+13
17700	2.34E+13
17800	2.33E+13
17900	2.32E+13
18000	2.31E+13
18100	2.30E+13
18200	2.29E+13
18300	2.28E+13
18400	2.27E+13
18500	2.26E+13
18600	2.25E+13
18700	2.24E+13
18800	2.23E+13
18900	2.22E+13
19000	2.21E+13
19100	2.21E+13
19200	2.20E+13
19300	2.19E+13
19400	2.18E+13
19500	2.17E+13
19600	2.16E+13
19700	2.15E+13
19800	2.14E+13
19900	2.13E+13
20000	2.12E+13
20100	2.11E+13
20200	2.10E+13
20300	2.09E+13
20400	2.08E+13
20500	2.07E+13
20600	2.06E+13
20700	2.05E+13
20800	2.04E+13
20900	2.03E+13
21000	2.02E+13
21100	2.01E+13
21200	2.00E+13
21300	1.99E+13
21400	1.98E+13
21500	1.98E+13
21600	1.97E+13
21700	1.96E+13
21800	1.95E+13
21900	1.94E+13
22000	1.93E+13
22100	1.92E+13
22200	1.91E+13
22300	1.90E+13
22400	1.89E+13
22500	1.88E+13
22600	1.87E+13
22700	1.86E+13
22800	1.85E+13
22900	1.84E+13
23000	1.84E+13
23100	1.83E+13
23200	1.82E+13
23300	1.81E+13
23400	1.80E+13
23500	1.79E+13
23600	1.78E+13
23700	1.77E+13
23800	1.76E+13
23900	1.75E+13
24000	1.74E+13
24100	1.74E+13
24200	1.73E+13
24300	1.72E+13
24400	1.71E+13
24500	1.70E+13
24600	1.69E+13
24700	1.68E+13
24800	1.67E+13
24900	1.67E+13
25000	1.66E+13
25100	1.65E+13
25200	1.64E+13
25300	1.63E+13
25400	1.62E+13
25500	1.61E+13
25600	1.61E+13
25700	1.60E+13
25800	1.59E+13
25900	1.58E+13
26000	1.57E+13
26100	1.56E+13
26200	1.55E+13
26300	1.55E+13
26400	1.54E+13
26500	1.53E+13
26600	1.52E+13
26700	1.51E+13
26800	1.51E+13
26900	1.50E+13
27000	1.49E+13
27100	1.48E+13
27200	1.47E+13
27300	1.46E+13
27400	1.46E+13
27500	1.45E+13
27600	1.44E+13
27700	1.43E+13
27800	1.43E+13
27900	1.42E+13
28000	1.41E+13
28100	1.40E+13
28200	1.39E+13
28300	1.39E+13
28400	1.38E+13
28500	1.37E+13
28600	1.36E+13
28700	1.36E+13
28800	1.35E+13
28900	1.34E+13
29000	1.33E+13
29100	1.33E+13
29200	1.32E+13
29300	1.31E+13
29400	1.30E+13
29500	1.30E+13
29600	1.29E+13
29700	1.28E+13
29800	1.27E+13
29900	1.27E+13
30000	1.26E+13
30100	1.25E+13
30200	1.25E+13
30300	1.24E+13
30400	1.23E+13
30500	1.22E+13
30600	1.22E+13
30700	1.21E+13
30800	1.20E+13
30900	1.20E+13
31000	1.19E+13
31100	1.18E+13
31200	1.18E+13
31300	1.17E+13
31400	1.16E+13
31500	1.16E+13
31600	1.15E+13
31700	1.14E+13
31800	1.14E+13
31900	1.13E+13
32000	1.12E+13
32100	1.12E+13
32200	1.11E+13
32300	1.10E+13
32400	1.10E+13
32500	1.09E+13
32600	1.08E+13
32700	1.08E+13
32800	1.07E+13
32900	1.07E+13
33000	1.06E+13
33100	1.05E+13
33200	1.05E+13
33300	1.04E+13
33400	1.04E+13
33500	1.03E+13
33600	1.02E+13
33700	1.02E+13
33800	1.01E+13
33900	1.01E+13
34000	9.99E+12
34100	9.93E+12
34200	9.87E+12
34300	9.82E+12
34400	9.76E+12
34500	9.70E+12
34600	9.64E+12
34700	9.58E+12
34800	9.53E+12
34900	9.47E+12
35000	9.41E+12
35100	9.36E+12
35200	9.30E+12
35300	9.25E+12
35400	9.19E+12
35500	9.14E+12
35600	9.08E+12
35700	9.03E+12
35800	8.97E+12
35900	8.92E+12
36000	8.87E+12
36100	8.81E+12
36200	8.76E+12
36300	8.71E+12
36400	8.66E+12
36500	8.60E+12
36600	8.55E+12
36700	8.50E+12
36800	8.45E+12
36900	8.40E+12
37000	8.35E+12
37100	8.30E+12
37200	8.25E+12
37300	8.20E+12
37400	8.15E+12
37500	8.10E+12
37600	8.05E+12
37700	8.00E+12
37800	7.95E+12
37900	7.90E+12
38000	7.86E+12
38100	7.81E+12
38200	7.76E+12
38300	7.71E+12
38400	7.67E+12
38500	7.62E+12
38600	7.57E+12
38700	7.53E+12
38800	7.48E+12
38900	7.44E+12
39000	7.39E+12
39100	7.34E+12
39200	7.30E+12
39300	7.25E+12
39400	7.21E+12
39500	7.17E+12
39600	7.12E+12
39700	7.08E+12
39800	7.03E+12
39900	6.99E+12
40000	6.95E+12
40100	6.91E+12
40200	6.86E+12
40300	6.82E+12
40400	6.78E+12
40500	6.74E+12
40600	6.70E+12
40700	6.65E+12
40800	6.61E+12
40900	6.57E+12
41000	6.53E+12
41100	6.49E+12
41200	6.45E+12
41300	6.41E+12
41400	6.37E+12
41500	6.33E+12
41600	6.29E+12
41700	6.25E+12
41800	6.21E+12
41900	6.18E+12
42000	6.14E+12
42100	6.10E+12
42200	6.06E+12
42300	6.02E+12
42400	5.99E+12
42500	5.95E+12
42600	5.91E+12
42700	5.88E+12
42800	5.84E+12
42900	5.80E+12
43000	5.77E+12
43100	5.73E+12
43200	5.69E+12
43300	5.66E+12
43400	5.62E+12
43500	5.59E+12
43600	5.55E+12
43700	5.52E+12
43800	5.48E+12
43900	5.45E+12
44000	5.41E+12
44100	5.38E+12
44200	5.35E+12
44300	5.31E+12
44400	5.28E+12
44500	5.25E+12
44600	5.21E+12
44700	5.18E+12
44800	5.15E+12
44900	5.12E+12
45000	5.08E+12
45100	5.05E+12
45200	5.02E+12
45300	4.99E+12
45400	4.96E+12
45500	4.93E+12
45600	4.89E+12
45700	4.86E+12
45800	4.83E+12
45900	4.80E+12
46000	4.77E+12
46100	4.74E+12
46200	4.71E+12
46300	4.68E+12
46400	4.65E+12
46500	4.62E+12
46600	4.59E+12
46700	4.56E+12
46800	4.54E+12
46900	4.51E+12
47000	4.48E+12
47100	4.45E+12
47200	4.42E+12
47300	4.39E+12
47400	4.37E+12
47500	4.34E+12
47600	4.31E+12
47700	4.28E+12
47800	4.26E+12
47900	4.23E+12
48000	4.20E+12
48100	4.17E+12
48200	4.15E+12
48300	4.12E+12
48400	4.10E+12
48500	4.07E+12
48600	4.04E+12
48700	4.02E+12
48800	3.99E+12
48900	3.97E+12
49000	3.94E+12
49100	3.92E+12
49200	3.89E+12
49300	3.87E+12
49400	3.84E+12
49500	3.82E+12
49600	3.79E+12
49700	3.77E+12
49800	3.74E+12
49900	3.72E+12
50000	3.70E+12
