# Instrument-source: 'soleil_rock_111_short_simplified.instr'
# Date: Tue Feb 28 04 31 2023
# Ncount: 10000000
# Numpoints: 807
# Param: Etohit = 4850
# type: multiarray_1d(807)
# title: Scan of Etohit
# xlabel: 'Etohit'
# ylabel: 'Intensity'
# xvars: Etohit
# yvars: (e_monitor_before_xtal_I,e_monitor_before_xtal_ERR) (e_monitor_4_to_40kev_I,e_monitor_4_to_40kev_ERR) (e_monitor_4_to_40kev_rock_size_I,e_monitor_4_to_40kev_rock_size_ERR) (e_monitor_centered_seleted_egy_I,e_monitor_centered_seleted_egy_ERR) (e_monitor_centered_one_ev_seleted_egy_I,e_monitor_centered_one_ev_seleted_egy_ERR)
# xlimits: 4850 5656
# filename: mccode.dat
# variables: Etohit e_monitor_before_xtal_I e_monitor_before_xtal_ERR e_monitor_4_to_40kev_I e_monitor_4_to_40kev_ERR e_monitor_4_to_40kev_rock_size_I e_monitor_4_to_40kev_rock_size_ERR e_monitor_centered_seleted_egy_I e_monitor_centered_seleted_egy_ERR e_monitor_centered_one_ev_seleted_egy_I e_monitor_centered_one_ev_seleted_egy_ERR
4850 5.54025E+13 1.7522E+10 6.98458E+11 5.89128E+8 6.98458E+11 5.89128E+8 6.98458E+11 5.89128E+8 3.44263E+11 4.32995E+8
4851 5.54081E+13 1.75238E+10 7.06359E+11 5.92613E+8 7.06359E+11 5.92613E+8 7.06359E+11 5.92613E+8 3.484E+11 4.35571E+8
4852 5.54135E+13 1.75255E+10 7.19995E+11 5.98286E+8 7.19995E+11 5.98286E+8 7.19995E+11 5.98286E+8 3.55035E+11 4.39779E+8
4853 5.54179E+13 1.75269E+10 7.27123E+11 6.01079E+8 7.27123E+11 6.01079E+8 7.27123E+11 6.01079E+8 3.56982E+11 4.40984E+8
4854 5.54237E+13 1.75287E+10 7.38157E+11 6.05747E+8 7.38157E+11 6.05747E+8 7.38157E+11 6.05747E+8 3.6443E+11 4.45607E+8
4855 5.54291E+13 1.75304E+10 7.52433E+11 6.11596E+8 7.52433E+11 6.11596E+8 7.52433E+11 6.11596E+8 3.71859E+11 4.50156E+8
4856 5.54344E+13 1.75321E+10 7.59562E+11 6.1466E+8 7.59562E+11 6.1466E+8 7.59562E+11 6.1466E+8 3.7241E+11 4.50512E+8
4857 5.54395E+13 1.75337E+10 7.74103E+11 6.20436E+8 7.74103E+11 6.20436E+8 7.74103E+11 6.20436E+8 3.81005E+11 4.55736E+8
4858 5.54443E+13 1.75352E+10 7.82809E+11 6.24038E+8 7.82809E+11 6.24038E+8 7.82809E+11 6.24038E+8 3.83963E+11 4.57509E+8
4859 5.54498E+13 1.7537E+10 7.93182E+11 6.27957E+8 7.93182E+11 6.27957E+8 7.93182E+11 6.27957E+8 3.89663E+11 4.60916E+8
4860 5.54547E+13 1.75385E+10 8.09205E+11 6.34675E+8 8.09205E+11 6.34675E+8 8.09205E+11 6.34675E+8 4.01107E+11 4.6769E+8
4861 5.54602E+13 1.75402E+10 8.17238E+11 6.3757E+8 8.17238E+11 6.3757E+8 8.17238E+11 6.3757E+8 4.0093E+11 4.67618E+8
4862 5.54656E+13 1.75419E+10 8.2637E+11 6.4119E+8 8.2637E+11 6.4119E+8 8.2637E+11 6.4119E+8 4.06305E+11 4.70761E+8
4863 5.54706E+13 1.75435E+10 8.41957E+11 6.47324E+8 8.41957E+11 6.47324E+8 8.41957E+11 6.47324E+8 4.12996E+11 4.74682E+8
4864 5.54754E+13 1.7545E+10 8.52286E+11 6.5143E+8 8.52286E+11 6.5143E+8 8.52286E+11 6.5143E+8 4.1944E+11 4.78366E+8
4865 5.54811E+13 1.75468E+10 8.63108E+11 6.55214E+8 8.63108E+11 6.55214E+8 8.63108E+11 6.55214E+8 4.21362E+11 4.79517E+8
4866 5.54863E+13 1.75485E+10 8.73754E+11 6.59435E+8 8.73754E+11 6.59435E+8 8.73754E+11 6.59435E+8 4.2595E+11 4.82142E+8
4867 5.54908E+13 1.75499E+10 8.83214E+11 6.63023E+8 8.83214E+11 6.63023E+8 8.83214E+11 6.63023E+8 4.31092E+11 4.85037E+8
4868 5.54965E+13 1.75517E+10 8.95407E+11 6.67599E+8 8.95407E+11 6.67599E+8 8.95407E+11 6.67599E+8 4.36404E+11 4.88049E+8
4869 5.5502E+13 1.75535E+10 9.07438E+11 6.7224E+8 9.07438E+11 6.7224E+8 9.07438E+11 6.7224E+8 4.45105E+11 4.92963E+8
4870 5.55074E+13 1.75552E+10 9.18028E+11 6.75922E+8 9.18028E+11 6.75922E+8 9.18028E+11 6.75922E+8 4.47117E+11 4.94085E+8
4871 5.55121E+13 1.75567E+10 9.30562E+11 6.80799E+8 9.30562E+11 6.80799E+8 9.30562E+11 6.80799E+8 4.55927E+11 4.98955E+8
4872 5.55173E+13 1.75583E+10 9.37368E+11 6.83346E+8 9.37368E+11 6.83346E+8 9.37368E+11 6.83346E+8 4.59752E+11 5.01091E+8
4873 5.55225E+13 1.75599E+10 9.5541E+11 6.89856E+8 9.5541E+11 6.89856E+8 9.5541E+11 6.89856E+8 4.66705E+11 5.04888E+8
4874 5.5528E+13 1.75617E+10 9.6414E+11 6.9303E+8 9.6414E+11 6.9303E+8 9.6414E+11 6.9303E+8 4.70644E+11 5.07037E+8
4875 5.55333E+13 1.75634E+10 9.7672E+11 6.97475E+8 9.7672E+11 6.97475E+8 9.7672E+11 6.97475E+8 4.75826E+11 5.09859E+8
4876 5.55381E+13 1.75649E+10 9.874E+11 7.01435E+8 9.874E+11 7.01435E+8 9.874E+11 7.01435E+8 4.81018E+11 5.12699E+8
4877 5.55433E+13 1.75665E+10 9.98354E+11 7.05283E+8 9.98354E+11 7.05283E+8 9.98354E+11 7.05283E+8 4.88202E+11 5.16505E+8
4878 5.55488E+13 1.75683E+10 1.00872E+12 7.08996E+8 1.00872E+12 7.08996E+8 1.00872E+12 7.08996E+8 4.90788E+11 5.17897E+8
4879 5.55539E+13 1.75699E+10 1.02336E+12 7.14017E+8 1.02336E+12 7.14017E+8 1.02336E+12 7.14017E+8 4.98889E+11 5.22212E+8
4880 5.5559E+13 1.75715E+10 1.03972E+12 7.1989E+8 1.03972E+12 7.1989E+8 1.03972E+12 7.1989E+8 5.06831E+11 5.26365E+8
4881 5.5564E+13 1.75731E+10 1.05057E+12 7.23607E+8 1.05057E+12 7.23607E+8 1.05057E+12 7.23607E+8 5.1063E+11 5.28384E+8
4882 5.55697E+13 1.75749E+10 1.05933E+12 7.26743E+8 1.05933E+12 7.26743E+8 1.05933E+12 7.26743E+8 5.16595E+11 5.31502E+8
4883 5.55744E+13 1.75764E+10 1.07353E+12 7.31593E+8 1.07353E+12 7.31593E+8 1.07353E+12 7.31593E+8 5.21976E+11 5.34285E+8
4884 5.55798E+13 1.75781E+10 1.08851E+12 7.3676E+8 1.08851E+12 7.3676E+8 1.08851E+12 7.3676E+8 5.30116E+11 5.38465E+8
4885 5.55852E+13 1.75798E+10 1.0944E+12 7.38744E+8 1.0944E+12 7.38744E+8 1.0944E+12 7.38744E+8 5.32038E+11 5.39469E+8
4886 5.55904E+13 1.75814E+10 1.10612E+12 7.42768E+8 1.10612E+12 7.42768E+8 1.10612E+12 7.42768E+8 5.37293E+11 5.4214E+8
4887 5.55958E+13 1.75831E+10 1.12122E+12 7.47869E+8 1.12122E+12 7.47869E+8 1.12122E+12 7.47869E+8 5.46826E+11 5.46946E+8
4888 5.56005E+13 1.75846E+10 1.13307E+12 7.5171E+8 1.13307E+12 7.5171E+8 1.13307E+12 7.5171E+8 5.49355E+11 5.48269E+8
4889 5.56062E+13 1.75864E+10 1.14211E+12 7.54823E+8 1.14211E+12 7.54823E+8 1.14211E+12 7.54823E+8 5.55023E+11 5.51111E+8
4890 5.56106E+13 1.75878E+10 1.15661E+12 7.59592E+8 1.15661E+12 7.59592E+8 1.15661E+12 7.59592E+8 5.61855E+11 5.54529E+8
4891 5.56163E+13 1.75896E+10 1.16402E+12 7.62053E+8 1.16402E+12 7.62053E+8 1.16402E+12 7.62053E+8 5.62597E+11 5.54922E+8
4892 5.56216E+13 1.75913E+10 1.17862E+12 7.66898E+8 1.17862E+12 7.66898E+8 1.17862E+12 7.66898E+8 5.72361E+11 5.59757E+8
4893 5.56265E+13 1.75928E+10 1.19192E+12 7.7121E+8 1.19192E+12 7.7121E+8 1.19192E+12 7.7121E+8 5.77443E+11 5.62272E+8
4894 5.56317E+13 1.75945E+10 1.20617E+12 7.75861E+8 1.20617E+12 7.75861E+8 1.20617E+12 7.75861E+8 5.83015E+11 5.65027E+8
4895 5.56372E+13 1.75962E+10 1.21359E+12 7.78128E+8 1.21359E+12 7.78128E+8 1.21359E+12 7.78128E+8 5.85995E+11 5.66507E+8
4896 5.56422E+13 1.75978E+10 1.22778E+12 7.82957E+8 1.22778E+12 7.82957E+8 1.22778E+12 7.82957E+8 5.97645E+11 5.72123E+8
4897 5.56467E+13 1.75992E+10 1.24294E+12 7.87755E+8 1.24294E+12 7.87755E+8 1.24294E+12 7.87755E+8 6.01057E+11 5.73746E+8
4898 5.56526E+13 1.76011E+10 1.24954E+12 7.89788E+8 1.24954E+12 7.89788E+8 1.24954E+12 7.89788E+8 6.05562E+11 5.75958E+8
4899 5.56577E+13 1.76027E+10 1.26707E+12 7.95471E+8 1.26707E+12 7.95471E+8 1.26707E+12 7.95471E+8 6.11818E+11 5.78951E+8
4900 5.56625E+13 1.76042E+10 1.27512E+12 7.98035E+8 1.27512E+12 7.98035E+8 1.27512E+12 7.98035E+8 6.15151E+11 5.8054E+8
4901 5.56676E+13 1.76058E+10 1.288E+12 8.02037E+8 1.288E+12 8.02037E+8 1.288E+12 8.02037E+8 6.22043E+11 5.83821E+8
4902 5.56728E+13 1.76075E+10 1.2989E+12 8.05555E+8 1.2989E+12 8.05555E+8 1.2989E+12 8.05555E+8 6.28181E+11 5.8673E+8
4903 5.56782E+13 1.76092E+10 1.318E+12 8.11696E+8 1.318E+12 8.11696E+8 1.318E+12 8.11696E+8 6.4001E+11 5.92265E+8
4904 5.56841E+13 1.7611E+10 1.32666E+12 8.14276E+8 1.32666E+12 8.14276E+8 1.32666E+12 8.14276E+8 6.42632E+11 5.93524E+8
4905 5.56885E+13 1.76125E+10 1.33522E+12 8.16909E+8 1.33522E+12 8.16909E+8 1.33522E+12 8.16909E+8 6.43415E+11 5.9389E+8
4906 5.56936E+13 1.7614E+10 1.34337E+12 8.19392E+8 1.34337E+12 8.19392E+8 1.34337E+12 8.19392E+8 6.45787E+11 5.95039E+8
4907 5.56987E+13 1.76157E+10 1.35608E+12 8.23223E+8 1.35608E+12 8.23223E+8 1.35608E+12 8.23223E+8 6.52714E+11 5.98219E+8
4908 5.57046E+13 1.76176E+10 1.36889E+12 8.27214E+8 1.36889E+12 8.27214E+8 1.36889E+12 8.27214E+8 6.59362E+11 6.01339E+8
4909 5.57089E+13 1.76189E+10 1.38653E+12 8.32538E+8 1.38653E+12 8.32538E+8 1.38653E+12 8.32538E+8 6.66556E+11 6.04612E+8
4910 5.57141E+13 1.76206E+10 1.39608E+12 8.35591E+8 1.39608E+12 8.35591E+8 1.39608E+12 8.35591E+8 6.72449E+11 6.07346E+8
4911 5.57193E+13 1.76222E+10 1.40751E+12 8.3888E+8 1.40751E+12 8.3888E+8 1.40751E+12 8.3888E+8 6.78222E+11 6.0996E+8
4912 5.57245E+13 1.76238E+10 1.42301E+12 8.43601E+8 1.42301E+12 8.43601E+8 1.42301E+12 8.43601E+8 6.84502E+11 6.12814E+8
4913 5.57306E+13 1.76258E+10 1.43376E+12 8.46945E+8 1.43376E+12 8.46945E+8 1.43376E+12 8.46945E+8 6.88608E+11 6.14669E+8
4914 5.57353E+13 1.76273E+10 1.43906E+12 8.48361E+8 1.43906E+12 8.48361E+8 1.43906E+12 8.48361E+8 6.93333E+11 6.16821E+8
4915 5.57398E+13 1.76287E+10 1.45508E+12 8.53181E+8 1.45508E+12 8.53181E+8 1.45508E+12 8.53181E+8 7.01511E+11 6.20461E+8
4916 5.5745E+13 1.76303E+10 1.46401E+12 8.55698E+8 1.46401E+12 8.55698E+8 1.46401E+12 8.55698E+8 7.01976E+11 6.20727E+8
4917 5.57508E+13 1.76322E+10 1.48018E+12 8.60565E+8 1.48018E+12 8.60565E+8 1.48018E+12 8.60565E+8 7.11311E+11 6.24873E+8
4918 5.5755E+13 1.76335E+10 1.48661E+12 8.62429E+8 1.48661E+12 8.62429E+8 1.48661E+12 8.62429E+8 7.13773E+11 6.25981E+8
4919 5.57604E+13 1.76352E+10 1.49819E+12 8.65684E+8 1.49819E+12 8.65684E+8 1.49819E+12 8.65684E+8 7.1851E+11 6.28065E+8
4920 5.57658E+13 1.76369E+10 1.50981E+12 8.6934E+8 1.50981E+12 8.6934E+8 1.50981E+12 8.6934E+8 7.25601E+11 6.31216E+8
4921 5.57709E+13 1.76385E+10 1.52316E+12 8.73032E+8 1.52316E+12 8.73032E+8 1.52316E+12 8.73032E+8 7.28612E+11 6.32537E+8
4922 5.57755E+13 1.764E+10 1.5336E+12 8.76226E+8 1.5336E+12 8.76226E+8 1.5336E+12 8.76226E+8 7.36249E+11 6.35887E+8
4923 5.57816E+13 1.76419E+10 1.53912E+12 8.77546E+8 1.53912E+12 8.77546E+8 1.53912E+12 8.77546E+8 7.35701E+11 6.35683E+8
4924 5.57864E+13 1.76434E+10 1.55366E+12 8.81871E+8 1.55366E+12 8.81871E+8 1.55366E+12 8.81871E+8 7.43468E+11 6.39042E+8
4925 5.57917E+13 1.76451E+10 1.56522E+12 8.85406E+8 1.56522E+12 8.85406E+8 1.56522E+12 8.85406E+8 7.49755E+11 6.41786E+8
4926 5.57968E+13 1.76467E+10 1.57885E+12 8.89065E+8 1.57885E+12 8.89065E+8 1.57885E+12 8.89065E+8 7.53815E+11 6.43565E+8
4927 5.58016E+13 1.76482E+10 1.58821E+12 8.91835E+8 1.58821E+12 8.91835E+8 1.58821E+12 8.91835E+8 7.58821E+11 6.45708E+8
4928 5.5807E+13 1.76499E+10 1.59796E+12 8.94764E+8 1.59796E+12 8.94764E+8 1.59796E+12 8.94764E+8 7.65591E+11 6.48635E+8
4929 5.58117E+13 1.76514E+10 1.6102E+12 8.97921E+8 1.6102E+12 8.97921E+8 1.6102E+12 8.97921E+8 7.68698E+11 6.49964E+8
4930 5.58168E+13 1.7653E+10 1.61827E+12 9.00266E+8 1.61827E+12 9.00266E+8 1.61827E+12 9.00266E+8 7.71325E+11 6.51108E+8
4931 5.5822E+13 1.76547E+10 1.6255E+12 9.02425E+8 1.6255E+12 9.02425E+8 1.6255E+12 9.02425E+8 7.75666E+11 6.52978E+8
4932 5.58273E+13 1.76564E+10 1.63875E+12 9.06026E+8 1.63875E+12 9.06026E+8 1.63875E+12 9.06026E+8 7.81005E+11 6.55263E+8
4933 5.58328E+13 1.76581E+10 1.64807E+12 9.08623E+8 1.64807E+12 9.08623E+8 1.64807E+12 9.08623E+8 7.84827E+11 6.56893E+8
4934 5.58379E+13 1.76597E+10 1.66527E+12 9.13666E+8 1.66527E+12 9.13666E+8 1.66527E+12 9.13666E+8 7.95834E+11 6.61501E+8
4935 5.58428E+13 1.76612E+10 1.67517E+12 9.16149E+8 1.67517E+12 9.16149E+8 1.67517E+12 9.16149E+8 7.96214E+11 6.61695E+8
4936 5.58482E+13 1.7663E+10 1.68376E+12 9.18683E+8 1.68376E+12 9.18683E+8 1.68376E+12 9.18683E+8 8.02344E+11 6.64282E+8
4937 5.58534E+13 1.76646E+10 1.68895E+12 9.20047E+8 1.68895E+12 9.20047E+8 1.68895E+12 9.20047E+8 8.05143E+11 6.65469E+8
4938 5.58584E+13 1.76662E+10 1.70485E+12 9.24577E+8 1.70485E+12 9.24577E+8 1.70485E+12 9.24577E+8 8.12535E+11 6.6853E+8
4939 5.58631E+13 1.76677E+10 1.71727E+12 9.27833E+8 1.71727E+12 9.27833E+8 1.71727E+12 9.27833E+8 8.1421E+11 6.69267E+8
4940 5.58681E+13 1.76693E+10 1.71958E+12 9.28473E+8 1.71958E+12 9.28473E+8 1.71958E+12 9.28473E+8 8.14761E+11 6.69561E+8
4941 5.58737E+13 1.7671E+10 1.73552E+12 9.32828E+8 1.73552E+12 9.32828E+8 1.73552E+12 9.32828E+8 8.24989E+11 6.73732E+8
4942 5.58786E+13 1.76726E+10 1.7473E+12 9.36081E+8 1.7473E+12 9.36081E+8 1.7473E+12 9.36081E+8 8.28112E+11 6.75055E+8
4943 5.58839E+13 1.76742E+10 1.751E+12 9.37064E+8 1.751E+12 9.37064E+8 1.751E+12 9.37064E+8 8.29496E+11 6.75681E+8
4944 5.58887E+13 1.76758E+10 1.7684E+12 9.41949E+8 1.7684E+12 9.41949E+8 1.7684E+12 9.41949E+8 8.38195E+11 6.79228E+8
4945 5.58939E+13 1.76774E+10 1.77424E+12 9.43272E+8 1.77424E+12 9.43272E+8 1.77424E+12 9.43272E+8 8.41658E+11 6.80672E+8
4946 5.5899E+13 1.7679E+10 1.78194E+12 9.45457E+8 1.78194E+12 9.45457E+8 1.78194E+12 9.45457E+8 8.44192E+11 6.81745E+8
4947 5.59041E+13 1.76806E+10 1.79566E+12 9.49246E+8 1.79566E+12 9.49246E+8 1.79566E+12 9.49246E+8 8.51923E+11 6.84865E+8
4948 5.59095E+13 1.76824E+10 1.80346E+12 9.5119E+8 1.80346E+12 9.5119E+8 1.80346E+12 9.5119E+8 8.53979E+11 6.85737E+8
4949 5.59144E+13 1.76839E+10 1.81457E+12 9.5422E+8 1.81457E+12 9.5422E+8 1.81457E+12 9.5422E+8 8.58381E+11 6.87525E+8
4950 5.59196E+13 1.76855E+10 1.82748E+12 9.57702E+8 1.82748E+12 9.57702E+8 1.82748E+12 9.57702E+8 8.64578E+11 6.90032E+8
4951 5.59244E+13 1.76871E+10 1.82895E+12 9.58004E+8 1.82895E+12 9.58004E+8 1.82895E+12 9.58004E+8 8.67221E+11 6.91091E+8
4952 5.59297E+13 1.76887E+10 1.84137E+12 9.61418E+8 1.84137E+12 9.61418E+8 1.84137E+12 9.61418E+8 8.7055E+11 6.92456E+8
4953 5.59347E+13 1.76903E+10 1.84771E+12 9.63088E+8 1.84771E+12 9.63088E+8 1.84771E+12 9.63088E+8 8.72733E+11 6.9337E+8
4954 5.59395E+13 1.76918E+10 1.86083E+12 9.66666E+8 1.86083E+12 9.66666E+8 1.86083E+12 9.66666E+8 8.8102E+11 6.96674E+8
4955 5.59451E+13 1.76936E+10 1.86768E+12 9.6817E+8 1.86768E+12 9.6817E+8 1.86768E+12 9.6817E+8 8.79178E+11 6.95992E+8
4956 5.59497E+13 1.76951E+10 1.87912E+12 9.71405E+8 1.87912E+12 9.71405E+8 1.87912E+12 9.71405E+8 8.89589E+11 7.00135E+8
4957 5.59554E+13 1.76969E+10 1.88923E+12 9.74179E+8 1.88923E+12 9.74179E+8 1.88923E+12 9.74179E+8 8.92227E+11 7.01226E+8
4958 5.59602E+13 1.76984E+10 1.89784E+12 9.76213E+8 1.89784E+12 9.76213E+8 1.89784E+12 9.76213E+8 8.92666E+11 7.01423E+8
4959 5.59652E+13 1.77E+10 1.90168E+12 9.77344E+8 1.90168E+12 9.77344E+8 1.90168E+12 9.77344E+8 8.96066E+11 7.02784E+8
4960 5.59705E+13 1.77016E+10 1.92034E+12 9.82211E+8 1.92034E+12 9.82211E+8 1.92034E+12 9.82211E+8 9.05578E+11 7.0654E+8
4961 5.59756E+13 1.77033E+10 1.92656E+12 9.83871E+8 1.92656E+12 9.83871E+8 1.92656E+12 9.83871E+8 9.09636E+11 7.08149E+8
4962 5.59805E+13 1.77048E+10 1.93715E+12 9.86631E+8 1.93715E+12 9.86631E+8 1.93715E+12 9.86631E+8 9.10851E+11 7.08644E+8
4963 5.5986E+13 1.77065E+10 1.93882E+12 9.86986E+8 1.93882E+12 9.86986E+8 1.93882E+12 9.86986E+8 9.12953E+11 7.09504E+8
4964 5.59911E+13 1.77082E+10 1.94779E+12 9.8928E+8 1.94779E+12 9.8928E+8 1.94779E+12 9.8928E+8 9.16454E+11 7.1089E+8
4965 5.59958E+13 1.77097E+10 1.95553E+12 9.91229E+8 1.95553E+12 9.91229E+8 1.95553E+12 9.91229E+8 9.18122E+11 7.11575E+8
4966 5.60012E+13 1.77113E+10 1.96765E+12 9.9445E+8 1.96765E+12 9.9445E+8 1.96765E+12 9.9445E+8 9.23577E+11 7.13743E+8
4967 5.60065E+13 1.7713E+10 1.96739E+12 9.94424E+8 1.96739E+12 9.94424E+8 1.96739E+12 9.94424E+8 9.23797E+11 7.13826E+8
4968 5.60115E+13 1.77146E+10 1.98111E+12 9.97743E+8 1.98111E+12 9.97743E+8 1.98111E+12 9.97743E+8 9.26352E+11 7.14853E+8
4969 5.60161E+13 1.77161E+10 1.98841E+12 9.9982E+8 1.98841E+12 9.9982E+8 1.98841E+12 9.9982E+8 9.33618E+11 7.1768E+8
4970 5.60215E+13 1.77178E+10 1.99785E+12 1.0023E+9 1.99785E+12 1.0023E+9 1.99785E+12 1.0023E+9 9.37729E+11 7.19306E+8
4971 5.60262E+13 1.77193E+10 2.00599E+12 1.00446E+9 2.00599E+12 1.00446E+9 2.00599E+12 1.00446E+9 9.42388E+11 7.21136E+8
4972 5.60317E+13 1.7721E+10 2.01125E+12 1.00552E+9 2.01125E+12 1.00552E+9 2.01125E+12 1.00552E+9 9.41822E+11 7.20933E+8
4973 5.60367E+13 1.77226E+10 2.02132E+12 1.0082E+9 2.02132E+12 1.0082E+9 2.02132E+12 1.0082E+9 9.49001E+11 7.23715E+8
4974 5.60423E+13 1.77243E+10 2.02112E+12 1.00809E+9 2.02112E+12 1.00809E+9 2.02112E+12 1.00809E+9 9.44636E+11 7.22078E+8
4975 5.60466E+13 1.77257E+10 2.03347E+12 1.01144E+9 2.03347E+12 1.01144E+9 2.03347E+12 1.01144E+9 9.49797E+11 7.24076E+8
4976 5.60516E+13 1.77273E+10 2.04416E+12 1.01398E+9 2.04416E+12 1.01398E+9 2.04416E+12 1.01398E+9 9.54704E+11 7.25996E+8
4977 5.60569E+13 1.7729E+10 2.04854E+12 1.01518E+9 2.04854E+12 1.01518E+9 2.04854E+12 1.01518E+9 9.55827E+11 7.26441E+8
4978 5.6062E+13 1.77306E+10 2.05772E+12 1.01767E+9 2.05772E+12 1.01767E+9 2.05772E+12 1.01767E+9 9.6308E+11 7.29232E+8
4979 5.60672E+13 1.77322E+10 2.06576E+12 1.01942E+9 2.06576E+12 1.01942E+9 2.06576E+12 1.01942E+9 9.63963E+11 7.29591E+8
4980 5.60723E+13 1.77338E+10 2.06843E+12 1.02005E+9 2.06843E+12 1.02005E+9 2.06843E+12 1.02005E+9 9.62637E+11 7.29114E+8
4981 5.60774E+13 1.77355E+10 2.07179E+12 1.02091E+9 2.07179E+12 1.02091E+9 2.07179E+12 1.02091E+9 9.65421E+11 7.30207E+8
4982 5.60825E+13 1.7737E+10 2.08287E+12 1.02382E+9 2.08287E+12 1.02382E+9 2.08287E+12 1.02382E+9 9.70137E+11 7.32039E+8
4983 5.60878E+13 1.77387E+10 2.08967E+12 1.02548E+9 2.08967E+12 1.02548E+9 2.08967E+12 1.02548E+9 9.73144E+11 7.33192E+8
4984 5.60923E+13 1.77402E+10 2.09885E+12 1.02792E+9 2.09885E+12 1.02792E+9 2.09885E+12 1.02792E+9 9.81608E+11 7.3639E+8
4985 5.60974E+13 1.77418E+10 2.10592E+12 1.02987E+9 2.10592E+12 1.02987E+9 2.10592E+12 1.02987E+9 9.81431E+11 7.36399E+8
4986 5.61029E+13 1.77435E+10 2.1153E+12 1.03197E+9 2.1153E+12 1.03197E+9 2.1153E+12 1.03197E+9 9.85376E+11 7.37892E+8
4987 5.61073E+13 1.77449E+10 2.11824E+12 1.03267E+9 2.11824E+12 1.03267E+9 2.11824E+12 1.03267E+9 9.87016E+11 7.3852E+8
4988 5.61128E+13 1.77466E+10 2.12503E+12 1.03447E+9 2.12503E+12 1.03447E+9 2.12503E+12 1.03447E+9 9.86799E+11 7.38514E+8
4989 5.61176E+13 1.77482E+10 2.13164E+12 1.03612E+9 2.13164E+12 1.03612E+9 2.13164E+12 1.03612E+9 9.89425E+11 7.39499E+8
4990 5.6123E+13 1.77499E+10 2.13577E+12 1.03705E+9 2.13577E+12 1.03705E+9 2.13577E+12 1.03705E+9 9.92943E+11 7.40867E+8
4991 5.61275E+13 1.77513E+10 2.14904E+12 1.04051E+9 2.14904E+12 1.04051E+9 2.14904E+12 1.04051E+9 9.98208E+11 7.42839E+8
4992 5.61329E+13 1.7753E+10 2.15373E+12 1.04161E+9 2.15373E+12 1.04161E+9 2.15373E+12 1.04161E+9 9.99302E+11 7.43306E+8
4993 5.61376E+13 1.77545E+10 2.15041E+12 1.04075E+9 2.15041E+12 1.04075E+9 2.15041E+12 1.04075E+9 9.95498E+11 7.41879E+8
4994 5.61429E+13 1.77561E+10 2.167E+12 1.04497E+9 2.167E+12 1.04497E+9 2.167E+12 1.04497E+9 1.00686E+12 7.46164E+8
4995 5.61476E+13 1.77577E+10 2.17071E+12 1.04603E+9 2.17071E+12 1.04603E+9 2.17071E+12 1.04603E+9 1.0082E+12 7.46675E+8
4996 5.61531E+13 1.77594E+10 2.17784E+12 1.0477E+9 2.17784E+12 1.0477E+9 2.17784E+12 1.0477E+9 1.00786E+12 7.46598E+8
4997 5.61581E+13 1.7761E+10 2.18129E+12 1.04852E+9 2.18129E+12 1.04852E+9 2.18129E+12 1.04852E+9 1.00945E+12 7.47219E+8
4998 5.61632E+13 1.77626E+10 2.18633E+12 1.04971E+9 2.18633E+12 1.04971E+9 2.18633E+12 1.04971E+9 1.01143E+12 7.47965E+8
4999 5.61693E+13 1.77645E+10 2.19276E+12 1.0515E+9 2.19276E+12 1.0515E+9 2.19276E+12 1.0515E+9 1.01623E+12 7.49816E+8
5000 5.61733E+13 1.77658E+10 2.19451E+12 1.05165E+9 2.19451E+12 1.05165E+9 2.19451E+12 1.05165E+9 1.01223E+12 7.48371E+8
5001 5.61781E+13 1.77673E+10 2.19965E+12 1.05284E+9 2.19965E+12 1.05284E+9 2.19965E+12 1.05284E+9 1.01414E+12 7.49067E+8
5002 5.61834E+13 1.7769E+10 2.21059E+12 1.05575E+9 2.21059E+12 1.05575E+9 2.21059E+12 1.05575E+9 1.02084E+12 7.51603E+8
5003 5.61882E+13 1.77705E+10 2.21455E+12 1.05687E+9 2.21455E+12 1.05687E+9 2.21455E+12 1.05687E+9 1.02443E+12 7.52976E+8
5004 5.61936E+13 1.77722E+10 2.21904E+12 1.05779E+9 2.21904E+12 1.05779E+9 2.21904E+12 1.05779E+9 1.02506E+12 7.53217E+8
5005 5.61982E+13 1.77736E+10 2.22841E+12 1.06016E+9 2.22841E+12 1.06016E+9 2.22841E+12 1.06016E+9 1.03023E+12 7.55129E+8
5006 5.62035E+13 1.77753E+10 2.22592E+12 1.05957E+9 2.22592E+12 1.05957E+9 2.22592E+12 1.05957E+9 1.02679E+12 7.5392E+8
5007 5.6209E+13 1.77771E+10 2.23266E+12 1.06101E+9 2.23266E+12 1.06101E+9 2.23266E+12 1.06101E+9 1.02885E+12 7.54703E+8
5008 5.6214E+13 1.77786E+10 2.23602E+12 1.06199E+9 2.23602E+12 1.06199E+9 2.23602E+12 1.06199E+9 1.03121E+12 7.55621E+8
5009 5.62184E+13 1.778E+10 2.24438E+12 1.06406E+9 2.24438E+12 1.06406E+9 2.24438E+12 1.06406E+9 1.03442E+12 7.56809E+8
5010 5.62241E+13 1.77818E+10 2.24431E+12 1.06409E+9 2.24431E+12 1.06409E+9 2.24431E+12 1.06409E+9 1.03229E+12 7.56038E+8
5011 5.6229E+13 1.77834E+10 2.25229E+12 1.06622E+9 2.25229E+12 1.06622E+9 2.25229E+12 1.06622E+9 1.03713E+12 7.57856E+8
5012 5.62337E+13 1.77849E+10 2.25617E+12 1.06714E+9 2.25617E+12 1.06714E+9 2.25617E+12 1.06714E+9 1.03913E+12 7.58648E+8
5013 5.62382E+13 1.77863E+10 2.26461E+12 1.06908E+9 2.26461E+12 1.06908E+9 2.26461E+12 1.06908E+9 1.04286E+12 7.6001E+8
5014 5.62441E+13 1.77882E+10 2.26725E+12 1.06966E+9 2.26725E+12 1.06966E+9 2.26725E+12 1.06966E+9 1.04003E+12 7.59038E+8
5015 5.62492E+13 1.77898E+10 2.27346E+12 1.07131E+9 2.27346E+12 1.07131E+9 2.27346E+12 1.07131E+9 1.04619E+12 7.61306E+8
5016 5.62541E+13 1.77913E+10 2.27701E+12 1.07218E+9 2.27701E+12 1.07218E+9 2.27701E+12 1.07218E+9 1.04503E+12 7.60931E+8
5017 5.62592E+13 1.77929E+10 2.28158E+12 1.07332E+9 2.28158E+12 1.07332E+9 2.28158E+12 1.07332E+9 1.04664E+12 7.61535E+8
5018 5.62636E+13 1.77943E+10 2.28768E+12 1.07488E+9 2.28768E+12 1.07488E+9 2.28768E+12 1.07488E+9 1.04915E+12 7.625E+8
5019 5.6269E+13 1.77961E+10 2.28511E+12 1.07424E+9 2.28511E+12 1.07424E+9 2.28511E+12 1.07424E+9 1.04803E+12 7.62129E+8
5020 5.62737E+13 1.77975E+10 2.29259E+12 1.07604E+9 2.29259E+12 1.07604E+9 2.29259E+12 1.07604E+9 1.0522E+12 7.63672E+8
5021 5.62788E+13 1.77991E+10 2.29694E+12 1.07687E+9 2.29694E+12 1.07687E+9 2.29694E+12 1.07687E+9 1.05047E+12 7.63089E+8
5022 5.62838E+13 1.78007E+10 2.30553E+12 1.07904E+9 2.30553E+12 1.07904E+9 2.30553E+12 1.07904E+9 1.0545E+12 7.64576E+8
5023 5.6289E+13 1.78024E+10 2.30766E+12 1.07971E+9 2.30766E+12 1.07971E+9 2.30766E+12 1.07971E+9 1.05589E+12 7.65121E+8
5024 5.62943E+13 1.78041E+10 2.31146E+12 1.08073E+9 2.31146E+12 1.08073E+9 2.31146E+12 1.08073E+9 1.06069E+12 7.66867E+8
5025 5.62984E+13 1.78054E+10 2.31382E+12 1.08128E+9 2.31382E+12 1.08128E+9 2.31382E+12 1.08128E+9 1.0609E+12 7.66994E+8
5026 5.63039E+13 1.78071E+10 2.31943E+12 1.08255E+9 2.31943E+12 1.08255E+9 2.31943E+12 1.08255E+9 1.06109E+12 7.67096E+8
5027 5.6309E+13 1.78087E+10 2.32337E+12 1.08357E+9 2.32337E+12 1.08357E+9 2.32337E+12 1.08357E+9 1.06306E+12 7.67859E+8
5028 5.63139E+13 1.78102E+10 2.32205E+12 1.08321E+9 2.32205E+12 1.08321E+9 2.32205E+12 1.08321E+9 1.06213E+12 7.67518E+8
5029 5.63191E+13 1.78119E+10 2.33058E+12 1.0852E+9 2.33058E+12 1.0852E+9 2.33058E+12 1.0852E+9 1.06455E+12 7.68429E+8
5030 5.63248E+13 1.78137E+10 2.32938E+12 1.08498E+9 2.32938E+12 1.08498E+9 2.32938E+12 1.08498E+9 1.06241E+12 7.67695E+8
5031 5.63289E+13 1.7815E+10 2.3413E+12 1.08782E+9 2.3413E+12 1.08782E+9 2.3413E+12 1.08782E+9 1.06875E+12 7.70049E+8
5032 5.63339E+13 1.78166E+10 2.34603E+12 1.08897E+9 2.34603E+12 1.08897E+9 2.34603E+12 1.08897E+9 1.06749E+12 7.6961E+8
5033 5.63395E+13 1.78183E+10 2.34107E+12 1.08783E+9 2.34107E+12 1.08783E+9 2.34107E+12 1.08783E+9 1.068E+12 7.69816E+8
5034 5.63447E+13 1.782E+10 2.34697E+12 1.08948E+9 2.34697E+12 1.08948E+9 2.34697E+12 1.08948E+9 1.06873E+12 7.70116E+8
5035 5.63492E+13 1.78214E+10 2.35583E+12 1.09146E+9 2.35583E+12 1.09146E+9 2.35583E+12 1.09146E+9 1.07267E+12 7.71595E+8
5036 5.63547E+13 1.78231E+10 2.35662E+12 1.09166E+9 2.35662E+12 1.09166E+9 2.35662E+12 1.09166E+9 1.07217E+12 7.71425E+8
5037 5.63599E+13 1.78248E+10 2.35442E+12 1.09117E+9 2.35442E+12 1.09117E+9 2.35442E+12 1.09117E+9 1.069E+12 7.70339E+8
5038 5.63638E+13 1.7826E+10 2.35649E+12 1.09175E+9 2.35649E+12 1.09175E+9 2.35649E+12 1.09175E+9 1.07072E+12 7.70965E+8
5039 5.63696E+13 1.78279E+10 2.36136E+12 1.09294E+9 2.36136E+12 1.09294E+9 2.36136E+12 1.09294E+9 1.0715E+12 7.71309E+8
5040 5.63745E+13 1.78294E+10 2.37017E+12 1.09508E+9 2.37017E+12 1.09508E+9 2.37017E+12 1.09508E+9 1.0782E+12 7.7371E+8
5041 5.63794E+13 1.7831E+10 2.37109E+12 1.09523E+9 2.37109E+12 1.09523E+9 2.37109E+12 1.09523E+9 1.07198E+12 7.71542E+8
5042 5.63846E+13 1.78326E+10 2.38034E+12 1.09739E+9 2.38034E+12 1.09739E+9 2.38034E+12 1.09739E+9 1.07969E+12 7.7435E+8
5043 5.63897E+13 1.78342E+10 2.37398E+12 1.09608E+9 2.37398E+12 1.09608E+9 2.37398E+12 1.09608E+9 1.07601E+12 7.73041E+8
5044 5.63938E+13 1.78355E+10 2.38685E+12 1.0992E+9 2.38685E+12 1.0992E+9 2.38685E+12 1.0992E+9 1.08076E+12 7.74799E+8
5045 5.63996E+13 1.78373E+10 2.38497E+12 1.09863E+9 2.38497E+12 1.09863E+9 2.38497E+12 1.09863E+9 1.07725E+12 7.73587E+8
5046 5.64039E+13 1.78387E+10 2.381E+12 1.09775E+9 2.381E+12 1.09775E+9 2.381E+12 1.09775E+9 1.0782E+12 7.73961E+8
5047 5.64094E+13 1.78404E+10 2.40176E+12 1.10266E+9 2.40176E+12 1.10266E+9 2.40176E+12 1.10266E+9 1.08615E+12 7.76825E+8
5048 5.64147E+13 1.78421E+10 2.39818E+12 1.10199E+9 2.39818E+12 1.10199E+9 2.39818E+12 1.10199E+9 1.08678E+12 7.77094E+8
5049 5.64194E+13 1.78436E+10 2.3907E+12 1.10034E+9 2.3907E+12 1.10034E+9 2.3907E+12 1.10034E+9 1.08396E+12 7.76134E+8
5050 5.64242E+13 1.78451E+10 2.4085E+12 1.10443E+9 2.4085E+12 1.10443E+9 2.4085E+12 1.10443E+9 1.0893E+12 7.78053E+8
5051 5.64292E+13 1.78467E+10 2.40535E+12 1.10371E+9 2.40535E+12 1.10371E+9 2.40535E+12 1.10371E+9 1.08609E+12 7.76972E+8
5052 5.64344E+13 1.78483E+10 2.40755E+12 1.10423E+9 2.40755E+12 1.10423E+9 2.40755E+12 1.10423E+9 1.08907E+12 7.78066E+8
5053 5.64394E+13 1.78499E+10 2.40974E+12 1.10461E+9 2.40974E+12 1.10461E+9 2.40974E+12 1.10461E+9 1.08824E+12 7.77774E+8
5054 5.64445E+13 1.78516E+10 2.41463E+12 1.10608E+9 2.41463E+12 1.10608E+9 2.41463E+12 1.10608E+9 1.09119E+12 7.7886E+8
5055 5.64497E+13 1.78532E+10 2.40827E+12 1.10445E+9 2.40827E+12 1.10445E+9 2.40827E+12 1.10445E+9 1.08565E+12 7.76922E+8
5056 5.64544E+13 1.78547E+10 2.41402E+12 1.10609E+9 2.41402E+12 1.10609E+9 2.41402E+12 1.10609E+9 1.09228E+12 7.79315E+8
5057 5.64589E+13 1.78561E+10 2.41615E+12 1.1064E+9 2.41615E+12 1.1064E+9 2.41615E+12 1.1064E+9 1.08686E+12 7.77427E+8
5058 5.64642E+13 1.78578E+10 2.41886E+12 1.10693E+9 2.41886E+12 1.10693E+9 2.41886E+12 1.10693E+9 1.0906E+12 7.78802E+8
5059 5.6469E+13 1.78593E+10 2.42222E+12 1.10794E+9 2.42222E+12 1.10794E+9 2.42222E+12 1.10794E+9 1.09214E+12 7.79416E+8
5060 5.64746E+13 1.78611E+10 2.42507E+12 1.10874E+9 2.42507E+12 1.10874E+9 2.42507E+12 1.10874E+9 1.09002E+12 7.78686E+8
5061 5.64788E+13 1.78624E+10 2.43134E+12 1.11003E+9 2.43134E+12 1.11003E+9 2.43134E+12 1.11003E+9 1.09172E+12 7.79342E+8
5062 5.64842E+13 1.78641E+10 2.43593E+12 1.11142E+9 2.43593E+12 1.11142E+9 2.43593E+12 1.11142E+9 1.0944E+12 7.80325E+8
5063 5.64889E+13 1.78656E+10 2.43176E+12 1.11025E+9 2.43176E+12 1.11025E+9 2.43176E+12 1.11025E+9 1.09145E+12 7.79285E+8
5064 5.64943E+13 1.78673E+10 2.44037E+12 1.11229E+9 2.44037E+12 1.11229E+9 2.44037E+12 1.11229E+9 1.0973E+12 7.81425E+8
5065 5.64996E+13 1.7869E+10 2.44372E+12 1.11338E+9 2.44372E+12 1.11338E+9 2.44372E+12 1.11338E+9 1.09983E+12 7.82356E+8
5066 5.6504E+13 1.78703E+10 2.44497E+12 1.11378E+9 2.44497E+12 1.11378E+9 2.44497E+12 1.11378E+9 1.09935E+12 7.8224E+8
5067 5.65086E+13 1.78718E+10 2.44201E+12 1.11291E+9 2.44201E+12 1.11291E+9 2.44201E+12 1.11291E+9 1.09753E+12 7.81584E+8
5068 5.65136E+13 1.78734E+10 2.44676E+12 1.11392E+9 2.44676E+12 1.11392E+9 2.44676E+12 1.11392E+9 1.09794E+12 7.81786E+8
5069 5.65192E+13 1.78751E+10 2.44599E+12 1.11382E+9 2.44599E+12 1.11382E+9 2.44599E+12 1.11382E+9 1.09583E+12 7.81059E+8
5070 5.65232E+13 1.78764E+10 2.4531E+12 1.11543E+9 2.4531E+12 1.11543E+9 2.4531E+12 1.11543E+9 1.09751E+12 7.81707E+8
5071 5.65288E+13 1.78782E+10 2.45607E+12 1.11625E+9 2.45607E+12 1.11625E+9 2.45607E+12 1.11625E+9 1.10307E+12 7.83722E+8
5072 5.65341E+13 1.78799E+10 2.45634E+12 1.11629E+9 2.45634E+12 1.11629E+9 2.45634E+12 1.11629E+9 1.09746E+12 7.81758E+8
5073 5.65385E+13 1.78813E+10 2.45835E+12 1.11694E+9 2.45835E+12 1.11694E+9 2.45835E+12 1.11694E+9 1.10042E+12 7.82837E+8
5074 5.65436E+13 1.78829E+10 2.46132E+12 1.11772E+9 2.46132E+12 1.11772E+9 2.46132E+12 1.11772E+9 1.10059E+12 7.82918E+8
5075 5.65482E+13 1.78843E+10 2.46173E+12 1.11776E+9 2.46173E+12 1.11776E+9 2.46173E+12 1.11776E+9 1.10047E+12 7.82933E+8
5076 5.65531E+13 1.78859E+10 2.46888E+12 1.11937E+9 2.46888E+12 1.11937E+9 2.46888E+12 1.11937E+9 1.10415E+12 7.84268E+8
5077 5.65581E+13 1.78875E+10 2.46294E+12 1.11801E+9 2.46294E+12 1.11801E+9 2.46294E+12 1.11801E+9 1.0985E+12 7.82288E+8
5078 5.65631E+13 1.78891E+10 2.47257E+12 1.12018E+9 2.47257E+12 1.12018E+9 2.47257E+12 1.12018E+9 1.10273E+12 7.83795E+8
5079 5.65684E+13 1.78907E+10 2.47433E+12 1.12086E+9 2.47433E+12 1.12086E+9 2.47433E+12 1.12086E+9 1.1064E+12 7.8517E+8
5080 5.65732E+13 1.78922E+10 2.4781E+12 1.12165E+9 2.4781E+12 1.12165E+9 2.4781E+12 1.12165E+9 1.10636E+12 7.85193E+8
5081 5.65783E+13 1.78939E+10 2.47455E+12 1.12081E+9 2.47455E+12 1.12081E+9 2.47455E+12 1.12081E+9 1.10292E+12 7.83989E+8
5082 5.65831E+13 1.78954E+10 2.47973E+12 1.12206E+9 2.47973E+12 1.12206E+9 2.47973E+12 1.12206E+9 1.10334E+12 7.84201E+8
5083 5.6588E+13 1.78969E+10 2.47633E+12 1.1212E+9 2.47633E+12 1.1212E+9 2.47633E+12 1.1212E+9 1.10067E+12 7.83273E+8
5084 5.65934E+13 1.78986E+10 2.4862E+12 1.12365E+9 2.4862E+12 1.12365E+9 2.4862E+12 1.12365E+9 1.10509E+12 7.84914E+8
5085 5.65981E+13 1.79001E+10 2.48357E+12 1.12325E+9 2.48357E+12 1.12325E+9 2.48357E+12 1.12325E+9 1.10554E+12 7.85082E+8
5086 5.66033E+13 1.79018E+10 2.48401E+12 1.12334E+9 2.48401E+12 1.12334E+9 2.48401E+12 1.12334E+9 1.10531E+12 7.8505E+8
5087 5.66082E+13 1.79033E+10 2.48585E+12 1.12374E+9 2.48585E+12 1.12374E+9 2.48585E+12 1.12374E+9 1.10562E+12 7.85155E+8
5088 5.6613E+13 1.79048E+10 2.49894E+12 1.127E+9 2.49894E+12 1.127E+9 2.49894E+12 1.127E+9 1.11387E+12 7.88135E+8
5089 5.66177E+13 1.79063E+10 2.49685E+12 1.12633E+9 2.49685E+12 1.12633E+9 2.49685E+12 1.12633E+9 1.11179E+12 7.87443E+8
5090 5.66227E+13 1.79079E+10 2.49597E+12 1.12606E+9 2.49597E+12 1.12606E+9 2.49597E+12 1.12606E+9 1.10685E+12 7.85704E+8
5091 5.66278E+13 1.79095E+10 2.49617E+12 1.12622E+9 2.49617E+12 1.12622E+9 2.49617E+12 1.12622E+9 1.10677E+12 7.85753E+8
5092 5.6633E+13 1.79112E+10 2.49628E+12 1.12645E+9 2.49628E+12 1.12645E+9 2.49628E+12 1.12645E+9 1.10964E+12 7.8678E+8
5093 5.66381E+13 1.79128E+10 2.50035E+12 1.12747E+9 2.50035E+12 1.12747E+9 2.50035E+12 1.12747E+9 1.10986E+12 7.86924E+8
5094 5.66427E+13 1.79142E+10 2.4997E+12 1.1272E+9 2.4997E+12 1.1272E+9 2.4997E+12 1.1272E+9 1.10715E+12 7.85959E+8
5095 5.66474E+13 1.79157E+10 2.50361E+12 1.12817E+9 2.50361E+12 1.12817E+9 2.50361E+12 1.12817E+9 1.10624E+12 7.85688E+8
5096 5.66526E+13 1.79174E+10 2.5023E+12 1.12802E+9 2.5023E+12 1.12802E+9 2.5023E+12 1.12802E+9 1.1109E+12 7.87387E+8
5097 5.66573E+13 1.79188E+10 2.51145E+12 1.13016E+9 2.51145E+12 1.13016E+9 2.51145E+12 1.13016E+9 1.11477E+12 7.88767E+8
5098 5.66625E+13 1.79205E+10 2.50903E+12 1.12971E+9 2.50903E+12 1.12971E+9 2.50903E+12 1.12971E+9 1.11498E+12 7.88896E+8
5099 5.66667E+13 1.79218E+10 2.50661E+12 1.12901E+9 2.50661E+12 1.12901E+9 2.50661E+12 1.12901E+9 1.10714E+12 7.86161E+8
5100 5.66718E+13 1.79234E+10 2.51187E+12 1.13021E+9 2.51187E+12 1.13021E+9 2.51187E+12 1.13021E+9 1.11044E+12 7.87337E+8
5101 5.66771E+13 1.79251E+10 2.51479E+12 1.13114E+9 2.51479E+12 1.13114E+9 2.51479E+12 1.13114E+9 1.11399E+12 7.88663E+8
5102 5.66824E+13 1.79268E+10 2.5206E+12 1.13249E+9 2.5206E+12 1.13249E+9 2.5206E+12 1.13249E+9 1.11796E+12 7.90105E+8
5103 5.66872E+13 1.79283E+10 2.51744E+12 1.13166E+9 2.51744E+12 1.13166E+9 2.51744E+12 1.13166E+9 1.11181E+12 7.87958E+8
5104 5.66919E+13 1.79298E+10 2.51617E+12 1.13149E+9 2.51617E+12 1.13149E+9 2.51617E+12 1.13149E+9 1.11087E+12 7.87633E+8
5105 5.66968E+13 1.79313E+10 2.51968E+12 1.13238E+9 2.51968E+12 1.13238E+9 2.51968E+12 1.13238E+9 1.11157E+12 7.87942E+8
5106 5.67019E+13 1.79329E+10 2.52339E+12 1.13316E+9 2.52339E+12 1.13316E+9 2.52339E+12 1.13316E+9 1.11367E+12 7.88719E+8
5107 5.67067E+13 1.79345E+10 2.52215E+12 1.13291E+9 2.52215E+12 1.13291E+9 2.52215E+12 1.13291E+9 1.11093E+12 7.87794E+8
5108 5.67117E+13 1.7936E+10 2.52656E+12 1.13403E+9 2.52656E+12 1.13403E+9 2.52656E+12 1.13403E+9 1.11305E+12 7.88573E+8
5109 5.67167E+13 1.79376E+10 2.52209E+12 1.13306E+9 2.52209E+12 1.13306E+9 2.52209E+12 1.13306E+9 1.11207E+12 7.88247E+8
5110 5.67209E+13 1.7939E+10 2.52029E+12 1.13249E+9 2.52029E+12 1.13249E+9 2.52029E+12 1.13249E+9 1.10831E+12 7.86973E+8
5111 5.67266E+13 1.79408E+10 2.5293E+12 1.13475E+9 2.5293E+12 1.13475E+9 2.5293E+12 1.13475E+9 1.11162E+12 7.88194E+8
5112 5.67306E+13 1.7942E+10 2.52487E+12 1.13373E+9 2.52487E+12 1.13373E+9 2.52487E+12 1.13373E+9 1.10923E+12 7.8734E+8
5113 5.67363E+13 1.79438E+10 2.5345E+12 1.13619E+9 2.5345E+12 1.13619E+9 2.5345E+12 1.13619E+9 1.11603E+12 7.89796E+8
5114 5.6741E+13 1.79453E+10 2.52943E+12 1.1349E+9 2.52943E+12 1.1349E+9 2.52943E+12 1.1349E+9 1.11096E+12 7.88053E+8
5115 5.6746E+13 1.79469E+10 2.53667E+12 1.1366E+9 2.53667E+12 1.1366E+9 2.53667E+12 1.1366E+9 1.11692E+12 7.90182E+8
5116 5.67502E+13 1.79482E+10 2.54314E+12 1.13822E+9 2.54314E+12 1.13822E+9 2.54314E+12 1.13822E+9 1.11876E+12 7.90879E+8
5117 5.67552E+13 1.79498E+10 2.54183E+12 1.13795E+9 2.54183E+12 1.13795E+9 2.54183E+12 1.13795E+9 1.1166E+12 7.90133E+8
5118 5.6761E+13 1.79516E+10 2.54251E+12 1.13795E+9 2.54251E+12 1.13795E+9 2.54251E+12 1.13795E+9 1.11642E+12 7.9012E+8
5119 5.67657E+13 1.79531E+10 2.53773E+12 1.13712E+9 2.53773E+12 1.13712E+9 2.53773E+12 1.13712E+9 1.11052E+12 7.88069E+8
5120 5.67704E+13 1.79546E+10 2.54163E+12 1.13796E+9 2.54163E+12 1.13796E+9 2.54163E+12 1.13796E+9 1.11424E+12 7.89433E+8
5121 5.67752E+13 1.79561E+10 2.54259E+12 1.13804E+9 2.54259E+12 1.13804E+9 2.54259E+12 1.13804E+9 1.11293E+12 7.8902E+8
5122 5.67802E+13 1.79577E+10 2.54934E+12 1.13968E+9 2.54934E+12 1.13968E+9 2.54934E+12 1.13968E+9 1.11759E+12 7.90681E+8
5123 5.67846E+13 1.79591E+10 2.54779E+12 1.13967E+9 2.54779E+12 1.13967E+9 2.54779E+12 1.13967E+9 1.11688E+12 7.90439E+8
5124 5.67898E+13 1.79607E+10 2.55009E+12 1.13991E+9 2.55009E+12 1.13991E+9 2.55009E+12 1.13991E+9 1.11458E+12 7.89683E+8
5125 5.67952E+13 1.79624E+10 2.55753E+12 1.14175E+9 2.55753E+12 1.14175E+9 2.55753E+12 1.14175E+9 1.11803E+12 7.9095E+8
5126 5.67994E+13 1.79638E+10 2.55125E+12 1.14039E+9 2.55125E+12 1.14039E+9 2.55125E+12 1.14039E+9 1.11465E+12 7.89793E+8
5127 5.68041E+13 1.79653E+10 2.55411E+12 1.14106E+9 2.55411E+12 1.14106E+9 2.55411E+12 1.14106E+9 1.11504E+12 7.89962E+8
5128 5.68091E+13 1.79669E+10 2.5603E+12 1.14268E+9 2.5603E+12 1.14268E+9 2.5603E+12 1.14268E+9 1.1193E+12 7.91517E+8
5129 5.68144E+13 1.79685E+10 2.56066E+12 1.14258E+9 2.56066E+12 1.14258E+9 2.56066E+12 1.14258E+9 1.11544E+12 7.90178E+8
5130 5.68186E+13 1.79699E+10 2.55727E+12 1.14188E+9 2.55727E+12 1.14188E+9 2.55727E+12 1.14188E+9 1.11508E+12 7.90077E+8
5131 5.68244E+13 1.79717E+10 2.55561E+12 1.14149E+9 2.55561E+12 1.14149E+9 2.55561E+12 1.14149E+9 1.11341E+12 7.89509E+8
5132 5.68289E+13 1.79731E+10 2.56748E+12 1.14432E+9 2.56748E+12 1.14432E+9 2.56748E+12 1.14432E+9 1.1183E+12 7.91327E+8
5133 5.68337E+13 1.79746E+10 2.56886E+12 1.1447E+9 2.56886E+12 1.1447E+9 2.56886E+12 1.1447E+9 1.11951E+12 7.91747E+8
5134 5.68388E+13 1.79762E+10 2.5671E+12 1.14438E+9 2.5671E+12 1.14438E+9 2.5671E+12 1.14438E+9 1.11661E+12 7.90782E+8
5135 5.68441E+13 1.79779E+10 2.56621E+12 1.14414E+9 2.56621E+12 1.14414E+9 2.56621E+12 1.14414E+9 1.11544E+12 7.90382E+8
5136 5.68482E+13 1.79792E+10 2.56938E+12 1.14496E+9 2.56938E+12 1.14496E+9 2.56938E+12 1.14496E+9 1.11863E+12 7.91576E+8
5137 5.68533E+13 1.79808E+10 2.57134E+12 1.14551E+9 2.57134E+12 1.14551E+9 2.57134E+12 1.14551E+9 1.1194E+12 7.91896E+8
5138 5.68584E+13 1.79824E+10 2.57267E+12 1.14575E+9 2.57267E+12 1.14575E+9 2.57267E+12 1.14575E+9 1.11681E+12 7.90977E+8
5139 5.68634E+13 1.7984E+10 2.57374E+12 1.14606E+9 2.57374E+12 1.14606E+9 2.57374E+12 1.14606E+9 1.11614E+12 7.90774E+8
5140 5.68673E+13 1.79853E+10 2.58084E+12 1.14777E+9 2.58084E+12 1.14777E+9 2.58084E+12 1.14777E+9 1.12157E+12 7.92739E+8
5141 5.68725E+13 1.79869E+10 2.56998E+12 1.14529E+9 2.56998E+12 1.14529E+9 2.56998E+12 1.14529E+9 1.11682E+12 7.91074E+8
5142 5.68776E+13 1.79885E+10 2.57825E+12 1.14723E+9 2.57825E+12 1.14723E+9 2.57825E+12 1.14723E+9 1.11974E+12 7.92157E+8
5143 5.68825E+13 1.79901E+10 2.5749E+12 1.14645E+9 2.5749E+12 1.14645E+9 2.5749E+12 1.14645E+9 1.11883E+12 7.91848E+8
5144 5.68872E+13 1.79916E+10 2.58211E+12 1.14818E+9 2.58211E+12 1.14818E+9 2.58211E+12 1.14818E+9 1.11954E+12 7.92146E+8
5145 5.68921E+13 1.79931E+10 2.58441E+12 1.14883E+9 2.58441E+12 1.14883E+9 2.58441E+12 1.14883E+9 1.11951E+12 7.92183E+8
5146 5.68972E+13 1.79947E+10 2.58845E+12 1.14972E+9 2.58845E+12 1.14972E+9 2.58845E+12 1.14972E+9 1.11893E+12 7.92002E+8
5147 5.69021E+13 1.79962E+10 2.58753E+12 1.14952E+9 2.58753E+12 1.14952E+9 2.58753E+12 1.14952E+9 1.11716E+12 7.91446E+8
5148 5.69066E+13 1.79977E+10 2.58638E+12 1.14931E+9 2.58638E+12 1.14931E+9 2.58638E+12 1.14931E+9 1.1199E+12 7.92425E+8
5149 5.69115E+13 1.79992E+10 2.59275E+12 1.1508E+9 2.59275E+12 1.1508E+9 2.59275E+12 1.1508E+9 1.12083E+12 7.92801E+8
5150 5.69165E+13 1.80008E+10 2.58654E+12 1.14975E+9 2.58654E+12 1.14975E+9 2.58654E+12 1.14975E+9 1.12197E+12 7.93283E+8
5151 5.69215E+13 1.80024E+10 2.58518E+12 1.14924E+9 2.58518E+12 1.14924E+9 2.58518E+12 1.14924E+9 1.11668E+12 7.91395E+8
5152 5.69259E+13 1.80038E+10 2.58906E+12 1.15017E+9 2.58906E+12 1.15017E+9 2.58906E+12 1.15017E+9 1.11658E+12 7.91388E+8
5153 5.6931E+13 1.80054E+10 2.59983E+12 1.15272E+9 2.59983E+12 1.15272E+9 2.59983E+12 1.15272E+9 1.12584E+12 7.94701E+8
5154 5.69361E+13 1.8007E+10 2.58914E+12 1.15025E+9 2.58914E+12 1.15025E+9 2.58914E+12 1.15025E+9 1.11713E+12 7.91653E+8
5155 5.69411E+13 1.80086E+10 2.59341E+12 1.15133E+9 2.59341E+12 1.15133E+9 2.59341E+12 1.15133E+9 1.1195E+12 7.92552E+8
5156 5.69453E+13 1.80099E+10 2.59726E+12 1.15207E+9 2.59726E+12 1.15207E+9 2.59726E+12 1.15207E+9 1.11606E+12 7.91339E+8
5157 5.69506E+13 1.80116E+10 2.60081E+12 1.15308E+9 2.60081E+12 1.15308E+9 2.60081E+12 1.15308E+9 1.12065E+12 7.93027E+8
5158 5.69548E+13 1.80129E+10 2.60268E+12 1.15334E+9 2.60268E+12 1.15334E+9 2.60268E+12 1.15334E+9 1.12156E+12 7.93378E+8
5159 5.69599E+13 1.80145E+10 2.61326E+12 1.15603E+9 2.61326E+12 1.15603E+9 2.61326E+12 1.15603E+9 1.12472E+12 7.9454E+8
5160 5.69646E+13 1.8016E+10 2.60198E+12 1.15339E+9 2.60198E+12 1.15339E+9 2.60198E+12 1.15339E+9 1.11777E+12 7.92113E+8
5161 5.69697E+13 1.80176E+10 2.60314E+12 1.15371E+9 2.60314E+12 1.15371E+9 2.60314E+12 1.15371E+9 1.11995E+12 7.92911E+8
5162 5.69746E+13 1.80192E+10 2.60505E+12 1.15418E+9 2.60505E+12 1.15418E+9 2.60505E+12 1.15418E+9 1.1204E+12 7.93091E+8
5163 5.69793E+13 1.80207E+10 2.61048E+12 1.15552E+9 2.61048E+12 1.15552E+9 2.61048E+12 1.15552E+9 1.12477E+12 7.9469E+8
5164 5.69843E+13 1.80223E+10 2.60836E+12 1.15514E+9 2.60836E+12 1.15514E+9 2.60836E+12 1.15514E+9 1.12016E+12 7.93086E+8
5165 5.69892E+13 1.80238E+10 2.61718E+12 1.15711E+9 2.61718E+12 1.15711E+9 2.61718E+12 1.15711E+9 1.12393E+12 7.94469E+8
5166 5.69937E+13 1.80252E+10 2.60965E+12 1.15546E+9 2.60965E+12 1.15546E+9 2.60965E+12 1.15546E+9 1.11864E+12 7.92631E+8
5167 5.69983E+13 1.80267E+10 2.61709E+12 1.15712E+9 2.61709E+12 1.15712E+9 2.61709E+12 1.15712E+9 1.1239E+12 7.94516E+8
5168 5.70032E+13 1.80282E+10 2.61976E+12 1.15805E+9 2.61976E+12 1.15805E+9 2.61976E+12 1.15805E+9 1.1234E+12 7.94391E+8
5169 5.70086E+13 1.80299E+10 2.61145E+12 1.15599E+9 2.61145E+12 1.15599E+9 2.61145E+12 1.15599E+9 1.1179E+12 7.92464E+8
5170 5.70136E+13 1.80315E+10 2.61838E+12 1.15755E+9 2.61838E+12 1.15755E+9 2.61838E+12 1.15755E+9 1.12243E+12 7.94144E+8
5171 5.70178E+13 1.80329E+10 2.61406E+12 1.15663E+9 2.61406E+12 1.15663E+9 2.61406E+12 1.15663E+9 1.12369E+12 7.94619E+8
5172 5.70227E+13 1.80344E+10 2.61617E+12 1.15735E+9 2.61617E+12 1.15735E+9 2.61617E+12 1.15735E+9 1.12121E+12 7.93773E+8
5173 5.70272E+13 1.80358E+10 2.63329E+12 1.16102E+9 2.63329E+12 1.16102E+9 2.63329E+12 1.16102E+9 1.13058E+12 7.971E+8
5174 5.70327E+13 1.80376E+10 2.62893E+12 1.16016E+9 2.62893E+12 1.16016E+9 2.62893E+12 1.16016E+9 1.1244E+12 7.94978E+8
5175 5.70371E+13 1.80389E+10 2.62975E+12 1.16039E+9 2.62975E+12 1.16039E+9 2.62975E+12 1.16039E+9 1.12557E+12 7.95391E+8
5176 5.70417E+13 1.80404E+10 2.62474E+12 1.15934E+9 2.62474E+12 1.15934E+9 2.62474E+12 1.15934E+9 1.12139E+12 7.93954E+8
5177 5.70471E+13 1.80421E+10 2.6249E+12 1.15935E+9 2.6249E+12 1.15935E+9 2.6249E+12 1.15935E+9 1.12127E+12 7.93932E+8
5178 5.70522E+13 1.80437E+10 2.63198E+12 1.16108E+9 2.63198E+12 1.16108E+9 2.63198E+12 1.16108E+9 1.12348E+12 7.94774E+8
5179 5.7056E+13 1.80449E+10 2.63353E+12 1.16148E+9 2.63353E+12 1.16148E+9 2.63353E+12 1.16148E+9 1.12665E+12 7.95937E+8
5180 5.70609E+13 1.80465E+10 2.63614E+12 1.16206E+9 2.63614E+12 1.16206E+9 2.63614E+12 1.16206E+9 1.12498E+12 7.95373E+8
5181 5.70659E+13 1.80481E+10 2.63113E+12 1.16069E+9 2.63113E+12 1.16069E+9 2.63113E+12 1.16069E+9 1.1198E+12 7.93598E+8
5182 5.70702E+13 1.80494E+10 2.62968E+12 1.1607E+9 2.62968E+12 1.1607E+9 2.62968E+12 1.1607E+9 1.12164E+12 7.94248E+8
5183 5.70755E+13 1.80511E+10 2.63178E+12 1.16121E+9 2.63178E+12 1.16121E+9 2.63178E+12 1.16121E+9 1.12172E+12 7.94326E+8
5184 5.70801E+13 1.80526E+10 2.633E+12 1.16154E+9 2.633E+12 1.16154E+9 2.633E+12 1.16154E+9 1.1236E+12 7.95029E+8
5185 5.70849E+13 1.80541E+10 2.64248E+12 1.16358E+9 2.64248E+12 1.16358E+9 2.64248E+12 1.16358E+9 1.12465E+12 7.95426E+8
5186 5.70901E+13 1.80557E+10 2.64227E+12 1.1637E+9 2.64227E+12 1.1637E+9 2.64227E+12 1.1637E+9 1.12345E+12 7.95051E+8
5187 5.70948E+13 1.80572E+10 2.64542E+12 1.16453E+9 2.64542E+12 1.16453E+9 2.64542E+12 1.16453E+9 1.12745E+12 7.96509E+8
5188 5.70992E+13 1.80586E+10 2.6455E+12 1.16435E+9 2.6455E+12 1.16435E+9 2.6455E+12 1.16435E+9 1.12447E+12 7.9546E+8
5189 5.71043E+13 1.80602E+10 2.64093E+12 1.16371E+9 2.64093E+12 1.16371E+9 2.64093E+12 1.16371E+9 1.12515E+12 7.95751E+8
5190 5.71088E+13 1.80616E+10 2.64997E+12 1.16564E+9 2.64997E+12 1.16564E+9 2.64997E+12 1.16564E+9 1.12665E+12 7.96324E+8
5191 5.71134E+13 1.80631E+10 2.63867E+12 1.16324E+9 2.63867E+12 1.16324E+9 2.63867E+12 1.16324E+9 1.12028E+12 7.94097E+8
5192 5.71184E+13 1.80647E+10 2.65453E+12 1.16679E+9 2.65453E+12 1.16679E+9 2.65453E+12 1.16679E+9 1.12702E+12 7.96521E+8
5193 5.71233E+13 1.80662E+10 2.65161E+12 1.16605E+9 2.65161E+12 1.16605E+9 2.65161E+12 1.16605E+9 1.12499E+12 7.95821E+8
5194 5.71287E+13 1.80679E+10 2.6502E+12 1.16591E+9 2.6502E+12 1.16591E+9 2.6502E+12 1.16591E+9 1.12672E+12 7.96519E+8
5195 5.71329E+13 1.80693E+10 2.64934E+12 1.16584E+9 2.64934E+12 1.16584E+9 2.64934E+12 1.16584E+9 1.1217E+12 7.94762E+8
5196 5.71377E+13 1.80708E+10 2.65345E+12 1.16667E+9 2.65345E+12 1.16667E+9 2.65345E+12 1.16667E+9 1.12364E+12 7.95464E+8
5197 5.71431E+13 1.80725E+10 2.65782E+12 1.16774E+9 2.65782E+12 1.16774E+9 2.65782E+12 1.16774E+9 1.12561E+12 7.96235E+8
5198 5.71473E+13 1.80738E+10 2.65605E+12 1.16739E+9 2.65605E+12 1.16739E+9 2.65605E+12 1.16739E+9 1.12274E+12 7.95236E+8
5199 5.71525E+13 1.80754E+10 2.66453E+12 1.16951E+9 2.66453E+12 1.16951E+9 2.66453E+12 1.16951E+9 1.13084E+12 7.98137E+8
5200 5.71572E+13 1.80769E+10 2.65968E+12 1.16809E+9 2.65968E+12 1.16809E+9 2.65968E+12 1.16809E+9 1.12395E+12 7.95705E+8
5201 5.71614E+13 1.80783E+10 2.66693E+12 1.16988E+9 2.66693E+12 1.16988E+9 2.66693E+12 1.16988E+9 1.1283E+12 7.9729E+8
5202 5.7167E+13 1.80801E+10 2.66094E+12 1.16868E+9 2.66094E+12 1.16868E+9 2.66094E+12 1.16868E+9 1.12455E+12 7.96049E+8
5203 5.7172E+13 1.80816E+10 2.6634E+12 1.16924E+9 2.6634E+12 1.16924E+9 2.6634E+12 1.16924E+9 1.12879E+12 7.9754E+8
5204 5.71762E+13 1.8083E+10 2.66391E+12 1.16942E+9 2.66391E+12 1.16942E+9 2.66391E+12 1.16942E+9 1.12514E+12 7.96278E+8
5205 5.71812E+13 1.80845E+10 2.66572E+12 1.16977E+9 2.66572E+12 1.16977E+9 2.66572E+12 1.16977E+9 1.12585E+12 7.96575E+8
5206 5.71849E+13 1.80857E+10 2.66451E+12 1.16948E+9 2.66451E+12 1.16948E+9 2.66451E+12 1.16948E+9 1.12431E+12 7.96076E+8
5207 5.71902E+13 1.80874E+10 2.66833E+12 1.17051E+9 2.66833E+12 1.17051E+9 2.66833E+12 1.17051E+9 1.12853E+12 7.97598E+8
5208 5.71953E+13 1.8089E+10 2.67027E+12 1.17098E+9 2.67027E+12 1.17098E+9 2.67027E+12 1.17098E+9 1.12188E+12 7.95256E+8
5209 5.72002E+13 1.80906E+10 2.67106E+12 1.17121E+9 2.67106E+12 1.17121E+9 2.67106E+12 1.17121E+9 1.12559E+12 7.96657E+8
5210 5.72049E+13 1.8092E+10 2.67823E+12 1.17286E+9 2.67823E+12 1.17286E+9 2.67823E+12 1.17286E+9 1.12651E+12 7.96985E+8
5211 5.72103E+13 1.80937E+10 2.67288E+12 1.17174E+9 2.67288E+12 1.17174E+9 2.67288E+12 1.17174E+9 1.12567E+12 7.96736E+8
5212 5.72142E+13 1.8095E+10 2.67833E+12 1.17301E+9 2.67833E+12 1.17301E+9 2.67833E+12 1.17301E+9 1.12911E+12 7.97978E+8
5213 5.72193E+13 1.80966E+10 2.67146E+12 1.17164E+9 2.67146E+12 1.17164E+9 2.67146E+12 1.17164E+9 1.12573E+12 7.9681E+8
5214 5.72239E+13 1.8098E+10 2.68261E+12 1.17411E+9 2.68261E+12 1.17411E+9 2.68261E+12 1.17411E+9 1.1299E+12 7.98333E+8
5215 5.72286E+13 1.80995E+10 2.67688E+12 1.17264E+9 2.67688E+12 1.17264E+9 2.67688E+12 1.17264E+9 1.12469E+12 7.9649E+8
5216 5.72334E+13 1.8101E+10 2.67907E+12 1.1733E+9 2.67907E+12 1.1733E+9 2.67907E+12 1.1733E+9 1.12384E+12 7.96242E+8
5217 5.72378E+13 1.81024E+10 2.68691E+12 1.1752E+9 2.68691E+12 1.1752E+9 2.68691E+12 1.1752E+9 1.12988E+12 7.98407E+8
5218 5.72427E+13 1.8104E+10 2.68147E+12 1.17394E+9 2.68147E+12 1.17394E+9 2.68147E+12 1.17394E+9 1.12573E+12 7.96978E+8
5219 5.72473E+13 1.81054E+10 2.68339E+12 1.1744E+9 2.68339E+12 1.1744E+9 2.68339E+12 1.1744E+9 1.12431E+12 7.96505E+8
5220 5.72525E+13 1.81071E+10 2.69159E+12 1.17647E+9 2.69159E+12 1.17647E+9 2.69159E+12 1.17647E+9 1.13068E+12 7.9882E+8
5221 5.72573E+13 1.81086E+10 2.68832E+12 1.17563E+9 2.68832E+12 1.17563E+9 2.68832E+12 1.17563E+9 1.12796E+12 7.97905E+8
5222 5.72621E+13 1.81101E+10 2.68728E+12 1.17545E+9 2.68728E+12 1.17545E+9 2.68728E+12 1.17545E+9 1.12437E+12 7.96665E+8
5223 5.72663E+13 1.81114E+10 2.68865E+12 1.17576E+9 2.68865E+12 1.17576E+9 2.68865E+12 1.17576E+9 1.12545E+12 7.97055E+8
5224 5.72713E+13 1.8113E+10 2.6895E+12 1.17618E+9 2.6895E+12 1.17618E+9 2.6895E+12 1.17618E+9 1.12593E+12 7.97277E+8
5225 5.72764E+13 1.81146E+10 2.67483E+12 1.17697E+9 2.67483E+12 1.17697E+9 2.67483E+12 1.17697E+9 1.12965E+12 7.98619E+8
5226 5.72807E+13 1.8116E+10 2.5755E+12 1.16902E+9 2.5755E+12 1.16902E+9 2.5755E+12 1.16902E+9 1.12866E+12 7.98332E+8
5227 5.72854E+13 1.81175E+10 2.38453E+12 1.13596E+9 2.38453E+12 1.13596E+9 2.38453E+12 1.13596E+9 1.12808E+12 7.98166E+8
5228 5.72902E+13 1.8119E+10 2.16034E+12 1.08775E+9 2.16034E+12 1.08775E+9 2.16034E+12 1.08775E+9 1.12303E+12 7.97438E+8
5229 5.72949E+13 1.81205E+10 1.89673E+12 1.02245E+9 1.89673E+12 1.02245E+9 1.89673E+12 1.02245E+9 1.03662E+12 7.79329E+8
5230 5.73E+13 1.81221E+10 1.52287E+12 9.4804E+8 1.52287E+12 9.4804E+8 1.52287E+12 9.4804E+8 6.80908E+11 6.6361E+8
5231 5.73043E+13 1.81235E+10 1.24149E+12 9.18734E+8 1.24149E+12 9.18734E+8 1.24149E+12 9.18734E+8 4.46762E+11 5.81934E+8
5232 5.73094E+13 1.81251E+10 1.6759E+12 9.72363E+8 1.6759E+12 9.72363E+8 1.6759E+12 9.72363E+8 8.61213E+11 7.28026E+8
5233 5.73142E+13 1.81266E+10 2.00453E+12 1.05054E+9 2.00453E+12 1.05054E+9 2.00453E+12 1.05054E+9 1.09142E+12 7.92029E+8
5234 5.7319E+13 1.81281E+10 2.24376E+12 1.10687E+9 2.24376E+12 1.10687E+9 2.24376E+12 1.10687E+9 1.13072E+12 7.99489E+8
5235 5.73234E+13 1.81295E+10 2.46064E+12 1.15114E+9 2.46064E+12 1.15114E+9 2.46064E+12 1.15114E+9 1.12879E+12 7.98701E+8
5236 5.73287E+13 1.81312E+10 2.64011E+12 1.17887E+9 2.64011E+12 1.17887E+9 2.64011E+12 1.17887E+9 1.12944E+12 7.98912E+8
5237 5.73329E+13 1.81325E+10 2.70825E+12 1.18249E+9 2.70825E+12 1.18249E+9 2.70825E+12 1.18249E+9 1.12854E+12 7.98664E+8
5238 5.73377E+13 1.8134E+10 2.71151E+12 1.18158E+9 2.71151E+12 1.18158E+9 2.71151E+12 1.18158E+9 1.12936E+12 7.98993E+8
5239 5.73427E+13 1.81356E+10 2.71246E+12 1.18213E+9 2.71246E+12 1.18213E+9 2.71246E+12 1.18213E+9 1.13265E+12 8.00203E+8
5240 5.73472E+13 1.8137E+10 2.7173E+12 1.18338E+9 2.7173E+12 1.18338E+9 2.7173E+12 1.18338E+9 1.13333E+12 8.00471E+8
5241 5.73521E+13 1.81386E+10 2.72211E+12 1.18415E+9 2.72211E+12 1.18415E+9 2.72211E+12 1.18415E+9 1.13555E+12 8.01281E+8
5242 5.73573E+13 1.81402E+10 2.72333E+12 1.18455E+9 2.72333E+12 1.18455E+9 2.72333E+12 1.18455E+9 1.1331E+12 8.00466E+8
5243 5.73617E+13 1.81416E+10 2.72773E+12 1.18543E+9 2.72773E+12 1.18543E+9 2.72773E+12 1.18543E+9 1.13337E+12 8.00581E+8
5244 5.73663E+13 1.81431E+10 2.72487E+12 1.18493E+9 2.72487E+12 1.18493E+9 2.72487E+12 1.18493E+9 1.13484E+12 8.01125E+8
5245 5.73712E+13 1.81446E+10 2.71776E+12 1.18315E+9 2.71776E+12 1.18315E+9 2.71776E+12 1.18315E+9 1.12611E+12 7.98085E+8
5246 5.73758E+13 1.81461E+10 2.72889E+12 1.18579E+9 2.72889E+12 1.18579E+9 2.72889E+12 1.18579E+9 1.1306E+12 7.99739E+8
5247 5.73811E+13 1.81477E+10 2.72573E+12 1.18529E+9 2.72573E+12 1.18529E+9 2.72573E+12 1.18529E+9 1.13381E+12 8.00909E+8
5248 5.73851E+13 1.8149E+10 2.72952E+12 1.18601E+9 2.72952E+12 1.18601E+9 2.72952E+12 1.18601E+9 1.12886E+12 7.99146E+8
5249 5.73903E+13 1.81507E+10 2.73375E+12 1.18679E+9 2.73375E+12 1.18679E+9 2.73375E+12 1.18679E+9 1.13008E+12 7.99633E+8
5250 5.73946E+13 1.8152E+10 2.73166E+12 1.18651E+9 2.73166E+12 1.18651E+9 2.73166E+12 1.18651E+9 1.13117E+12 8.00036E+8
5251 5.73994E+13 1.81535E+10 2.7302E+12 1.1862E+9 2.7302E+12 1.1862E+9 2.7302E+12 1.1862E+9 1.13105E+12 8.0004E+8
5252 5.7404E+13 1.8155E+10 2.73413E+12 1.18727E+9 2.73413E+12 1.18727E+9 2.73413E+12 1.18727E+9 1.13141E+12 8.00216E+8
5253 5.7409E+13 1.81566E+10 2.73696E+12 1.18783E+9 2.73696E+12 1.18783E+9 2.73696E+12 1.18783E+9 1.13177E+12 8.00373E+8
5254 5.74137E+13 1.81581E+10 2.73441E+12 1.18753E+9 2.73441E+12 1.18753E+9 2.73441E+12 1.18753E+9 1.13556E+12 8.01766E+8
5255 5.74188E+13 1.81597E+10 2.73137E+12 1.18684E+9 2.73137E+12 1.18684E+9 2.73137E+12 1.18684E+9 1.12978E+12 7.99752E+8
5256 5.74229E+13 1.8161E+10 2.74209E+12 1.18902E+9 2.74209E+12 1.18902E+9 2.74209E+12 1.18902E+9 1.12896E+12 7.99496E+8
5257 5.74272E+13 1.81623E+10 2.72941E+12 1.18637E+9 2.72941E+12 1.18637E+9 2.72941E+12 1.18637E+9 1.12703E+12 7.98843E+8
5258 5.74326E+13 1.8164E+10 2.74517E+12 1.18983E+9 2.74517E+12 1.18983E+9 2.74517E+12 1.18983E+9 1.13291E+12 8.00985E+8
5259 5.74374E+13 1.81655E+10 2.74643E+12 1.19026E+9 2.74643E+12 1.19026E+9 2.74643E+12 1.19026E+9 1.13215E+12 8.00711E+8
5260 5.74416E+13 1.81669E+10 2.7422E+12 1.18946E+9 2.7422E+12 1.18946E+9 2.7422E+12 1.18946E+9 1.1335E+12 8.01229E+8
5261 5.74467E+13 1.81685E+10 2.75121E+12 1.19151E+9 2.75121E+12 1.19151E+9 2.75121E+12 1.19151E+9 1.13576E+12 8.02057E+8
5262 5.74512E+13 1.81699E+10 2.73988E+12 1.18904E+9 2.73988E+12 1.18904E+9 2.73988E+12 1.18904E+9 1.13177E+12 8.0067E+8
5263 5.74562E+13 1.81715E+10 2.75307E+12 1.19209E+9 2.75307E+12 1.19209E+9 2.75307E+12 1.19209E+9 1.13473E+12 8.01779E+8
5264 5.74606E+13 1.81729E+10 2.75417E+12 1.19209E+9 2.75417E+12 1.19209E+9 2.75417E+12 1.19209E+9 1.12859E+12 7.99645E+8
5265 5.74653E+13 1.81744E+10 2.74513E+12 1.19006E+9 2.74513E+12 1.19006E+9 2.74513E+12 1.19006E+9 1.1288E+12 7.99756E+8
5266 5.74705E+13 1.8176E+10 2.75591E+12 1.1924E+9 2.75591E+12 1.1924E+9 2.75591E+12 1.1924E+9 1.13201E+12 8.00925E+8
5267 5.74744E+13 1.81773E+10 2.75426E+12 1.19229E+9 2.75426E+12 1.19229E+9 2.75426E+12 1.19229E+9 1.1328E+12 8.01238E+8
5268 5.74804E+13 1.81792E+10 2.75297E+12 1.19213E+9 2.75297E+12 1.19213E+9 2.75297E+12 1.19213E+9 1.13054E+12 8.0048E+8
5269 5.74842E+13 1.81804E+10 2.75614E+12 1.19283E+9 2.75614E+12 1.19283E+9 2.75614E+12 1.19283E+9 1.13494E+12 8.02069E+8
5270 5.74885E+13 1.81817E+10 2.75528E+12 1.19282E+9 2.75528E+12 1.19282E+9 2.75528E+12 1.19282E+9 1.13169E+12 8.00958E+8
5271 5.74937E+13 1.81834E+10 2.76196E+12 1.19428E+9 2.76196E+12 1.19428E+9 2.76196E+12 1.19428E+9 1.13508E+12 8.02202E+8
5272 5.74984E+13 1.81848E+10 2.76054E+12 1.19375E+9 2.76054E+12 1.19375E+9 2.76054E+12 1.19375E+9 1.12787E+12 7.9965E+8
5273 5.75034E+13 1.81864E+10 2.76497E+12 1.19501E+9 2.76497E+12 1.19501E+9 2.76497E+12 1.19501E+9 1.13701E+12 8.02946E+8
5274 5.75076E+13 1.81878E+10 2.76084E+12 1.1941E+9 2.76084E+12 1.1941E+9 2.76084E+12 1.1941E+9 1.1321E+12 8.0124E+8
5275 5.75121E+13 1.81892E+10 2.75859E+12 1.19358E+9 2.75859E+12 1.19358E+9 2.75859E+12 1.19358E+9 1.13071E+12 8.00786E+8
5276 5.75169E+13 1.81907E+10 2.77432E+12 1.19728E+9 2.77432E+12 1.19728E+9 2.77432E+12 1.19728E+9 1.13978E+12 8.04029E+8
5277 5.75219E+13 1.81923E+10 2.76949E+12 1.19613E+9 2.76949E+12 1.19613E+9 2.76949E+12 1.19613E+9 1.13246E+12 8.01438E+8
5278 5.75264E+13 1.81937E+10 2.76989E+12 1.19625E+9 2.76989E+12 1.19625E+9 2.76989E+12 1.19625E+9 1.13238E+12 8.01453E+8
5279 5.75312E+13 1.81952E+10 2.76424E+12 1.19519E+9 2.76424E+12 1.19519E+9 2.76424E+12 1.19519E+9 1.1325E+12 8.01536E+8
5280 5.75362E+13 1.81968E+10 2.77054E+12 1.19638E+9 2.77054E+12 1.19638E+9 2.77054E+12 1.19638E+9 1.13489E+12 8.02427E+8
5281 5.75409E+13 1.81983E+10 2.76904E+12 1.19615E+9 2.76904E+12 1.19615E+9 2.76904E+12 1.19615E+9 1.12758E+12 7.99889E+8
5282 5.75461E+13 1.81999E+10 2.78007E+12 1.19871E+9 2.78007E+12 1.19871E+9 2.78007E+12 1.19871E+9 1.13925E+12 8.04021E+8
5283 5.75498E+13 1.82011E+10 2.78582E+12 1.20023E+9 2.78582E+12 1.20023E+9 2.78582E+12 1.20023E+9 1.13899E+12 8.03981E+8
5284 5.75551E+13 1.82028E+10 2.77461E+12 1.19769E+9 2.77461E+12 1.19769E+9 2.77461E+12 1.19769E+9 1.13284E+12 8.01842E+8
5285 5.75597E+13 1.82042E+10 2.78431E+12 1.19968E+9 2.78431E+12 1.19968E+9 2.78431E+12 1.19968E+9 1.13433E+12 8.02406E+8
5286 5.75641E+13 1.82056E+10 2.78257E+12 1.19947E+9 2.78257E+12 1.19947E+9 2.78257E+12 1.19947E+9 1.13482E+12 8.02616E+8
5287 5.7569E+13 1.82072E+10 2.77732E+12 1.19836E+9 2.77732E+12 1.19836E+9 2.77732E+12 1.19836E+9 1.13093E+12 8.01291E+8
5288 5.75738E+13 1.82087E+10 2.78331E+12 1.19976E+9 2.78331E+12 1.19976E+9 2.78331E+12 1.19976E+9 1.13276E+12 8.01946E+8
5289 5.75781E+13 1.82101E+10 2.78275E+12 1.19974E+9 2.78275E+12 1.19974E+9 2.78275E+12 1.19974E+9 1.13637E+12 8.03244E+8
5290 5.75838E+13 1.82119E+10 2.78921E+12 1.20116E+9 2.78921E+12 1.20116E+9 2.78921E+12 1.20116E+9 1.13654E+12 8.03366E+8
5291 5.75875E+13 1.8213E+10 2.79016E+12 1.20142E+9 2.79016E+12 1.20142E+9 2.79016E+12 1.20142E+9 1.13588E+12 8.03169E+8
5292 5.75926E+13 1.82146E+10 2.79327E+12 1.20198E+9 2.79327E+12 1.20198E+9 2.79327E+12 1.20198E+9 1.1358E+12 8.03169E+8
5293 5.75964E+13 1.82158E+10 2.79453E+12 1.20245E+9 2.79453E+12 1.20245E+9 2.79453E+12 1.20245E+9 1.13858E+12 8.04173E+8
5294 5.76018E+13 1.82176E+10 2.78742E+12 1.20089E+9 2.78742E+12 1.20089E+9 2.78742E+12 1.20089E+9 1.13476E+12 8.02869E+8
5295 5.76062E+13 1.82189E+10 2.79641E+12 1.20303E+9 2.79641E+12 1.20303E+9 2.79641E+12 1.20303E+9 1.13525E+12 8.03093E+8
5296 5.7611E+13 1.82205E+10 2.79263E+12 1.20214E+9 2.79263E+12 1.20214E+9 2.79263E+12 1.20214E+9 1.13724E+12 8.03824E+8
5297 5.76156E+13 1.82219E+10 2.79985E+12 1.20369E+9 2.79985E+12 1.20369E+9 2.79985E+12 1.20369E+9 1.13298E+12 8.02352E+8
5298 5.76205E+13 1.82234E+10 2.79338E+12 1.20242E+9 2.79338E+12 1.20242E+9 2.79338E+12 1.20242E+9 1.13214E+12 8.02088E+8
5299 5.76251E+13 1.82249E+10 2.79735E+12 1.20321E+9 2.79735E+12 1.20321E+9 2.79735E+12 1.20321E+9 1.13597E+12 8.03462E+8
5300 5.76296E+13 1.82264E+10 2.79694E+12 1.20327E+9 2.79694E+12 1.20327E+9 2.79694E+12 1.20327E+9 1.13356E+12 8.02654E+8
5301 5.76345E+13 1.82279E+10 2.80181E+12 1.20437E+9 2.80181E+12 1.20437E+9 2.80181E+12 1.20437E+9 1.1365E+12 8.03735E+8
5302 5.76385E+13 1.82292E+10 2.80156E+12 1.20417E+9 2.80156E+12 1.20417E+9 2.80156E+12 1.20417E+9 1.13641E+12 8.03731E+8
5303 5.76439E+13 1.82309E+10 2.81115E+12 1.20664E+9 2.81115E+12 1.20664E+9 2.81115E+12 1.20664E+9 1.13796E+12 8.04313E+8
5304 5.7648E+13 1.82322E+10 2.81461E+12 1.20741E+9 2.81461E+12 1.20741E+9 2.81461E+12 1.20741E+9 1.14087E+12 8.0539E+8
5305 5.76536E+13 1.82339E+10 2.81331E+12 1.20721E+9 2.81331E+12 1.20721E+9 2.81331E+12 1.20721E+9 1.14235E+12 8.05925E+8
5306 5.76573E+13 1.82351E+10 2.81876E+12 1.20844E+9 2.81876E+12 1.20844E+9 2.81876E+12 1.20844E+9 1.14096E+12 8.05501E+8
5307 5.76626E+13 1.82368E+10 2.81771E+12 1.20809E+9 2.81771E+12 1.20809E+9 2.81771E+12 1.20809E+9 1.13863E+12 8.04688E+8
5308 5.76668E+13 1.82381E+10 2.80783E+12 1.20591E+9 2.80783E+12 1.20591E+9 2.80783E+12 1.20591E+9 1.13522E+12 8.03507E+8
5309 5.76716E+13 1.82396E+10 2.81622E+12 1.20796E+9 2.81622E+12 1.20796E+9 2.81622E+12 1.20796E+9 1.13579E+12 8.03759E+8
5310 5.76764E+13 1.82411E+10 2.81882E+12 1.20839E+9 2.81882E+12 1.20839E+9 2.81882E+12 1.20839E+9 1.13463E+12 8.03394E+8
5311 5.76809E+13 1.82426E+10 2.81892E+12 1.20876E+9 2.81892E+12 1.20876E+9 2.81892E+12 1.20876E+9 1.13996E+12 8.053E+8
5312 5.76853E+13 1.82439E+10 2.8234E+12 1.20963E+9 2.8234E+12 1.20963E+9 2.8234E+12 1.20963E+9 1.14026E+12 8.05459E+8
5313 5.76896E+13 1.82453E+10 2.81962E+12 1.20872E+9 2.81962E+12 1.20872E+9 2.81962E+12 1.20872E+9 1.13833E+12 8.04793E+8
5314 5.76948E+13 1.8247E+10 2.82485E+12 1.21001E+9 2.82485E+12 1.21001E+9 2.82485E+12 1.21001E+9 1.13936E+12 8.05185E+8
5315 5.76993E+13 1.82484E+10 2.82258E+12 1.20967E+9 2.82258E+12 1.20967E+9 2.82258E+12 1.20967E+9 1.14173E+12 8.06054E+8
5316 5.77039E+13 1.82498E+10 2.81921E+12 1.20877E+9 2.81921E+12 1.20877E+9 2.81921E+12 1.20877E+9 1.13462E+12 8.03555E+8
5317 5.77086E+13 1.82513E+10 2.82424E+12 1.20993E+9 2.82424E+12 1.20993E+9 2.82424E+12 1.20993E+9 1.13942E+12 8.05319E+8
5318 5.77136E+13 1.82529E+10 2.82038E+12 1.20915E+9 2.82038E+12 1.20915E+9 2.82038E+12 1.20915E+9 1.13572E+12 8.04026E+8
5319 5.77182E+13 1.82544E+10 2.83825E+12 1.21327E+9 2.83825E+12 1.21327E+9 2.83825E+12 1.21327E+9 1.14284E+12 8.0659E+8
5320 5.77228E+13 1.82558E+10 2.82635E+12 1.21056E+9 2.82635E+12 1.21056E+9 2.82635E+12 1.21056E+9 1.13777E+12 8.04814E+8
5321 5.77274E+13 1.82573E+10 2.83153E+12 1.21179E+9 2.83153E+12 1.21179E+9 2.83153E+12 1.21179E+9 1.13941E+12 8.05432E+8
5322 5.77317E+13 1.82586E+10 2.82521E+12 1.2105E+9 2.82521E+12 1.2105E+9 2.82521E+12 1.2105E+9 1.13628E+12 8.04357E+8
5323 5.77364E+13 1.82601E+10 2.83587E+12 1.21274E+9 2.83587E+12 1.21274E+9 2.83587E+12 1.21274E+9 1.1399E+12 8.05671E+8
5324 5.77416E+13 1.82618E+10 2.83544E+12 1.2127E+9 2.83544E+12 1.2127E+9 2.83544E+12 1.2127E+9 1.14006E+12 8.05755E+8
5325 5.77464E+13 1.82633E+10 2.83582E+12 1.21291E+9 2.83582E+12 1.21291E+9 2.83582E+12 1.21291E+9 1.13876E+12 8.05332E+8
5326 5.77504E+13 1.82645E+10 2.84092E+12 1.21416E+9 2.84092E+12 1.21416E+9 2.84092E+12 1.21416E+9 1.13971E+12 8.05712E+8
5327 5.77556E+13 1.82662E+10 2.84234E+12 1.21434E+9 2.84234E+12 1.21434E+9 2.84234E+12 1.21434E+9 1.141E+12 8.06217E+8
5328 5.77601E+13 1.82676E+10 2.84051E+12 1.21397E+9 2.84051E+12 1.21397E+9 2.84051E+12 1.21397E+9 1.13802E+12 8.05195E+8
5329 5.77642E+13 1.82689E+10 2.84403E+12 1.21483E+9 2.84403E+12 1.21483E+9 2.84403E+12 1.21483E+9 1.13947E+12 8.0572E+8
5330 5.77695E+13 1.82706E+10 2.84973E+12 1.216E+9 2.84973E+12 1.216E+9 2.84973E+12 1.216E+9 1.13915E+12 8.0566E+8
5331 5.77739E+13 1.8272E+10 2.84926E+12 1.21624E+9 2.84926E+12 1.21624E+9 2.84926E+12 1.21624E+9 1.14219E+12 8.06758E+8
5332 5.77779E+13 1.82733E+10 2.84443E+12 1.2151E+9 2.84443E+12 1.2151E+9 2.84443E+12 1.2151E+9 1.13892E+12 8.05625E+8
5333 5.77823E+13 1.82746E+10 2.84676E+12 1.21574E+9 2.84676E+12 1.21574E+9 2.84676E+12 1.21574E+9 1.13922E+12 8.05789E+8
5334 5.77876E+13 1.82763E+10 2.84878E+12 1.21625E+9 2.84878E+12 1.21625E+9 2.84878E+12 1.21625E+9 1.13997E+12 8.06086E+8
5335 5.77921E+13 1.82777E+10 2.84772E+12 1.21598E+9 2.84772E+12 1.21598E+9 2.84772E+12 1.21598E+9 1.13957E+12 8.05995E+8
5336 5.77967E+13 1.82792E+10 2.85454E+12 1.21731E+9 2.85454E+12 1.21731E+9 2.85454E+12 1.21731E+9 1.13951E+12 8.05998E+8
5337 5.78016E+13 1.82807E+10 2.84834E+12 1.21627E+9 2.84834E+12 1.21627E+9 2.84834E+12 1.21627E+9 1.13895E+12 8.05816E+8
5338 5.78064E+13 1.82823E+10 2.85598E+12 1.21782E+9 2.85598E+12 1.21782E+9 2.85598E+12 1.21782E+9 1.14236E+12 8.07066E+8
5339 5.78103E+13 1.82835E+10 2.85865E+12 1.21853E+9 2.85865E+12 1.21853E+9 2.85865E+12 1.21853E+9 1.14512E+12 8.08085E+8
5340 5.7815E+13 1.8285E+10 2.8547E+12 1.21781E+9 2.8547E+12 1.21781E+9 2.8547E+12 1.21781E+9 1.13797E+12 8.0558E+8
5341 5.78204E+13 1.82867E+10 2.8587E+12 1.21873E+9 2.8587E+12 1.21873E+9 2.8587E+12 1.21873E+9 1.14474E+12 8.08033E+8
5342 5.78242E+13 1.82879E+10 2.85684E+12 1.21833E+9 2.85684E+12 1.21833E+9 2.85684E+12 1.21833E+9 1.14078E+12 8.06641E+8
5343 5.78295E+13 1.82896E+10 2.86103E+12 1.21934E+9 2.86103E+12 1.21934E+9 2.86103E+12 1.21934E+9 1.13987E+12 8.06352E+8
5344 5.78335E+13 1.82908E+10 2.87261E+12 1.22186E+9 2.87261E+12 1.22186E+9 2.87261E+12 1.22186E+9 1.147E+12 8.08873E+8
5345 5.78387E+13 1.82925E+10 2.86261E+12 1.21958E+9 2.86261E+12 1.21958E+9 2.86261E+12 1.21958E+9 1.13824E+12 8.05821E+8
5346 5.7843E+13 1.82938E+10 2.85972E+12 1.21911E+9 2.85972E+12 1.21911E+9 2.85972E+12 1.21911E+9 1.14141E+12 8.06992E+8
5347 5.78478E+13 1.82953E+10 2.86649E+12 1.22049E+9 2.86649E+12 1.22049E+9 2.86649E+12 1.22049E+9 1.1405E+12 8.06728E+8
5348 5.78523E+13 1.82968E+10 2.86596E+12 1.22053E+9 2.86596E+12 1.22053E+9 2.86596E+12 1.22053E+9 1.13867E+12 8.06132E+8
5349 5.78571E+13 1.82983E+10 2.87011E+12 1.22134E+9 2.87011E+12 1.22134E+9 2.87011E+12 1.22134E+9 1.14495E+12 8.08347E+8
5350 5.78613E+13 1.82996E+10 2.8714E+12 1.22167E+9 2.8714E+12 1.22167E+9 2.8714E+12 1.22167E+9 1.13923E+12 8.06363E+8
5351 5.78657E+13 1.8301E+10 2.87294E+12 1.22217E+9 2.87294E+12 1.22217E+9 2.87294E+12 1.22217E+9 1.14107E+12 8.07033E+8
5352 5.78707E+13 1.83026E+10 2.87807E+12 1.22326E+9 2.87807E+12 1.22326E+9 2.87807E+12 1.22326E+9 1.1413E+12 8.0718E+8
5353 5.78752E+13 1.8304E+10 2.87777E+12 1.22333E+9 2.87777E+12 1.22333E+9 2.87777E+12 1.22333E+9 1.14188E+12 8.07406E+8
5354 5.78793E+13 1.83053E+10 2.87652E+12 1.22294E+9 2.87652E+12 1.22294E+9 2.87652E+12 1.22294E+9 1.14019E+12 8.06826E+8
5355 5.78845E+13 1.83069E+10 2.8772E+12 1.22321E+9 2.8772E+12 1.22321E+9 2.8772E+12 1.22321E+9 1.14027E+12 8.06903E+8
5356 5.78891E+13 1.83084E+10 2.88438E+12 1.22491E+9 2.88438E+12 1.22491E+9 2.88438E+12 1.22491E+9 1.14261E+12 8.07744E+8
5357 5.78935E+13 1.83098E+10 2.87706E+12 1.22311E+9 2.87706E+12 1.22311E+9 2.87706E+12 1.22311E+9 1.14038E+12 8.0702E+8
5358 5.78986E+13 1.83114E+10 2.88428E+12 1.22486E+9 2.88428E+12 1.22486E+9 2.88428E+12 1.22486E+9 1.14039E+12 8.07042E+8
5359 5.79029E+13 1.83128E+10 2.88557E+12 1.22535E+9 2.88557E+12 1.22535E+9 2.88557E+12 1.22535E+9 1.14142E+12 8.07451E+8
5360 5.79076E+13 1.83142E+10 2.88359E+12 1.22484E+9 2.88359E+12 1.22484E+9 2.88359E+12 1.22484E+9 1.14283E+12 8.07986E+8
5361 5.79115E+13 1.83155E+10 2.89115E+12 1.22664E+9 2.89115E+12 1.22664E+9 2.89115E+12 1.22664E+9 1.14253E+12 8.07916E+8
5362 5.79164E+13 1.8317E+10 2.88864E+12 1.22599E+9 2.88864E+12 1.22599E+9 2.88864E+12 1.22599E+9 1.14117E+12 8.07458E+8
5363 5.7921E+13 1.83185E+10 2.88757E+12 1.22591E+9 2.88757E+12 1.22591E+9 2.88757E+12 1.22591E+9 1.145E+12 8.08841E+8
5364 5.79257E+13 1.832E+10 2.88134E+12 1.22459E+9 2.88134E+12 1.22459E+9 2.88134E+12 1.22459E+9 1.1384E+12 8.06533E+8
5365 5.79301E+13 1.83214E+10 2.89629E+12 1.22798E+9 2.89629E+12 1.22798E+9 2.89629E+12 1.22798E+9 1.14987E+12 8.10622E+8
5366 5.79349E+13 1.83229E+10 2.89116E+12 1.2267E+9 2.89116E+12 1.2267E+9 2.89116E+12 1.2267E+9 1.14158E+12 8.0774E+8
5367 5.79396E+13 1.83244E+10 2.894E+12 1.2274E+9 2.894E+12 1.2274E+9 2.894E+12 1.2274E+9 1.14301E+12 8.08282E+8
5368 5.79435E+13 1.83256E+10 2.90023E+12 1.22875E+9 2.90023E+12 1.22875E+9 2.90023E+12 1.22875E+9 1.14565E+12 8.0922E+8
5369 5.79482E+13 1.83271E+10 2.89738E+12 1.22837E+9 2.89738E+12 1.22837E+9 2.89738E+12 1.22837E+9 1.14299E+12 8.08358E+8
5370 5.79533E+13 1.83287E+10 2.90225E+12 1.22932E+9 2.90225E+12 1.22932E+9 2.90225E+12 1.22932E+9 1.14142E+12 8.07791E+8
5371 5.7957E+13 1.83299E+10 2.90562E+12 1.22993E+9 2.90562E+12 1.22993E+9 2.90562E+12 1.22993E+9 1.14466E+12 8.08976E+8
5372 5.79623E+13 1.83315E+10 2.9026E+12 1.22941E+9 2.9026E+12 1.22941E+9 2.9026E+12 1.22941E+9 1.14533E+12 8.09274E+8
5373 5.79667E+13 1.8333E+10 2.89977E+12 1.22874E+9 2.89977E+12 1.22874E+9 2.89977E+12 1.22874E+9 1.14131E+12 8.07894E+8
5374 5.79708E+13 1.83343E+10 2.90663E+12 1.23044E+9 2.90663E+12 1.23044E+9 2.90663E+12 1.23044E+9 1.14466E+12 8.09082E+8
5375 5.79758E+13 1.83358E+10 2.90281E+12 1.22974E+9 2.90281E+12 1.22974E+9 2.90281E+12 1.22974E+9 1.14313E+12 8.08605E+8
5376 5.79808E+13 1.83374E+10 2.90745E+12 1.23044E+9 2.90745E+12 1.23044E+9 2.90745E+12 1.23044E+9 1.14406E+12 8.08959E+8
5377 5.79849E+13 1.83387E+10 2.91122E+12 1.23162E+9 2.91122E+12 1.23162E+9 2.91122E+12 1.23162E+9 1.14514E+12 8.09344E+8
5378 5.79896E+13 1.83402E+10 2.91406E+12 1.23226E+9 2.91406E+12 1.23226E+9 2.91406E+12 1.23226E+9 1.1426E+12 8.08494E+8
5379 5.7994E+13 1.83416E+10 2.91055E+12 1.2314E+9 2.91055E+12 1.2314E+9 2.91055E+12 1.2314E+9 1.1427E+12 8.08562E+8
5380 5.79981E+13 1.83429E+10 2.91253E+12 1.23207E+9 2.91253E+12 1.23207E+9 2.91253E+12 1.23207E+9 1.14229E+12 8.08451E+8
5381 5.80034E+13 1.83445E+10 2.91421E+12 1.23246E+9 2.91421E+12 1.23246E+9 2.91421E+12 1.23246E+9 1.14368E+12 8.08973E+8
5382 5.8008E+13 1.8346E+10 2.91059E+12 1.23179E+9 2.91059E+12 1.23179E+9 2.91059E+12 1.23179E+9 1.14152E+12 8.08255E+8
5383 5.80124E+13 1.83474E+10 2.91679E+12 1.23311E+9 2.91679E+12 1.23311E+9 2.91679E+12 1.23311E+9 1.14362E+12 8.09011E+8
5384 5.80165E+13 1.83487E+10 2.91904E+12 1.23332E+9 2.91904E+12 1.23332E+9 2.91904E+12 1.23332E+9 1.14022E+12 8.07855E+8
5385 5.80217E+13 1.83504E+10 2.92313E+12 1.23415E+9 2.92313E+12 1.23415E+9 2.92313E+12 1.23415E+9 1.14191E+12 8.08467E+8
5386 5.80261E+13 1.83517E+10 2.9163E+12 1.23309E+9 2.9163E+12 1.23309E+9 2.9163E+12 1.23309E+9 1.1454E+12 8.09755E+8
5387 5.80304E+13 1.83531E+10 2.92191E+12 1.23427E+9 2.92191E+12 1.23427E+9 2.92191E+12 1.23427E+9 1.14218E+12 8.08647E+8
5388 5.80351E+13 1.83546E+10 2.92668E+12 1.23535E+9 2.92668E+12 1.23535E+9 2.92668E+12 1.23535E+9 1.14619E+12 8.10079E+8
5389 5.80394E+13 1.83559E+10 2.92787E+12 1.23562E+9 2.92787E+12 1.23562E+9 2.92787E+12 1.23562E+9 1.14258E+12 8.08838E+8
5390 5.80444E+13 1.83575E+10 2.93001E+12 1.23601E+9 2.93001E+12 1.23601E+9 2.93001E+12 1.23601E+9 1.14526E+12 8.09831E+8
5391 5.80492E+13 1.8359E+10 2.926E+12 1.23544E+9 2.926E+12 1.23544E+9 2.926E+12 1.23544E+9 1.14311E+12 8.09117E+8
5392 5.80534E+13 1.83604E+10 2.93037E+12 1.23647E+9 2.93037E+12 1.23647E+9 2.93037E+12 1.23647E+9 1.1498E+12 8.11511E+8
5393 5.80581E+13 1.83619E+10 2.93534E+12 1.23761E+9 2.93534E+12 1.23761E+9 2.93534E+12 1.23761E+9 1.14715E+12 8.10596E+8
5394 5.80622E+13 1.83632E+10 2.93482E+12 1.23744E+9 2.93482E+12 1.23744E+9 2.93482E+12 1.23744E+9 1.14474E+12 8.09783E+8
5395 5.80674E+13 1.83648E+10 2.93408E+12 1.23729E+9 2.93408E+12 1.23729E+9 2.93408E+12 1.23729E+9 1.14565E+12 8.10144E+8
5396 5.80708E+13 1.83659E+10 2.93564E+12 1.23756E+9 2.93564E+12 1.23756E+9 2.93564E+12 1.23756E+9 1.14554E+12 8.10136E+8
5397 5.80762E+13 1.83676E+10 2.93719E+12 1.23805E+9 2.93719E+12 1.23805E+9 2.93719E+12 1.23805E+9 1.14594E+12 8.10314E+8
5398 5.80805E+13 1.83689E+10 2.94575E+12 1.23994E+9 2.94575E+12 1.23994E+9 2.94575E+12 1.23994E+9 1.1447E+12 8.09889E+8
5399 5.80847E+13 1.83703E+10 2.94024E+12 1.23867E+9 2.94024E+12 1.23867E+9 2.94024E+12 1.23867E+9 1.14492E+12 8.10024E+8
5400 5.80897E+13 1.83719E+10 2.93897E+12 1.23856E+9 2.93897E+12 1.23856E+9 2.93897E+12 1.23856E+9 1.14608E+12 8.10468E+8
5401 5.8094E+13 1.83732E+10 2.94777E+12 1.24053E+9 2.94777E+12 1.24053E+9 2.94777E+12 1.24053E+9 1.14785E+12 8.11114E+8
5402 5.80984E+13 1.83746E+10 2.94455E+12 1.23966E+9 2.94455E+12 1.23966E+9 2.94455E+12 1.23966E+9 1.14505E+12 8.10169E+8
5403 5.81037E+13 1.83763E+10 2.94963E+12 1.24107E+9 2.94963E+12 1.24107E+9 2.94963E+12 1.24107E+9 1.14776E+12 8.11164E+8
5404 5.81076E+13 1.83775E+10 2.94156E+12 1.23919E+9 2.94156E+12 1.23919E+9 2.94156E+12 1.23919E+9 1.14444E+12 8.10015E+8
5405 5.81118E+13 1.83789E+10 2.94818E+12 1.24063E+9 2.94818E+12 1.24063E+9 2.94818E+12 1.24063E+9 1.14625E+12 8.10703E+8
5406 5.81169E+13 1.83805E+10 2.94658E+12 1.24049E+9 2.94658E+12 1.24049E+9 2.94658E+12 1.24049E+9 1.1441E+12 8.09979E+8
5407 5.81216E+13 1.83819E+10 2.95006E+12 1.24137E+9 2.95006E+12 1.24137E+9 2.95006E+12 1.24137E+9 1.14487E+12 8.10288E+8
5408 5.81258E+13 1.83833E+10 2.95369E+12 1.2422E+9 2.95369E+12 1.2422E+9 2.95369E+12 1.2422E+9 1.14873E+12 8.11648E+8
5409 5.81307E+13 1.83848E+10 2.95976E+12 1.2435E+9 2.95976E+12 1.2435E+9 2.95976E+12 1.2435E+9 1.15053E+12 8.12315E+8
5410 5.81349E+13 1.83861E+10 2.95786E+12 1.24298E+9 2.95786E+12 1.24298E+9 2.95786E+12 1.24298E+9 1.14775E+12 8.11377E+8
5411 5.81392E+13 1.83875E+10 2.95341E+12 1.24216E+9 2.95341E+12 1.24216E+9 2.95341E+12 1.24216E+9 1.14512E+12 8.10487E+8
5412 5.81439E+13 1.8389E+10 2.95536E+12 1.24253E+9 2.95536E+12 1.24253E+9 2.95536E+12 1.24253E+9 1.14431E+12 8.10235E+8
5413 5.81481E+13 1.83903E+10 2.96215E+12 1.24402E+9 2.96215E+12 1.24402E+9 2.96215E+12 1.24402E+9 1.14912E+12 8.1196E+8
5414 5.81526E+13 1.83917E+10 2.96363E+12 1.24419E+9 2.96363E+12 1.24419E+9 2.96363E+12 1.24419E+9 1.144E+12 8.10223E+8
5415 5.81577E+13 1.83933E+10 2.9616E+12 1.24393E+9 2.9616E+12 1.24393E+9 2.9616E+12 1.24393E+9 1.14336E+12 8.09996E+8
5416 5.81618E+13 1.83947E+10 2.9591E+12 1.24364E+9 2.9591E+12 1.24364E+9 2.9591E+12 1.24364E+9 1.14508E+12 8.10642E+8
5417 5.81667E+13 1.83962E+10 2.9646E+12 1.24485E+9 2.9646E+12 1.24485E+9 2.9646E+12 1.24485E+9 1.14923E+12 8.12155E+8
5418 5.81706E+13 1.83974E+10 2.97311E+12 1.24655E+9 2.97311E+12 1.24655E+9 2.97311E+12 1.24655E+9 1.14962E+12 8.12293E+8
5419 5.81756E+13 1.8399E+10 2.97186E+12 1.24631E+9 2.97186E+12 1.24631E+9 2.97186E+12 1.24631E+9 1.14968E+12 8.12379E+8
5420 5.81797E+13 1.84003E+10 2.97121E+12 1.24618E+9 2.97121E+12 1.24618E+9 2.97121E+12 1.24618E+9 1.14789E+12 8.11763E+8
5421 5.81843E+13 1.84018E+10 2.97525E+12 1.2474E+9 2.97525E+12 1.2474E+9 2.97525E+12 1.2474E+9 1.14945E+12 8.12337E+8
5422 5.8189E+13 1.84032E+10 2.96797E+12 1.24567E+9 2.96797E+12 1.24567E+9 2.96797E+12 1.24567E+9 1.14622E+12 8.11249E+8
5423 5.81939E+13 1.84048E+10 2.97297E+12 1.24681E+9 2.97297E+12 1.24681E+9 2.97297E+12 1.24681E+9 1.14741E+12 8.11701E+8
5424 5.81979E+13 1.84061E+10 2.97813E+12 1.24797E+9 2.97813E+12 1.24797E+9 2.97813E+12 1.24797E+9 1.14961E+12 8.12506E+8
5425 5.82028E+13 1.84076E+10 2.97635E+12 1.24763E+9 2.97635E+12 1.24763E+9 2.97635E+12 1.24763E+9 1.14933E+12 8.12423E+8
5426 5.82068E+13 1.84089E+10 2.97472E+12 1.24745E+9 2.97472E+12 1.24745E+9 2.97472E+12 1.24745E+9 1.14591E+12 8.11282E+8
5427 5.82118E+13 1.84105E+10 2.97436E+12 1.24727E+9 2.97436E+12 1.24727E+9 2.97436E+12 1.24727E+9 1.14523E+12 8.11072E+8
5428 5.8216E+13 1.84118E+10 2.98217E+12 1.249E+9 2.98217E+12 1.249E+9 2.98217E+12 1.249E+9 1.14607E+12 8.11362E+8
5429 5.82205E+13 1.84132E+10 2.98701E+12 1.25003E+9 2.98701E+12 1.25003E+9 2.98701E+12 1.25003E+9 1.14752E+12 8.11963E+8
5430 5.82251E+13 1.84147E+10 2.99089E+12 1.25105E+9 2.99089E+12 1.25105E+9 2.99089E+12 1.25105E+9 1.15048E+12 8.13015E+8
5431 5.82296E+13 1.84161E+10 2.9855E+12 1.24992E+9 2.9855E+12 1.24992E+9 2.9855E+12 1.24992E+9 1.14896E+12 8.12537E+8
5432 5.82345E+13 1.84176E+10 2.996E+12 1.25212E+9 2.996E+12 1.25212E+9 2.996E+12 1.25212E+9 1.15346E+12 8.14112E+8
5433 5.82386E+13 1.8419E+10 2.99002E+12 1.25088E+9 2.99002E+12 1.25088E+9 2.99002E+12 1.25088E+9 1.14726E+12 8.11989E+8
5434 5.82436E+13 1.84205E+10 2.97928E+12 1.24867E+9 2.97928E+12 1.24867E+9 2.97928E+12 1.24867E+9 1.14354E+12 8.10684E+8
5435 5.8248E+13 1.84219E+10 2.98826E+12 1.25051E+9 2.98826E+12 1.25051E+9 2.98826E+12 1.25051E+9 1.14527E+12 8.1136E+8
5436 5.82518E+13 1.84231E+10 2.98945E+12 1.25082E+9 2.98945E+12 1.25082E+9 2.98945E+12 1.25082E+9 1.14539E+12 8.1141E+8
5437 5.82561E+13 1.84245E+10 3.00188E+12 1.25369E+9 3.00188E+12 1.25369E+9 3.00188E+12 1.25369E+9 1.15322E+12 8.14173E+8
5438 5.82616E+13 1.84262E+10 2.99561E+12 1.25252E+9 2.99561E+12 1.25252E+9 2.99561E+12 1.25252E+9 1.15244E+12 8.13988E+8
5439 5.82658E+13 1.84275E+10 2.99813E+12 1.253E+9 2.99813E+12 1.253E+9 2.99813E+12 1.253E+9 1.14771E+12 8.12317E+8
5440 5.82699E+13 1.84288E+10 3.00391E+12 1.25435E+9 3.00391E+12 1.25435E+9 3.00391E+12 1.25435E+9 1.15242E+12 8.14038E+8
5441 5.82743E+13 1.84302E+10 3.00115E+12 1.25357E+9 3.00115E+12 1.25357E+9 3.00115E+12 1.25357E+9 1.14892E+12 8.12797E+8
5442 5.82789E+13 1.84317E+10 3.00393E+12 1.25414E+9 3.00393E+12 1.25414E+9 3.00393E+12 1.25414E+9 1.14461E+12 8.11344E+8
5443 5.82834E+13 1.84331E+10 3.00287E+12 1.25417E+9 3.00287E+12 1.25417E+9 3.00287E+12 1.25417E+9 1.15034E+12 8.13392E+8
5444 5.82878E+13 1.84345E+10 3.01272E+12 1.25619E+9 3.01272E+12 1.25619E+9 3.01272E+12 1.25619E+9 1.15383E+12 8.14692E+8
5445 5.82926E+13 1.8436E+10 3.01223E+12 1.25624E+9 3.01223E+12 1.25624E+9 3.01223E+12 1.25624E+9 1.15607E+12 8.15475E+8
5446 5.82971E+13 1.84374E+10 3.00526E+12 1.25473E+9 3.00526E+12 1.25473E+9 3.00526E+12 1.25473E+9 1.1488E+12 8.12922E+8
5447 5.83009E+13 1.84387E+10 3.01185E+12 1.25605E+9 3.01185E+12 1.25605E+9 3.01185E+12 1.25605E+9 1.14954E+12 8.13258E+8
5448 5.8306E+13 1.84403E+10 3.01013E+12 1.25599E+9 3.01013E+12 1.25599E+9 3.01013E+12 1.25599E+9 1.15205E+12 8.14163E+8
5449 5.83104E+13 1.84417E+10 3.01431E+12 1.25681E+9 3.01431E+12 1.25681E+9 3.01431E+12 1.25681E+9 1.15196E+12 8.14166E+8
5450 5.8315E+13 1.84431E+10 3.01561E+12 1.25718E+9 3.01561E+12 1.25718E+9 3.01561E+12 1.25718E+9 1.15075E+12 8.13778E+8
5451 5.83195E+13 1.84445E+10 3.0147E+12 1.25719E+9 3.0147E+12 1.25719E+9 3.0147E+12 1.25719E+9 1.15212E+12 8.14288E+8
5452 5.83237E+13 1.84459E+10 3.01663E+12 1.25759E+9 3.01663E+12 1.25759E+9 3.01663E+12 1.25759E+9 1.15057E+12 8.1375E+8
5453 5.83288E+13 1.84474E+10 3.02261E+12 1.25875E+9 3.02261E+12 1.25875E+9 3.02261E+12 1.25875E+9 1.15055E+12 8.13785E+8
5454 5.83324E+13 1.84486E+10 3.0194E+12 1.25812E+9 3.0194E+12 1.25812E+9 3.0194E+12 1.25812E+9 1.14828E+12 8.13035E+8
5455 5.83375E+13 1.84502E+10 3.0249E+12 1.25936E+9 3.0249E+12 1.25936E+9 3.0249E+12 1.25936E+9 1.14947E+12 8.13487E+8
5456 5.83416E+13 1.84515E+10 3.01872E+12 1.25798E+9 3.01872E+12 1.25798E+9 3.01872E+12 1.25798E+9 1.14881E+12 8.13265E+8
5457 5.83467E+13 1.84531E+10 3.02239E+12 1.259E+9 3.02239E+12 1.259E+9 3.02239E+12 1.259E+9 1.1534E+12 8.1494E+8
5458 5.83509E+13 1.84544E+10 3.02357E+12 1.25928E+9 3.02357E+12 1.25928E+9 3.02357E+12 1.25928E+9 1.1506E+12 8.1395E+8
5459 5.83551E+13 1.84558E+10 3.03258E+12 1.26123E+9 3.03258E+12 1.26123E+9 3.03258E+12 1.26123E+9 1.15396E+12 8.15204E+8
5460 5.83595E+13 1.84572E+10 3.03324E+12 1.2615E+9 3.03324E+12 1.2615E+9 3.03324E+12 1.2615E+9 1.1542E+12 8.15301E+8
5461 5.83638E+13 1.84585E+10 3.02377E+12 1.25933E+9 3.02377E+12 1.25933E+9 3.02377E+12 1.25933E+9 1.14745E+12 8.12974E+8
5462 5.83685E+13 1.846E+10 3.03472E+12 1.26169E+9 3.03472E+12 1.26169E+9 3.03472E+12 1.26169E+9 1.15011E+12 8.13943E+8
5463 5.83726E+13 1.84613E+10 3.03149E+12 1.2611E+9 3.03149E+12 1.2611E+9 3.03149E+12 1.2611E+9 1.15244E+12 8.14803E+8
5464 5.83773E+13 1.84628E+10 3.03189E+12 1.2613E+9 3.03189E+12 1.2613E+9 3.03189E+12 1.2613E+9 1.15245E+12 8.14849E+8
5465 5.83822E+13 1.84644E+10 3.03997E+12 1.26283E+9 3.03997E+12 1.26283E+9 3.03997E+12 1.26283E+9 1.14947E+12 8.13802E+8
5466 5.83865E+13 1.84657E+10 3.04111E+12 1.26331E+9 3.04111E+12 1.26331E+9 3.04111E+12 1.26331E+9 1.15308E+12 8.15114E+8
5467 5.83908E+13 1.84671E+10 3.03729E+12 1.26241E+9 3.03729E+12 1.26241E+9 3.03729E+12 1.26241E+9 1.14855E+12 8.13558E+8
5468 5.83956E+13 1.84686E+10 3.04307E+12 1.26381E+9 3.04307E+12 1.26381E+9 3.04307E+12 1.26381E+9 1.15369E+12 8.15383E+8
5469 5.84002E+13 1.847E+10 3.04246E+12 1.26369E+9 3.04246E+12 1.26369E+9 3.04246E+12 1.26369E+9 1.15254E+12 8.15047E+8
5470 5.84046E+13 1.84714E+10 3.04633E+12 1.26476E+9 3.04633E+12 1.26476E+9 3.04633E+12 1.26476E+9 1.15133E+12 8.1464E+8
5471 5.84088E+13 1.84728E+10 3.05091E+12 1.26554E+9 3.05091E+12 1.26554E+9 3.05091E+12 1.26554E+9 1.15483E+12 8.15911E+8
5472 5.84132E+13 1.84742E+10 3.04542E+12 1.26442E+9 3.04542E+12 1.26442E+9 3.04542E+12 1.26442E+9 1.15243E+12 8.15057E+8
5473 5.84177E+13 1.84756E+10 3.05086E+12 1.26556E+9 3.05086E+12 1.26556E+9 3.05086E+12 1.26556E+9 1.1534E+12 8.15435E+8
5474 5.84219E+13 1.84769E+10 3.05038E+12 1.26562E+9 3.05038E+12 1.26562E+9 3.05038E+12 1.26562E+9 1.1547E+12 8.15938E+8
5475 5.84266E+13 1.84784E+10 3.0545E+12 1.26627E+9 3.0545E+12 1.26627E+9 3.0545E+12 1.26627E+9 1.15694E+12 8.16772E+8
5476 5.84309E+13 1.84798E+10 3.04652E+12 1.26492E+9 3.04652E+12 1.26492E+9 3.04652E+12 1.26492E+9 1.15191E+12 8.15031E+8
5477 5.84356E+13 1.84812E+10 3.05518E+12 1.26689E+9 3.05518E+12 1.26689E+9 3.05518E+12 1.26689E+9 1.15555E+12 8.16341E+8
5478 5.84401E+13 1.84827E+10 3.05967E+12 1.26756E+9 3.05967E+12 1.26756E+9 3.05967E+12 1.26756E+9 1.15146E+12 8.14933E+8
5479 5.84438E+13 1.84838E+10 3.05863E+12 1.26751E+9 3.05863E+12 1.26751E+9 3.05863E+12 1.26751E+9 1.15195E+12 8.15129E+8
5480 5.84491E+13 1.84855E+10 3.0593E+12 1.26774E+9 3.0593E+12 1.26774E+9 3.0593E+12 1.26774E+9 1.15549E+12 8.16415E+8
5481 5.84533E+13 1.84869E+10 3.05504E+12 1.267E+9 3.05504E+12 1.267E+9 3.05504E+12 1.267E+9 1.15409E+12 8.15973E+8
5482 5.84572E+13 1.84881E+10 3.06295E+12 1.26862E+9 3.06295E+12 1.26862E+9 3.06295E+12 1.26862E+9 1.15479E+12 8.16227E+8
5483 5.84623E+13 1.84897E+10 3.05794E+12 1.26775E+9 3.05794E+12 1.26775E+9 3.05794E+12 1.26775E+9 1.15358E+12 8.15874E+8
5484 5.84668E+13 1.84911E+10 3.06455E+12 1.2689E+9 3.06455E+12 1.2689E+9 3.06455E+12 1.2689E+9 1.14952E+12 8.14441E+8
5485 5.84708E+13 1.84924E+10 3.0635E+12 1.26904E+9 3.0635E+12 1.26904E+9 3.0635E+12 1.26904E+9 1.15483E+12 8.16361E+8
5486 5.84755E+13 1.84939E+10 3.06763E+12 1.26957E+9 3.06763E+12 1.26957E+9 3.06763E+12 1.26957E+9 1.15445E+12 8.16234E+8
5487 5.84797E+13 1.84952E+10 3.07131E+12 1.27044E+9 3.07131E+12 1.27044E+9 3.07131E+12 1.27044E+9 1.15295E+12 8.15745E+8
5488 5.84849E+13 1.84968E+10 3.07394E+12 1.27134E+9 3.07394E+12 1.27134E+9 3.07394E+12 1.27134E+9 1.15635E+12 8.16984E+8
5489 5.84891E+13 1.84982E+10 3.07272E+12 1.2711E+9 3.07272E+12 1.2711E+9 3.07272E+12 1.2711E+9 1.15651E+12 8.1708E+8
5490 5.84933E+13 1.84995E+10 3.06652E+12 1.26967E+9 3.06652E+12 1.26967E+9 3.06652E+12 1.26967E+9 1.15021E+12 8.14869E+8
5491 5.84975E+13 1.85008E+10 3.0768E+12 1.27198E+9 3.0768E+12 1.27198E+9 3.0768E+12 1.27198E+9 1.15525E+12 8.16706E+8
5492 5.85021E+13 1.85023E+10 3.07377E+12 1.27125E+9 3.07377E+12 1.27125E+9 3.07377E+12 1.27125E+9 1.15212E+12 8.15612E+8
5493 5.85068E+13 1.85038E+10 3.07536E+12 1.27143E+9 3.07536E+12 1.27143E+9 3.07536E+12 1.27143E+9 1.15321E+12 8.16016E+8
5494 5.85107E+13 1.8505E+10 3.08047E+12 1.27286E+9 3.08047E+12 1.27286E+9 3.08047E+12 1.27286E+9 1.15241E+12 8.1579E+8
5495 5.85155E+13 1.85065E+10 3.08552E+12 1.27396E+9 3.08552E+12 1.27396E+9 3.08552E+12 1.27396E+9 1.1598E+12 8.18427E+8
5496 5.85197E+13 1.85078E+10 3.08106E+12 1.27296E+9 3.08106E+12 1.27296E+9 3.08106E+12 1.27296E+9 1.1556E+12 8.16959E+8
5497 5.85244E+13 1.85093E+10 3.08124E+12 1.27322E+9 3.08124E+12 1.27322E+9 3.08124E+12 1.27322E+9 1.15325E+12 8.16205E+8
5498 5.85293E+13 1.85109E+10 3.08456E+12 1.27399E+9 3.08456E+12 1.27399E+9 3.08456E+12 1.27399E+9 1.15528E+12 8.16953E+8
5499 5.85333E+13 1.85121E+10 3.08024E+12 1.27287E+9 3.08024E+12 1.27287E+9 3.08024E+12 1.27287E+9 1.14691E+12 8.13998E+8
5500 5.85374E+13 1.85135E+10 3.08743E+12 1.27457E+9 3.08743E+12 1.27457E+9 3.08743E+12 1.27457E+9 1.15404E+12 8.16564E+8
5501 5.85423E+13 1.8515E+10 3.09537E+12 1.27641E+9 3.09537E+12 1.27641E+9 3.09537E+12 1.27641E+9 1.15936E+12 8.18478E+8
5502 5.85459E+13 1.85161E+10 3.0935E+12 1.27591E+9 3.0935E+12 1.27591E+9 3.0935E+12 1.27591E+9 1.15489E+12 8.1694E+8
5503 5.85512E+13 1.85178E+10 3.09496E+12 1.27613E+9 3.09496E+12 1.27613E+9 3.09496E+12 1.27613E+9 1.15913E+12 8.18466E+8
5504 5.85554E+13 1.85191E+10 3.09348E+12 1.27615E+9 3.09348E+12 1.27615E+9 3.09348E+12 1.27615E+9 1.15715E+12 8.17802E+8
5505 5.85598E+13 1.85205E+10 3.09883E+12 1.27719E+9 3.09883E+12 1.27719E+9 3.09883E+12 1.27719E+9 1.15656E+12 8.17622E+8
5506 5.85643E+13 1.8522E+10 3.09462E+12 1.27646E+9 3.09462E+12 1.27646E+9 3.09462E+12 1.27646E+9 1.15596E+12 8.17445E+8
5507 5.85686E+13 1.85233E+10 3.09967E+12 1.27741E+9 3.09967E+12 1.27741E+9 3.09967E+12 1.27741E+9 1.15814E+12 8.18249E+8
5508 5.8573E+13 1.85247E+10 3.10012E+12 1.27739E+9 3.10012E+12 1.27739E+9 3.10012E+12 1.27739E+9 1.15713E+12 8.17916E+8
5509 5.85774E+13 1.85261E+10 3.0997E+12 1.27745E+9 3.0997E+12 1.27745E+9 3.0997E+12 1.27745E+9 1.15392E+12 8.16814E+8
5510 5.85814E+13 1.85274E+10 3.09694E+12 1.27687E+9 3.09694E+12 1.27687E+9 3.09694E+12 1.27687E+9 1.15247E+12 8.16341E+8
5511 5.85863E+13 1.85289E+10 3.10659E+12 1.27919E+9 3.10659E+12 1.27919E+9 3.10659E+12 1.27919E+9 1.16043E+12 8.19161E+8
5512 5.85906E+13 1.85303E+10 3.10231E+12 1.27817E+9 3.10231E+12 1.27817E+9 3.10231E+12 1.27817E+9 1.15263E+12 8.16448E+8
5513 5.85951E+13 1.85317E+10 3.11067E+12 1.2799E+9 3.11067E+12 1.2799E+9 3.11067E+12 1.2799E+9 1.15576E+12 8.1758E+8
5514 5.8599E+13 1.85329E+10 3.10841E+12 1.27977E+9 3.10841E+12 1.27977E+9 3.10841E+12 1.27977E+9 1.15661E+12 8.17925E+8
5515 5.86036E+13 1.85344E+10 3.11148E+12 1.28023E+9 3.11148E+12 1.28023E+9 3.11148E+12 1.28023E+9 1.15669E+12 8.17969E+8
5516 5.8608E+13 1.85358E+10 3.10993E+12 1.27987E+9 3.10993E+12 1.27987E+9 3.10993E+12 1.27987E+9 1.15704E+12 8.18147E+8
5517 5.86125E+13 1.85372E+10 3.1086E+12 1.27975E+9 3.1086E+12 1.27975E+9 3.1086E+12 1.27975E+9 1.15513E+12 8.17501E+8
5518 5.86169E+13 1.85386E+10 3.1122E+12 1.28048E+9 3.1122E+12 1.28048E+9 3.1122E+12 1.28048E+9 1.15779E+12 8.18478E+8
5519 5.86213E+13 1.854E+10 3.11864E+12 1.28198E+9 3.11864E+12 1.28198E+9 3.11864E+12 1.28198E+9 1.1596E+12 8.19167E+8
5520 5.86253E+13 1.85412E+10 3.11602E+12 1.28146E+9 3.11602E+12 1.28146E+9 3.11602E+12 1.28146E+9 1.15714E+12 8.18327E+8
5521 5.86301E+13 1.85428E+10 3.11875E+12 1.28187E+9 3.11875E+12 1.28187E+9 3.11875E+12 1.28187E+9 1.15452E+12 8.17415E+8
5522 5.86341E+13 1.8544E+10 3.11749E+12 1.28192E+9 3.11749E+12 1.28192E+9 3.11749E+12 1.28192E+9 1.15757E+12 8.18507E+8
5523 5.86381E+13 1.85453E+10 3.11922E+12 1.28225E+9 3.11922E+12 1.28225E+9 3.11922E+12 1.28225E+9 1.1598E+12 8.1935E+8
5524 5.86436E+13 1.8547E+10 3.12822E+12 1.2844E+9 3.12822E+12 1.2844E+9 3.12822E+12 1.2844E+9 1.16316E+12 8.2059E+8
5525 5.8648E+13 1.85484E+10 3.11761E+12 1.28191E+9 3.11761E+12 1.28191E+9 3.11761E+12 1.28191E+9 1.15281E+12 8.16955E+8
5526 5.86523E+13 1.85498E+10 3.12212E+12 1.2831E+9 3.12212E+12 1.2831E+9 3.12212E+12 1.2831E+9 1.15359E+12 8.17268E+8
5527 5.86567E+13 1.85512E+10 3.12973E+12 1.2846E+9 3.12973E+12 1.2846E+9 3.12973E+12 1.2846E+9 1.15811E+12 8.18888E+8
5528 5.86612E+13 1.85526E+10 3.12833E+12 1.28435E+9 3.12833E+12 1.28435E+9 3.12833E+12 1.28435E+9 1.15928E+12 8.19318E+8
5529 5.86651E+13 1.85538E+10 3.13245E+12 1.28521E+9 3.13245E+12 1.28521E+9 3.13245E+12 1.28521E+9 1.15691E+12 8.18517E+8
5530 5.86697E+13 1.85553E+10 3.13431E+12 1.28562E+9 3.13431E+12 1.28562E+9 3.13431E+12 1.28562E+9 1.15755E+12 8.18791E+8
5531 5.86742E+13 1.85567E+10 3.13328E+12 1.28577E+9 3.13328E+12 1.28577E+9 3.13328E+12 1.28577E+9 1.15728E+12 8.1871E+8
5532 5.86783E+13 1.8558E+10 3.13162E+12 1.28544E+9 3.13162E+12 1.28544E+9 3.13162E+12 1.28544E+9 1.15818E+12 8.19094E+8
5533 5.86831E+13 1.85595E+10 3.13834E+12 1.28662E+9 3.13834E+12 1.28662E+9 3.13834E+12 1.28662E+9 1.15754E+12 8.18863E+8
5534 5.86868E+13 1.85607E+10 3.13903E+12 1.28674E+9 3.13903E+12 1.28674E+9 3.13903E+12 1.28674E+9 1.15744E+12 8.18868E+8
5535 5.86914E+13 1.85621E+10 3.13689E+12 1.28641E+9 3.13689E+12 1.28641E+9 3.13689E+12 1.28641E+9 1.15737E+12 8.18858E+8
5536 5.86962E+13 1.85637E+10 3.14417E+12 1.28818E+9 3.14417E+12 1.28818E+9 3.14417E+12 1.28818E+9 1.15885E+12 8.19448E+8
5537 5.87003E+13 1.8565E+10 3.14573E+12 1.28835E+9 3.14573E+12 1.28835E+9 3.14573E+12 1.28835E+9 1.15916E+12 8.19602E+8
5538 5.87046E+13 1.85663E+10 3.14694E+12 1.28864E+9 3.14694E+12 1.28864E+9 3.14694E+12 1.28864E+9 1.16258E+12 8.20828E+8
5539 5.87094E+13 1.85679E+10 3.14879E+12 1.28928E+9 3.14879E+12 1.28928E+9 3.14879E+12 1.28928E+9 1.16101E+12 8.2028E+8
5540 5.87138E+13 1.85692E+10 3.14093E+12 1.28733E+9 3.14093E+12 1.28733E+9 3.14093E+12 1.28733E+9 1.15629E+12 8.18635E+8
5541 5.87174E+13 1.85704E+10 3.14834E+12 1.28922E+9 3.14834E+12 1.28922E+9 3.14834E+12 1.28922E+9 1.15286E+12 8.17451E+8
5542 5.87223E+13 1.85719E+10 3.15383E+12 1.29041E+9 3.15383E+12 1.29041E+9 3.15383E+12 1.29041E+9 1.15905E+12 8.19724E+8
5543 5.87264E+13 1.85732E+10 3.14802E+12 1.28897E+9 3.14802E+12 1.28897E+9 3.14802E+12 1.28897E+9 1.15481E+12 8.18186E+8
5544 5.87312E+13 1.85747E+10 3.15241E+12 1.29007E+9 3.15241E+12 1.29007E+9 3.15241E+12 1.29007E+9 1.15679E+12 8.18976E+8
5545 5.87356E+13 1.85761E+10 3.15477E+12 1.29058E+9 3.15477E+12 1.29058E+9 3.15477E+12 1.29058E+9 1.15608E+12 8.18761E+8
5546 5.87393E+13 1.85773E+10 3.15858E+12 1.29144E+9 3.15858E+12 1.29144E+9 3.15858E+12 1.29144E+9 1.16237E+12 8.20971E+8
5547 5.87445E+13 1.85789E+10 3.16836E+12 1.29339E+9 3.16836E+12 1.29339E+9 3.16836E+12 1.29339E+9 1.16414E+12 8.21647E+8
5548 5.87485E+13 1.85802E+10 3.16042E+12 1.29209E+9 3.16042E+12 1.29209E+9 3.16042E+12 1.29209E+9 1.15961E+12 8.20091E+8
5549 5.87531E+13 1.85817E+10 3.1486E+12 1.28947E+9 3.1486E+12 1.28947E+9 3.1486E+12 1.28947E+9 1.15685E+12 8.19172E+8
5550 5.87576E+13 1.85831E+10 3.1599E+12 1.29193E+9 3.1599E+12 1.29193E+9 3.1599E+12 1.29193E+9 1.15644E+12 8.19031E+8
5551 5.87617E+13 1.85844E+10 3.16418E+12 1.29281E+9 3.16418E+12 1.29281E+9 3.16418E+12 1.29281E+9 1.15746E+12 8.19452E+8
5552 5.87658E+13 1.85857E+10 3.16122E+12 1.29222E+9 3.16122E+12 1.29222E+9 3.16122E+12 1.29222E+9 1.15658E+12 8.19127E+8
5553 5.8771E+13 1.85873E+10 3.16927E+12 1.29384E+9 3.16927E+12 1.29384E+9 3.16927E+12 1.29384E+9 1.16142E+12 8.20888E+8
5554 5.87749E+13 1.85886E+10 3.17318E+12 1.29493E+9 3.17318E+12 1.29493E+9 3.17318E+12 1.29493E+9 1.16424E+12 8.21913E+8
5555 5.87794E+13 1.859E+10 3.16406E+12 1.29308E+9 3.16406E+12 1.29308E+9 3.16406E+12 1.29308E+9 1.15623E+12 8.19115E+8
5556 5.87833E+13 1.85912E+10 3.1778E+12 1.29579E+9 3.1778E+12 1.29579E+9 3.1778E+12 1.29579E+9 1.16108E+12 8.20865E+8
5557 5.87879E+13 1.85927E+10 3.17526E+12 1.29555E+9 3.17526E+12 1.29555E+9 3.17526E+12 1.29555E+9 1.15992E+12 8.20486E+8
5558 5.8792E+13 1.8594E+10 3.16955E+12 1.29424E+9 3.16955E+12 1.29424E+9 3.16955E+12 1.29424E+9 1.15949E+12 8.2037E+8
5559 5.8797E+13 1.85955E+10 3.17557E+12 1.29563E+9 3.17557E+12 1.29563E+9 3.17557E+12 1.29563E+9 1.15743E+12 8.19651E+8
5560 5.88003E+13 1.85966E+10 3.17441E+12 1.29534E+9 3.17441E+12 1.29534E+9 3.17441E+12 1.29534E+9 1.1567E+12 8.19447E+8
5561 5.88053E+13 1.85982E+10 3.18032E+12 1.29671E+9 3.18032E+12 1.29671E+9 3.18032E+12 1.29671E+9 1.16035E+12 8.20733E+8
5562 5.88097E+13 1.85995E+10 3.18506E+12 1.29779E+9 3.18506E+12 1.29779E+9 3.18506E+12 1.29779E+9 1.16527E+12 8.22508E+8
5563 5.8814E+13 1.86009E+10 3.18687E+12 1.29822E+9 3.18687E+12 1.29822E+9 3.18687E+12 1.29822E+9 1.16649E+12 8.22997E+8
5564 5.88179E+13 1.86022E+10 3.18809E+12 1.29842E+9 3.18809E+12 1.29842E+9 3.18809E+12 1.29842E+9 1.1652E+12 8.22559E+8
5565 5.88228E+13 1.86037E+10 3.18962E+12 1.29863E+9 3.18962E+12 1.29863E+9 3.18962E+12 1.29863E+9 1.1612E+12 8.21194E+8
5566 5.88265E+13 1.86049E+10 3.19688E+12 1.30026E+9 3.19688E+12 1.30026E+9 3.19688E+12 1.30026E+9 1.16399E+12 8.22225E+8
5567 5.88312E+13 1.86064E+10 3.19538E+12 1.30008E+9 3.19538E+12 1.30008E+9 3.19538E+12 1.30008E+9 1.16167E+12 8.2141E+8
5568 5.88356E+13 1.86078E+10 3.19077E+12 1.29916E+9 3.19077E+12 1.29916E+9 3.19077E+12 1.29916E+9 1.16102E+12 8.21228E+8
5569 5.88403E+13 1.86092E+10 3.19388E+12 1.2998E+9 3.19388E+12 1.2998E+9 3.19388E+12 1.2998E+9 1.1637E+12 8.22225E+8
5570 5.88438E+13 1.86103E+10 3.20097E+12 1.30149E+9 3.20097E+12 1.30149E+9 3.20097E+12 1.30149E+9 1.16607E+12 8.2306E+8
5571 5.88485E+13 1.86118E+10 3.1971E+12 1.30061E+9 3.1971E+12 1.30061E+9 3.1971E+12 1.30061E+9 1.16372E+12 8.22295E+8
5572 5.88535E+13 1.86134E+10 3.19759E+12 1.30093E+9 3.19759E+12 1.30093E+9 3.19759E+12 1.30093E+9 1.16442E+12 8.22568E+8
5573 5.88568E+13 1.86145E+10 3.20131E+12 1.30163E+9 3.20131E+12 1.30163E+9 3.20131E+12 1.30163E+9 1.16596E+12 8.23134E+8
5574 5.88613E+13 1.86159E+10 3.19997E+12 1.30146E+9 3.19997E+12 1.30146E+9 3.19997E+12 1.30146E+9 1.16201E+12 8.2175E+8
5575 5.88655E+13 1.86172E+10 3.19669E+12 1.30078E+9 3.19669E+12 1.30078E+9 3.19669E+12 1.30078E+9 1.15706E+12 8.2006E+8
5576 5.88705E+13 1.86188E+10 3.20936E+12 1.30342E+9 3.20936E+12 1.30342E+9 3.20936E+12 1.30342E+9 1.16695E+12 8.23603E+8
5577 5.88743E+13 1.862E+10 3.20614E+12 1.30274E+9 3.20614E+12 1.30274E+9 3.20614E+12 1.30274E+9 1.16289E+12 8.22189E+8
5578 5.88793E+13 1.86216E+10 3.20468E+12 1.30249E+9 3.20468E+12 1.30249E+9 3.20468E+12 1.30249E+9 1.15753E+12 8.20278E+8
5579 5.88829E+13 1.86227E+10 3.21008E+12 1.30374E+9 3.21008E+12 1.30374E+9 3.21008E+12 1.30374E+9 1.16373E+12 8.22526E+8
5580 5.88874E+13 1.86241E+10 3.20684E+12 1.30303E+9 3.20684E+12 1.30303E+9 3.20684E+12 1.30303E+9 1.15951E+12 8.21044E+8
5581 5.88918E+13 1.86255E+10 3.2101E+12 1.30373E+9 3.2101E+12 1.30373E+9 3.2101E+12 1.30373E+9 1.15901E+12 8.20928E+8
5582 5.88964E+13 1.8627E+10 3.20959E+12 1.30383E+9 3.20959E+12 1.30383E+9 3.20959E+12 1.30383E+9 1.16365E+12 8.22598E+8
5583 5.89001E+13 1.86282E+10 3.21175E+12 1.30419E+9 3.21175E+12 1.30419E+9 3.21175E+12 1.30419E+9 1.16492E+12 8.23076E+8
5584 5.89048E+13 1.86296E+10 3.21571E+12 1.30501E+9 3.21571E+12 1.30501E+9 3.21571E+12 1.30501E+9 1.16199E+12 8.22083E+8
5585 5.89096E+13 1.86311E+10 3.21224E+12 1.30441E+9 3.21224E+12 1.30441E+9 3.21224E+12 1.30441E+9 1.16233E+12 8.22219E+8
5586 5.89139E+13 1.86325E+10 3.21884E+12 1.30574E+9 3.21884E+12 1.30574E+9 3.21884E+12 1.30574E+9 1.16586E+12 8.23507E+8
5587 5.89175E+13 1.86337E+10 3.22084E+12 1.30648E+9 3.22084E+12 1.30648E+9 3.22084E+12 1.30648E+9 1.16409E+12 8.22918E+8
5588 5.89223E+13 1.86352E+10 3.22212E+12 1.30659E+9 3.22212E+12 1.30659E+9 3.22212E+12 1.30659E+9 1.16077E+12 8.21802E+8
5589 5.89265E+13 1.86365E+10 3.22794E+12 1.30798E+9 3.22794E+12 1.30798E+9 3.22794E+12 1.30798E+9 1.16286E+12 8.22523E+8
5590 5.89307E+13 1.86378E+10 3.22514E+12 1.30726E+9 3.22514E+12 1.30726E+9 3.22514E+12 1.30726E+9 1.1623E+12 8.22384E+8
5591 5.89351E+13 1.86392E+10 3.22853E+12 1.30803E+9 3.22853E+12 1.30803E+9 3.22853E+12 1.30803E+9 1.16636E+12 8.23822E+8
5592 5.89392E+13 1.86405E+10 3.22769E+12 1.30776E+9 3.22769E+12 1.30776E+9 3.22769E+12 1.30776E+9 1.16576E+12 8.23671E+8
5593 5.89438E+13 1.8642E+10 3.22838E+12 1.30801E+9 3.22838E+12 1.30801E+9 3.22838E+12 1.30801E+9 1.1596E+12 8.21515E+8
5594 5.8948E+13 1.86433E+10 3.23271E+12 1.30918E+9 3.23271E+12 1.30918E+9 3.23271E+12 1.30918E+9 1.1684E+12 8.24677E+8
5595 5.89525E+13 1.86447E+10 3.23016E+12 1.3084E+9 3.23016E+12 1.3084E+9 3.23016E+12 1.3084E+9 1.15949E+12 8.21538E+8
5596 5.8957E+13 1.86462E+10 3.23132E+12 1.30893E+9 3.23132E+12 1.30893E+9 3.23132E+12 1.30893E+9 1.16404E+12 8.23199E+8
5597 5.89611E+13 1.86474E+10 3.23675E+12 1.30989E+9 3.23675E+12 1.30989E+9 3.23675E+12 1.30989E+9 1.16511E+12 8.23588E+8
5598 5.89648E+13 1.86486E+10 3.23842E+12 1.31021E+9 3.23842E+12 1.31021E+9 3.23842E+12 1.31021E+9 1.16413E+12 8.23292E+8
5599 5.89694E+13 1.86501E+10 3.2413E+12 1.31114E+9 3.2413E+12 1.31114E+9 3.2413E+12 1.31114E+9 1.16631E+12 8.24097E+8
5600 5.89739E+13 1.86515E+10 3.23309E+12 1.30935E+9 3.23309E+12 1.30935E+9 3.23309E+12 1.30935E+9 1.15962E+12 8.21738E+8
5601 5.89785E+13 1.86529E+10 3.23729E+12 1.31033E+9 3.23729E+12 1.31033E+9 3.23729E+12 1.31033E+9 1.16666E+12 8.24255E+8
5602 5.89826E+13 1.86543E+10 3.24425E+12 1.31162E+9 3.24425E+12 1.31162E+9 3.24425E+12 1.31162E+9 1.16191E+12 8.22617E+8
5603 5.89867E+13 1.86555E+10 3.24276E+12 1.31158E+9 3.24276E+12 1.31158E+9 3.24276E+12 1.31158E+9 1.16604E+12 8.24102E+8
5604 5.89908E+13 1.86568E+10 3.25092E+12 1.31318E+9 3.25092E+12 1.31318E+9 3.25092E+12 1.31318E+9 1.16521E+12 8.23834E+8
5605 5.89952E+13 1.86582E+10 3.24885E+12 1.31279E+9 3.24885E+12 1.31279E+9 3.24885E+12 1.31279E+9 1.16582E+12 8.24078E+8
5606 5.89994E+13 1.86595E+10 3.24845E+12 1.3129E+9 3.24845E+12 1.3129E+9 3.24845E+12 1.3129E+9 1.16462E+12 8.237E+8
5607 5.90043E+13 1.86611E+10 3.25225E+12 1.31366E+9 3.25225E+12 1.31366E+9 3.25225E+12 1.31366E+9 1.16624E+12 8.24297E+8
5608 5.90085E+13 1.86624E+10 3.25242E+12 1.31362E+9 3.25242E+12 1.31362E+9 3.25242E+12 1.31362E+9 1.16715E+12 8.24677E+8
5609 5.90121E+13 1.86636E+10 3.25404E+12 1.3142E+9 3.25404E+12 1.3142E+9 3.25404E+12 1.3142E+9 1.1666E+12 8.24497E+8
5610 5.90161E+13 1.86648E+10 3.25742E+12 1.31487E+9 3.25742E+12 1.31487E+9 3.25742E+12 1.31487E+9 1.16764E+12 8.24903E+8
5611 5.90206E+13 1.86663E+10 3.25951E+12 1.31537E+9 3.25951E+12 1.31537E+9 3.25951E+12 1.31537E+9 1.16692E+12 8.24674E+8
5612 5.90257E+13 1.86679E+10 3.25594E+12 1.31459E+9 3.25594E+12 1.31459E+9 3.25594E+12 1.31459E+9 1.16314E+12 8.23364E+8
5613 5.90295E+13 1.86691E+10 3.25383E+12 1.31423E+9 3.25383E+12 1.31423E+9 3.25383E+12 1.31423E+9 1.16491E+12 8.24023E+8
5614 5.90342E+13 1.86706E+10 3.25539E+12 1.31466E+9 3.25539E+12 1.31466E+9 3.25539E+12 1.31466E+9 1.16517E+12 8.24176E+8
5615 5.90384E+13 1.86719E+10 3.25651E+12 1.3149E+9 3.25651E+12 1.3149E+9 3.25651E+12 1.3149E+9 1.16462E+12 8.23984E+8
5616 5.90429E+13 1.86733E+10 3.27156E+12 1.31799E+9 3.27156E+12 1.31799E+9 3.27156E+12 1.31799E+9 1.16873E+12 8.25495E+8
5617 5.90462E+13 1.86743E+10 3.26841E+12 1.31729E+9 3.26841E+12 1.31729E+9 3.26841E+12 1.31729E+9 1.16741E+12 8.25049E+8
5618 5.90508E+13 1.86758E+10 3.27144E+12 1.31808E+9 3.27144E+12 1.31808E+9 3.27144E+12 1.31808E+9 1.16623E+12 8.2463E+8
5619 5.90553E+13 1.86772E+10 3.27126E+12 1.31802E+9 3.27126E+12 1.31802E+9 3.27126E+12 1.31802E+9 1.16614E+12 8.24645E+8
5620 5.90598E+13 1.86787E+10 3.27473E+12 1.31892E+9 3.27473E+12 1.31892E+9 3.27473E+12 1.31892E+9 1.16993E+12 8.26013E+8
5621 5.90632E+13 1.86797E+10 3.26835E+12 1.31733E+9 3.26835E+12 1.31733E+9 3.26835E+12 1.31733E+9 1.163E+12 8.23586E+8
5622 5.90679E+13 1.86812E+10 3.28271E+12 1.32054E+9 3.28271E+12 1.32054E+9 3.28271E+12 1.32054E+9 1.17027E+12 8.26206E+8
5623 5.90726E+13 1.86827E+10 3.27579E+12 1.31953E+9 3.27579E+12 1.31953E+9 3.27579E+12 1.31953E+9 1.16941E+12 8.25944E+8
5624 5.90766E+13 1.8684E+10 3.27636E+12 1.31947E+9 3.27636E+12 1.31947E+9 3.27636E+12 1.31947E+9 1.16287E+12 8.23633E+8
5625 5.90809E+13 1.86853E+10 3.27726E+12 1.31971E+9 3.27726E+12 1.31971E+9 3.27726E+12 1.31971E+9 1.16917E+12 8.25891E+8
5626 5.90859E+13 1.86869E+10 3.27993E+12 1.32005E+9 3.27993E+12 1.32005E+9 3.27993E+12 1.32005E+9 1.16833E+12 8.25673E+8
5627 5.90897E+13 1.86881E+10 3.28155E+12 1.3206E+9 3.28155E+12 1.3206E+9 3.28155E+12 1.3206E+9 1.16668E+12 8.25096E+8
5628 5.90937E+13 1.86894E+10 3.27787E+12 1.31979E+9 3.27787E+12 1.31979E+9 3.27787E+12 1.31979E+9 1.16439E+12 8.24305E+8
5629 5.90982E+13 1.86908E+10 3.28435E+12 1.32118E+9 3.28435E+12 1.32118E+9 3.28435E+12 1.32118E+9 1.17078E+12 8.26574E+8
5630 5.91026E+13 1.86922E+10 3.28637E+12 1.32173E+9 3.28637E+12 1.32173E+9 3.28637E+12 1.32173E+9 1.16458E+12 8.24446E+8
5631 5.91063E+13 1.86933E+10 3.2891E+12 1.3222E+9 3.2891E+12 1.3222E+9 3.2891E+12 1.3222E+9 1.1687E+12 8.2593E+8
5632 5.91116E+13 1.8695E+10 3.28888E+12 1.32246E+9 3.28888E+12 1.32246E+9 3.28888E+12 1.32246E+9 1.1733E+12 8.27599E+8
5633 5.91153E+13 1.86962E+10 3.29479E+12 1.32347E+9 3.29479E+12 1.32347E+9 3.29479E+12 1.32347E+9 1.16959E+12 8.26299E+8
5634 5.91195E+13 1.86975E+10 3.28673E+12 1.32206E+9 3.28673E+12 1.32206E+9 3.28673E+12 1.32206E+9 1.16828E+12 8.25866E+8
5635 5.91237E+13 1.86989E+10 3.29203E+12 1.32296E+9 3.29203E+12 1.32296E+9 3.29203E+12 1.32296E+9 1.16735E+12 8.25566E+8
5636 5.9128E+13 1.87002E+10 3.28951E+12 1.32265E+9 3.28951E+12 1.32265E+9 3.28951E+12 1.32265E+9 1.16605E+12 8.25175E+8
5637 5.91325E+13 1.87017E+10 3.29687E+12 1.324E+9 3.29687E+12 1.324E+9 3.29687E+12 1.324E+9 1.16683E+12 8.25438E+8
5638 5.91359E+13 1.87027E+10 3.29818E+12 1.32453E+9 3.29818E+12 1.32453E+9 3.29818E+12 1.32453E+9 1.16864E+12 8.26132E+8
5639 5.91403E+13 1.87041E+10 3.2964E+12 1.32429E+9 3.2964E+12 1.32429E+9 3.2964E+12 1.32429E+9 1.17116E+12 8.27039E+8
5640 5.91447E+13 1.87055E+10 3.30068E+12 1.32495E+9 3.30068E+12 1.32495E+9 3.30068E+12 1.32495E+9 1.1678E+12 8.25865E+8
5641 5.91496E+13 1.87071E+10 3.30384E+12 1.32589E+9 3.30384E+12 1.32589E+9 3.30384E+12 1.32589E+9 1.16783E+12 8.25957E+8
5642 5.91531E+13 1.87082E+10 3.30477E+12 1.32584E+9 3.30477E+12 1.32584E+9 3.30477E+12 1.32584E+9 1.16854E+12 8.26221E+8
5643 5.91578E+13 1.87096E+10 3.30738E+12 1.32683E+9 3.30738E+12 1.32683E+9 3.30738E+12 1.32683E+9 1.16983E+12 8.26714E+8
5644 5.91618E+13 1.87109E+10 3.30716E+12 1.32649E+9 3.30716E+12 1.32649E+9 3.30716E+12 1.32649E+9 1.16345E+12 8.24465E+8
5645 5.91664E+13 1.87124E+10 3.30826E+12 1.3269E+9 3.30826E+12 1.3269E+9 3.30826E+12 1.3269E+9 1.16541E+12 8.25178E+8
5646 5.91704E+13 1.87136E+10 3.31147E+12 1.32745E+9 3.31147E+12 1.32745E+9 3.31147E+12 1.32745E+9 1.16978E+12 8.26778E+8
5647 5.91747E+13 1.8715E+10 3.3171E+12 1.32863E+9 3.3171E+12 1.32863E+9 3.3171E+12 1.32863E+9 1.17072E+12 8.27138E+8
5648 5.91791E+13 1.87164E+10 3.3172E+12 1.32892E+9 3.3172E+12 1.32892E+9 3.3172E+12 1.32892E+9 1.16809E+12 8.26252E+8
5649 5.91831E+13 1.87177E+10 3.3158E+12 1.32871E+9 3.3158E+12 1.32871E+9 3.3158E+12 1.32871E+9 1.16881E+12 8.26529E+8
5650 5.91875E+13 1.87191E+10 3.31965E+12 1.32943E+9 3.31965E+12 1.32943E+9 3.31965E+12 1.32943E+9 1.16796E+12 8.26253E+8
5651 5.91913E+13 1.87202E+10 3.31432E+12 1.32839E+9 3.31432E+12 1.32839E+9 3.31432E+12 1.32839E+9 1.16928E+12 8.26765E+8
5652 5.91962E+13 1.87218E+10 3.31162E+12 1.32766E+9 3.31162E+12 1.32766E+9 3.31162E+12 1.32766E+9 1.16265E+12 8.24462E+8
5653 5.92E+13 1.8723E+10 3.32236E+12 1.33013E+9 3.32236E+12 1.33013E+9 3.32236E+12 1.33013E+9 1.17014E+12 8.27124E+8
5654 5.92046E+13 1.87244E+10 3.32426E+12 1.33057E+9 3.32426E+12 1.33057E+9 3.32426E+12 1.33057E+9 1.16979E+12 8.27041E+8
5655 5.92085E+13 1.87257E+10 3.31857E+12 1.32936E+9 3.31857E+12 1.32936E+9 3.31857E+12 1.32936E+9 1.16488E+12 8.25309E+8
5656 5.92128E+13 1.8727E+10 3.33128E+12 1.33208E+9 3.33128E+12 1.33208E+9 3.33128E+12 1.33208E+9 1.16987E+12 8.27142E+8
